2710972892181736097747620759819560632793263743054005445428655667072490154148
25767334322088074145291302459506923615455691628269701411577914739711202275490
10470168815415073897791084284341749828180792020449606861520561576641798170474
9837735752076228054157263695926607151734122493073976390424540275888502103225
16122566842006721416196995638949975687783559252557813181535497633658352721034
89912681395863939480858316106567336873849359151549756353581152277562092703377
26287029746626535086539544702523001544479080716290700400408545661972066176484
62672663466101091183048146882694493788154049412043978914343407619007598272660
66602230646339197552086575558364889395621251999210290519979278152909171519360
51024561006669393255197180717353634357247465166060505994866608970707456015023
68534278767226505425708874672220734954514569070416301164324572065439765706212
91959093654107534326851695847730495105912433728381751200779418962657705717256
66503058530028157313070482972054754805736254840002842465447643046373010259005
24269627293318190420270188605769509301417164885805126934753397180817088643909
13074958310092173501958599844551474487562575044611887821986892942140460178151
75198541377559374584288786921358403582594144335503584689134700511125102569345
48414831456697248126787031319187695792785131889280333485314179722140161848254
79349871378924161589906549225284021372040150025416141957808106661522563676918
90195019627516663260359765956217727803800659151450333973604928788417846962164
100035067782409215627792563195538474520114193148637084820218234824594656529533
54861462996370518453274148335186721853166630355080555902819126561392769419184
25247762891475508258114905848979833899479870650376021804543280585901763498519
