49039726577902606465219287469723028533305830539910912150743189171179655519921
67705270455422135201690267572618219825248864210372010151146886114613371540693
39146019790187978754876688636597561935853210488049960478578981355874105972524
87082242395348603507374163802282202563828653705086093732195167085714791757295
72442400776841624361717754859624224359757913059000378437649859884795998948423
21557085964332988888189782995947237432142513712211934236541431406801189867578
12610859410552852536318811512617168448486757727318713326267967053273681592111
85423687363460489393370837738680959860017016160955553302136104288723050882100
39049531612957669235071411354729935241500754195656203376020103281984544863019
113980294042242075424008248338673943742086926317822458305388233803777357887935
90281975687861721144226104294459182636839444204815702920625210672984481495345
87355591515521003620831690259415903885017975566323998847576397363469038201537
69485229995536743974085550820915541726313076121887861713041863132710986990529
48178216017216631605518610529179553321928471540756083238611058869259175824091
26867315358829576832212331883871868312362931486097087010330592662186501167557
83983529611736949379612961812008961931000457331261069602111310404123399280343
67499135472254090152023700723014514213547829884394027893818696517560092499538
111757992426043498532468159662172639436219807164975141283394095466383893514840
90290995317962682002621432631690187111910984639187941140821423800588103932306
107491058287908947848021386029680842933250761740086258576067523116484869253121
34599207204753018785995937145797108433908836830949163605577541993704181114005
74394061363833673270048633697114312151509715793120321774506894415143754644908
124008482027159103707851705746409282178553413511683116189212711003557370599
65406846371467290557900703554944486301561996845532995775117404592499509506808
57543394197743592874688422979530052131086681396283304339308771199455230337321
33909215418628199559854915274053152243746384356004452739175269698833193141023
21621573874028429585583749258230554352002492232345045026793358528376800011065
72372793693525965567819087488419139282778236258897086249652721855653546086308
18671168688737263306832576583038973510202587521313194417965568128654427986591
90505673541730391022822734230522626898644529158656517716526381993883826391603
75367249607929997547570890727552976943766853323250872976501221035099882417571
64720751510854315718332312468672260028449256535894488521763873136227707426106
73760037303958442162595276527673886570319074694056895020568826075873942122624
70814186885042896937961481418772841122979730648445725210951231984528835211889
97060128851068404292284792552323385293848695035870129900290545987018678197310
47326220618896857393548646260388839048546798326912788115706369002265190630638
30978831073194062988523635150144362201122476790314242179449983504838077792809
59618763444654932268424572698092841078830626118856948411495618627364798262961
29118037663238564228231527214771815914439266393181999150289558048849946349009
41519355809915584555499213179730500454230337589521754063358814315619301835523
17725975742758669372277914503853135025680856328513020908738812719657630294354
61791008080680626028044042514049199856151637422492987447339257504243957042856
98060954082294248918223954885223110145807494014581984657043190006926489755834
61823085189969238568583166148556349851282884919539154395363629121652425864139
79983505831798229079701592255663189680399199895500541793946807754566300940855
45581589524844927535137534446101718480893596318650037147136938082524908626630
51575791610242972663798357821378577845578119420308790003740623675213956022316
24302884278757517045770970742084539764447876850824610223241113381932162392999
25555185522408269093779459639837496890142367759368675862770891856077428108571
82484894307955490834696141060142422165877110388702267462633328528465919726642
35402852938543370458646568837926493931699491821999127627203431502399207356440
26288577633040050309104194526348440025985633597202140735010894292329231704451
102869251336197897767251061410476970912669196073092962190897334001153880220066
12016331826967667846957095215230660260444384421282305598653333050338720703679
91020677825547147736529899050440657550058281760644554275510379566414431716511
75323712694517027403245070403906560089029848964315719910961608895313590910365
3899459101834548061211404564440028810384273499507069193668991624688314837752
62767314251576321389024282015726072039247834607025836791493243247430450400306
15237247848530109472132783444356543820324937026627069365555215089372654924410
65379104254715462550814005504940726681680090142780730095241552967010701655209
65223839928174400356105621573792209749694981879418341630830071612003481614966
58348593121879812342385350367929425807113669929464607820412604050026067572695
99429461027526251701363126806101913663857297778070237429491178078782044000852
30047042200595665193155846148649884474948527302150656778897518037666323627305
5425662305914155917567981151876121102962092537385384309367947395608726183949
69026620115404373320657734293416900666731770879936764308482986948030644308518
59114227497699948572296904108977502280832909056774299113119791307954287101147
79371118632018635810809202891925633602024803673438359089268542568121382216944
87861716863626280724865079597200302604590708250786569049307335125226606325070
52429738477972995149649514827332694722196763175635653097510378240659030353332
83197565514916335570433536847023351133780526252101322601787728509796871219956
31365317786330353849047338288586723160338491897186406973806106753954295958874
102452168169611626330119411451113680974815770591408636250827109964422211350341
8181444010586797746454523738005734673465560738083467172210311468262973586802
85205119081100078536072177429104940990434828914457919730020356508375415995929
91427743869341404993628013983476516468831299189639426076522160496125623498057
114741310067448966212207598998930812665818613073206558338966900682994432780882
86521281760628530985849353360038574288122458441772133165469474748923616000913
29931654955031718636520839448277159392417099505354578947565996541331791894231
10688627208281473535394127408220675859772758435671565663642768140242358201819
51103991136261470601766214512882024563011176375064690194117402263347942023735
101715030828615767533856217357272038581488254015151430709630380549397778008306
1486635656133339245322086929573414113355311989547703871193060280626665319713
56590545089826503854737860260254882404468032221817750943707500139563693276292
54443729348524336966533138653557465850041717299680643560800434051820593010248
95509946135239883861659069667090172942158568873937492000836449169110786906061
78847914422840349564207077828023773488005068694464733842220224420070725094983
106854592189391377381111477788352548391443462618578309278685708200133656045973
4270309994506062061817540169086025707203378961236142285139415767181642558327
52877821374362467902736170302656230676127914824202550560105650361693294513834
100388560101039207583539999419905869417729343593125451715622655382430146981003
31151159613180705692730385691709915102953410044566183020381303531918241290052
60081025827987343421015124086711541810184046056653820061912533299388108582559
20869683311585899358866043290503547519051318106951579845260081903952931608298
53574529425222869330354293581012693033919826903741940533144108055123647765468
99868769828070856192278280189903829738516705808949760114837774407180932110392
42230274348227526758289849949320864855095488779084066135493797251482290536938
52071049696017468928424863094045226015799727649086027821634506523705162834397
92908830289541415385269298504910730588728582824468801286456306303242295209610
44888564023980686125979492527424022873861956569909443844973071594177488361148
5579931065370441231074125196640171838103670949974351986164830006862485618231
46043960943374157938594375963789931841580787910452185172619348175727364874740
1432299767730013300049144454996539671714297276240620183605597368295020258812
24288489985269207786171096158549955186304346932926170332266322933950493938687
61003857863730927551310053378275097016516702112877728230406480646648266437797
4158116699044678101644020383375868100599049536717924090366615215455654928025
60545315206560141768237411315950763510641687448028114036797228248430957755262
20989182981271263176316638902456640633744536785064253127288811574466717838927
115017321500519387720087368847847080646560220082990284246575645463892234294964
55246730654441892152825070780783207066056661459084333560700600254417067327271
71634240733427396236428589162799971785654053381330307552514902369087115004496
5148576242620302036655168914300148379430657609301809948927284507562254237673
31525029917134143593495936887770717243581666304060582402286031458851175458534
48941427334035635703207445612187258854439841955013976314848461456205570125217
14473715512571728134962764559684019745535414351434779387211862094529152858330
77479996251385655520293452084983684160161295136753892562171203147263163194148
