76090134150878740735177552900049130510309037444329820916528435185366982741127
24010371337908989599536535850253178051993021931507141566913202153589942605940
4268316259928226829561394021721675102131688130834682554144524219444481469166
20897703206933270590739875139676883911753867371790559807019368540082179528342
106352131109768384281086925333278760171493211714396231577029125595843309259773
72921975596770856406302084645740767039165933576179248712895509971366245278888
76146204422375635648735427350669130571241138256694886529641485448265002037337
54993049889650720894250872113047081663102091764637376133623876312104160196242
33587243325168032035586226525144837964214747566891719081314199559136483559554
59900497237016569882618389302899412014844213110654476605302525971308170214757
21719721638048708437244925585566296019215521026921865252500867043650466340940
87801320996912882009112131157215643531906728863998040241142292174457853944268
55151434258675815768501477499940225516721956869735628101418043032503107923531
57828803798768195675150713036611353049575623000432222810764160022753681390084
54304334736766683575296921516191738238660380212600476230821965587838919294675
108310269271343291245156564152370172391392719958395374125434804075241485577265
80552284087434952118699863590573840787008484973722644775668491985248810753356
84532156732696029004645571652575144867876544273073482161213657975294988929552
80775244854690316808420154997118028174604453524484122922977200815629173526112
36485152424785503963405855147639871370764762379720258754679249614559821092130
110010930567132283226002616981864702063851966798342922331413465056829637581528
62782514737855287342018266101974691573059744467618157940887729287011224267436
73459784617571963041623505826424876586030751523509327222002332022926489201860
16721119645260028277763223591907962436945506123717158430436597284321257862006
98832014517209625128857540665663293945090879768882816133821825393198636228600
85160914075123891144756063337080242506599847998328476344643509982669547578255
21691325051657105197215733922234453077178845770124931890185331144721969136312
101402806414688587384644462186635653089507569254070590595789726655642447956049
49260444299041924531926403357663765571906985478560741705493116374165307427467
91586920593950898740571667192228713103684784205547171752202618384419340707135
31107570417314067601876790554201231924885802519082223282316706200135071473671
64599093963274079062509328618719838082523228465550219654638978799958837273676
109319216778754702858531606901591837772672068448564990609024413116738092082776
40807858020221320013617735270244289418740688627702862510745691114030060392209
105303351185645043242414375209949543243762606654713608498979232170879056763512
103815332188675639655873886402958366706963390469995871467257964765319427403218
55101095196858438799892265389644428090004906830575621124637304690340342007676
107255336537347832048839030621943924693001691271586317151590364803388395819896
3295548941219689660905209137387548752051119750475228634522068672106599591638
2173812973365703761815361896879288488633713379889910824216837329081217237412
49754349430803468090449037053841927037778941818687564958218281287095302632102
87805536914378572825454850999626604201706487447391476827637703020886580162497
6643217464992281721899474039230392328665528477768670942345228909941470080790
63229929490962820100227820130558531551519896209314958754048835954628671669807
10866548549085769292289833807244724373676409830621028870107205321098289400513
88930924806382853486520080852031859891258331716282712324134187946842683883162
20000060745270772454790786489429464721414381724380113989666671467207462634946
12581190790014777805179185155053374700474460167411662260212891662876234669710
58600414313599261773066726837419177989510014685043621486119806068329078072586
4609580451222363262386952528246806199394085028245252518208928539221406800241
97682289338685422744170187207160655965523665734257194490137079476073965924053
93040185747532282084223486203163438705076595831433623497455910141873785556901
111902559990704133035316892908224159882063097140442508541471487970301786910415
17221906413301167214005815320613756523224524628321130188926225550649215883844
53909082190058921137573832103402380417660496403260755555940382511735531222000
