25584171651082145627500714601546075345163265001777787836140162522074871562932
64245529217192447919524092713414072437196840704649981064623564775059127443944
30985558276836854129888564743830327870807730064944073008561731608765818987563
30342473770427802214126269280000628688302488478577498982313284667032341065240
98956391005935073476807272574707465011981178690774315774264458619967548099274
22119606664221200209739413911865077711513234154726124948638746926365350785458
31386025188887143723516864366925293172467279092563446986012426946670651301122
24307487626316385607429095113004715415883706612012453331717675645452459489404
29314124926296445095797617944222787072170824943039237341157040026604744171720
34103680871107975874197779566480435721721113590393723507725751482218928195166
13555882858949740872034485184011666954535353405558263576878190625481553611024
65513899687078351583367723680455227568933879252603308925750162468386311675137
12678831998422438007274607898593253670601330765349733249130119712146519114310
46799377593788646902787461302198556153928890469903869425614863743649583131077
111795349364283366384104408187946314491936936326392418320418803348294914286103
16193773714734645126375231074388103890683699427174425171915296749595601229697
85574565215984382935914541400835637995567865486874519406179399403633536418825
49991285190295555903594266022058012690467998170259460157896174776169109611069
25482731878502603311703583471471922939985682316089232164214257779221413614919
54164685364720479677053225724140729023915634941953427420345371015493374572672
94081870696776574972495611249024247347817486521763655397458764858296869824330
12727571044487411952498745825517939980527127111902384700884220730549481750707
56907029488511074249888554252395051752732586366675368180115558130244751011991
17409053029425185117838161282180761766148423383754122650955529280979596753796
24912045950072548836003657251819704854244539409166673796876963783038170655831
114737760191491927273846031651694463626685452014163723206791775541610192422197
45078846795804563179523988542083136052865515675153449340581640358192744364843
88798309463352116918138165045107713141359087399384181861902464995449275391826
83276974398356895764937533097597783228062397820925446073567229844087278352958
112195319502933003645592034641958851684063098006197385539212792793002897869202
47119026740321762246583296281297324029482016574556694718938785341187567601228
74661014275976953733153912006654187309773683697767254339559756837076670018898
114248341930248144257718671209867200455112370167163702558860065658705560632965
1007364716726648131549762572114396075838049937665996932820604708035084404518
17579027837269824547336146042995674725354521317172354079441709163332074308233
61657331354484889948181548957312754624198272643826944689148830897633250814981
59547415782237549687922201879632824581520203733368209451142241873110517635216
93989434252896904292948611809564232709354296706490338381743969455589218452986
27761888443157281535508156360655966229080983579800057507641690837891741268724
48203081643380924809885277286687349094904118013000326176128878756039302824121
107473821808905662633655325589289612878029184970532970387392077366668673435012
17769319416614955221535895281659556535398955569996990052168497464849538627142
70883153173323694583372486438021074534967361029874423252270983005969888357767
23892312059123494011616647578768681972257471159082204538986836237591929636879
61395750395415769772613496177302199387729172129837043574748116067769890726528
37541100700086245696002697608730939419751370626149682589240092703103680028242
20784816822016857467244016475001632252403958856513730290664582380552739132748
36543616801321910654879955318967321841044468631238569111451453315532934710303
80136874026949404950949085547209928340574388311608426402882478744039410457419
5915602581937609841743453455565392254339381170344126848851456696796057712662
7449076510569348446352948099605125877675494762784538298575692461550329104859
56141805919064788264713106212013429041660370702671605326952767782299978798449
65215197723629850727757818910399818446924149761523813008728597636227449113281
54580191564068080332047030261581429567597056443672733516628570364515725048479
93509239334832903964376676485268894437726810835448797107502699009413055203930
96229658686111738974535022105075434462895369488829901112141753975632798346761
26887849859245247785110552481261053856505076421386428494829101359441307231772
20607846895325841784492847169448025905858749205630839393162451312890165792109
64226673235876663955763847914128941656864355268351617267922276489591348018428
61680585462284336068176488910260806031740594782533819968401033207495238560489
23674187306708967381798724587967795035667305225990108218874560829117936441961
112989657041605682888034737555158442630740070946480853291419391456784706194507
96926101253914035911087333842441835938965295858957649128719602413110423746599
81366432125432454154209807418680096703408643894291365373949170668429784236545
55118560517002844066945634366710120485188315984713546506714179320065037420253
37899434445577826791731860212704037691494787445348183782510461437579782623502
53557047158015218203428021621953542584442034385873384251948101727134362936158
50492490753581017361788411027721917964365247498976852830599886678553200185218
17420457507322175997982561813635735635714889600180009352311606498651015648494
96462766646927191950322248997720945350283795105534106558973828375240282160219
105852533390108043345750370597767694904404665836719559795982524545370526390468
66352670250312030133148265737392732115692599296651925554082892171879876075771
115772444061835756878845507128544472896676558630139741507248402515721246962881
82720665505747923366754216654071357938987680935428196839873603078186589606056
26342613472239624621425379867373742286700815036710861048097054048151432364230
92881251123910052191494890856222312457560641773744700000265034163012804368066
76547002359680683121992736077451463974193666157072160024933328928696549908463
3343839852269263004561118355575776348527299916691868621147145009027066637876
16316149871239452013701174955682199793544940692953104542512668741258353560047
47159256405699051256048567337203753092632457344130752646374529518197351957500
13551581458800322055336132032738844637540632069531074326077654335555235105837
90165304983505383521955817568073623356053583693004199568510711002426746823688
74858057921472336320443448879146182594327149357500751209433665284198855812499
3714915218460560164834215655976324286753325695977256765175455036338721498275
86121037144051525253224189886615307872902167001469693045150123644721052762732
39891882638142308693369314685414648496469485277590246746502293418126275884961
11375386089528563418947386950915934572693946435646917674005521383343361330047
114194431941532924526513896121238356803241771173753720478671811075607748349578
89384985617499372325826066510705431880188930824892975061370495404051732062654
75376468690054777274032091242681907411136584639480044150227347564451764761508
72648116771082925564087248836046289199249414922231745812678726272242696449850
11261783373796408643860473712176487505011977557534073675790798642586726414449
25345469707978109479398570719874044340932389835388335974032672667579085627445
682373368985913024075223261517157671675454924347203643649150594491004518232
86685172818590950750137634790249775982783424341800348101853895764273715326452
18097796048946141705549963308149475180992775560500914323572313636694251359136
37155027583780488234806215894769341262465310516676303573426787936576298960487
25226961909449387407395934762275020299781433208737625016061684877515849322007
28724578822730163200920680167864008278917902778969754145410911218906811715510
4782210233687640355363611416499795732571700717681881571293783157352796341051
17205324805117715740382777161644052423912914784416111774686471840283580645906
22629451232952484329134323186508430735460408611353938957535933120368064503957
4265441981351355564733160737452034343144625435658967757198576851469875317470
76725595420477471270281945887573657375272337585237193562219063428167602497043
2528933101032497929489036497732946021288158076866943215375490245185972076339
94790029673064392378568283351743143056099142585066434806319615291936788377358
94671596004419714611907670491201041615855922137889228046294859311707529430769
109978243862327059759368175110370928242708134515801889028908748942173226243813
7567218511827513880494602512531609560920349333657391170869539378961104035719
105224243240238243959498011126461942371723807190146353782833026937829153984121
44333170407810527488793551279492001352895048153039913249928363317855497844159
94947069616318282044798127912011418072567938902054534100481920680126568077760
109609246260211651824911826887760341600516580219873669528686781057477365158667
113036779052413463926039400794110985709603692730156716530801688365839023633852
86851332046007517501871421063855982076195036856265455311972743430617464471552
46149965354958884326463213815544279623037947827247681801396819008077385004095
47740390420781479620932739346216326694100878423461702369147992915742871641671
13703242679845135544733256527833994553322929845615260670030313855796063228337
22967194095859832512282544783252250618550055124133330198962842207811477075406
74818213496784010334644724263493280229329446640807353016195048973405221607294
22456903329027436714545436709405566815712790738088004896862414008079965794605
5439756598402025488695511257382990529198245985555061620005942115939391299023
54132458051244810801818467043543821972425778240981757835508966811013426538366
32085463731118701923398471640503935470927450331196429480889920692933632841294
18162626277437774943697112542555398981181529334950932982990142935355853465763
752024176015129865705920248164810998091297720591149772972696737260210189189
19945952866576437497807637012274921874171593442105808987259077158205563003473
59723962075907143275853592537166218500445990591657233554954471373960343189242
86810216159312007753178724732741243201675845788191963317518454415421254029412
1438062125192603190722152802882994623285073328660471670957188426249475979470
5041532698128360377402720920497382022685493635631762599844899914189946944774
86297080600492459054030260557420997684170118439605818770730558996653186085075
102189663784610987526889553774441538902968592396105564823293712004197964805568
57532074438557592302841593428467960605302305154694016495968495846931280133059
112786516732947387298018074232787009854031092658762653921352053097938592554557
109514279094136010158064348546267425584606470807201076579748278808142246319723
112471372772345875082243115252021334670913628459140062105033819246207298366395
112227383478492932741101701705175627986572456602482031878072822129712260638486
87164884923662777563013071370743957246084019043344567932694183717265365172608
42720805628637066217573398723871176988660973787144265491963657071487757688001
12996668052276211516712173139875546114490078954179059386509928747630216703542
14350843399389726073291931290210797035246927222785587960300727709091516272584
93761632547155419193586472170874563355660178328394819698964363358615668297922
100328189645541842008513572919985700205568103160265640449895886610672972134106
34279216455160415238430408698567720356118676310288711278683888131659624302004
41603211500391325769518539493909609366808138737348054846978398727330352118571
22678845355624731565744142176922112563866487623473765714901190866917330280837
76729032784662115334485169202034332371165940896439417295814320664664763144160
