18242822314133797862305740517200642690011670897597595921108567005647843762682
72917451767834569805744752866443246331971829682862607129751907563758926287578
44919250204214200680194574801918607858522310293013742065931122340752409101177
72380341493478569665743580131474003874752417686132703356465714264196666180043
47495691642890325492684469986005700038595212857155570910105676869462852864483
57271693251076487170764312414381900171092933395394591563257287635033578153971
83531740138526253814029449618671832506038773884525756629674760384245610539487
33222178931156962061408729190544750745075555251941562830660787291218519296401
41366885219167763314150548955827596007923267734448017251391001417626595249733
91305425484749798217448739219712378911966771572909287717649368462413110675879
53266829509891901630085620608637731504616688651805259415387679452793678258817
37326170568919835016272823261297136961294952873449671655809081726464383569226
70856766539591331690357979509655228599843187839117664807063022744698874570709
61869570050563643318062389868260361063212561876268090916860639200736685169905
62279883190457117052590104455884937507179049792981712767364220287477116064736
108492058334752179043483922129141835739975135845853173301553917428121907499204
90463059674352233684614581743889825277063929978178782100880437133890139327105
62308455134072771450126883729845332287266685073621805089977092130723474043340
4275804893002772871421614917806563233410102116755520275158937946326862660354
49667828675114451420101110664498377278081739558541837291541539410311070087861
33852883251459445214041159884542797327272611592856215889880012187973071647651
73095725821652333740407915553981689883219401620222459533746134660885287275579
60196002520826678741143627151886202045467085277778367250617832991480822019321
70467818260552885494156184299517079608937019818502551018406757036217617224398
44169140356496133716051066743095730030886210523991691658253472732038500131376
112104476152315702763464547405486466396380945370923482101502843514657682581895
81788848852683654745700575138432652516114172206672819630560355504618652087836
12344313278715061140778867026912332966871144728590477390522777611339741487632
81868419938436260946240762096464130926129943779329231969064056071161299378844
20640325339155169995266313613841148929054272215518332883257141751442179759823
4101891909076182614631600433801032458450170705106467608796911916310322324338
26509168040322184298651992185415198113321018603314653344437802470056323315182
79883641245173041609379852715317998124554534920289717542174572549138359203994
63349495202558323017626159932863999090860319864500329586701773513556590322167
53780329069172096805694886772150602430654216395930427234664163216793946922278
111247911204744410616946069820365550716232351930827274107893419929602451253924
8235265038235611194652946474116387956244508089759610645423848165724974347909
103526723319344106102865840613826054433325316260020542326686345451063534726154
97224772539052599824000130664001340336001225239963179583780122289685365332886
33041004326855400803442458426187486384621674522757478690674410101340503503533
35413997759006040019716113175873657598181439181830510313959365381059739408762
14571798116155682017344542747868029826712074199586691321489914589225615830436
80539689826097373487281265820801864394735654574431472989231401912113800272430
58773026039581757496584771536921751201208756078122892565137576477779289503500
34810071315977106192703238611511291905422075740294763899468761313857305940067
83348541106649850199077565395699767235782393276036251838271648593677316506889
54008028309932109570207272285997594345239815194963187671293675303592889934170
56160962064807473689202008033746801683510154157584470818372816347142735976679
52530719755406658431515060631241540302122773747951764619332615619074062942297
37709325550812587813490122630974232020744756320614308754431089777905452634770
23856482025051712416581233053601367221832490649881718147747488654051809826510
92842138606627924723715051794139086717740961898918161931680746816362570323462
39163947015215187355498308326179891891256054241530869950728215458347825500708
58584165685330374308352350966761365593309890925908943104129310666323063335011
99665664344189657555233437789605483671355534276816287177073544103757068215302
43604574966033280308581848521028408558280638936837934302618736639238620398814
91948425783902877901545138730784397562809819353056684693482919236090657599267
107298134522982621326778428623845305725558148627935901511002365111969107411606
96040757732569742592625786323756530634871368072962454090587625250115822003684
66370159048975087153138121129263383816855585702378531793482462622675340054487
33393442901438953064602719404340557396281809523645661226318774308001545444894
77899258840411179468390335113881252207218373854944348494094016305980944422965
40375363271185705680447069075664359258805838951814782207999236303989900414040
2567680632885208703933890522327409668570896916418276714554220651075642392743
99340771386522486261249714716353340825170585891486687741971153720616371659624
91348343431394825524223890692279848607581857065225039641801248177466086905985
115297790298825653513221465143649174254960547196553244852910802913780783900267
108429929292444608868919878495439188111345437999092992480980176696448533286814
40675369316582577247986484008485434615928490994677532969796642043595431989657
64303497621727527738582206848627772618766774699262651570866139016567326606001
36576899082266047649633958586388551691737031625908224102724453881144447400604
96442878607315070393387813631522215102057269665022208424099073032572289931346
105283119184163031820260516678276380689031645302837101389256007916466995656884
113527974001916197712864547418733742916216212459934961433005659684554934219774
64341881338082287588312984821215176986368835150522115776683275259758610955112
60046168285678083455807875066985459757812307129375958773146389744478674055070
108594853385469700767105548369987619986456619020550277129281223618575768537687
32946051541799485940690385389436861165935525310410499261019378470836726310646
3775522598774736503898379263731764535857855081026578076987027309252247665415
22993098781080457615834542316569563789680695503803743744468512353755968011323
71571225254314921156642841311772709376699059369573038367344083460905052175277
66265164316430086991623411046114528894946219175287795714612918405304514076862
56628270385827800119594938121371281571865490716167304857773453529624685325402
10850283266692896395287163240406829930378241529173149443609111602681692745230
86150622626755065216868511206771357793055648611158956143606806744923682721828
94586637104643505904128499263500632775264467443893298816655105405619738050087
47712336510513999988856772127116287304394430712917194777069643979950631309447
72120411540210797522570717789230427982306124787325873590958741691338907286971
58921209454691173909477538297872178147403499603806763688305449072174374770144
101252517629581741251759048499763247741647249447265448560612076786745212145533
31072126766160126933113423204511558108372042965329036584118407812135290153632
75900371794807323666673913151474750430371177476212250341892082283927402410281
109350238677045034303587385285092477572899932601267457869621389747545571588006
111905877349690112331501521515149546549979760670682642370783041111679268736268
109258390662015479782158785801561818712050010847342456174314021487690394080255
16402384766057739748686299507552219831816005685907860687579324512081620979255
35900375426025381790230726678722968196997369295330198307200194579730670782565
50954318784681642857605811266532281879493731366520756921473936685208998679716
9115726712580982403418860011426635023305037257289115102661382007310649439451
2018718201751321922331130821014465670159260463560923011418755453385257044582
112142489900562381913540854218797449609072567167415162151429565992128754268211
76855400732333500546966968231754855543431491399933393553002877704877548746206
27565440465843077455241332797952521099854238878698366363027792378052834093223
105308810411552822389541432584348193044790600679058847870253247599451746694775
110328398845108133715655074715005207798121082226056656706113620745919884061958
53894117378386052112179033079210114231325542010011678139727775113696037453581
16282420381772360091788084258296292958160656594361317197649569490825938291627
34891262788585483584592359891111261417732902765124046092840711158624370967996
38573595102714931700523288925169485904647326449105832663716938494920544392924
35129996738862374607536129947789976161604772770937848675340897731090540245101
41927337718965289721202350937682308395341380291271929730524469620333233375472
112106383661425767497347671262731240899407817983494426361747584719520154926346
100529216403413369201596013339155317684657757219061612272178360578388203613826
92227838867034643361541584719805503616689679508402462954725636302480302966188
35426919129883796699330489266665382990671183458229831146740929511750330250169
14254027355854436662453120709810243327747647470347119692250232301644830019667
104884724491284963863116090139804173689872197083998620368517315678665113512854
53118606993645774253749903289139753230635617598051120848737907495260503767944
13639093345379348725855805370151893105592449512106327220894114696418387614798
86149969958673704314466888977707803946003173848524204379376544302372565705760
44926931561866312319088649854787629822274586400411870449832036559765902099212
101660850010115579201436756603090054735410562522997291981592952441572276993445
21384865083553005593499597713741216675071936976361062379729090219565180752043
49282467758692745044193732559599588258848427579719887949285155027072799630616
76056979142531410735908453366931617038694375813945023949679130444739279171784
14676900835879957007633883821054969826790766486392153320285440625476705974979
73623746402820311631181735121785730229582223369021358325067447166104282408996
95164927117514170341203749389696967921558888470859862758223535106999191039650
67811725634312458018901174745348096145000077304716427094723044515993072709837
36738292343236855948074531655774629632998193682172579626745952956497263408838
216492851399912931426948780928851957772960307840840601371988682977436115667
84003120239379987644378589871857009949982182459696695720941144872965207352941
81980855895642931545816663125030844336467614949449303329595672282306548940903
42755997498886349512675727267847462064934484064158501212349115907251130718128
5511497842385417507559798164639735780271275789820446916124081176826641326132
10823958306541255995268536440142161477926054889209778720796435228363377836202
34261021011198340915404172749157768320633377270818331451222700832415787804018
