88286658874958842511405789083217225723278195897760856750630514740842988022587
21002907491789395435052000899616522002068402909010258269121891538434023135538
99417212956608680214885054409866391454914295858987332127386429986805319931995
2313402192549933076262207087518598136408539788637087425172497629481445754207
105048044225093356022284129808637629930310583635420260046635406335902419279814
59547344438511216648886744033303255702063662257239045005694894871446780551028
21047984324174131297766005162314170891260037598418577611066679433615177974445
43826663786966558333023150504298418936727229530094333569589811093738787947494
91102315032539049787736196674553846912074992253746972124720966151846782876232
72174282773256842305491326184789965366918016795639489914845215192588685176660
104258052183945880067111874428457481230695621050416696772570312665934323274572
249258468651790643671873367959119467507488648622261923438154079742389334842
3050331128484205234817443593142177859535671714461000182154805350748752934444
69797234683759046879062510498025768855020740211134194885712230386805582017227
56390275068526724027912687063832684770813632528893406373826534611900610356655
19946449445760143116064170717667594768021410326502876215090690692643303350180
99356144389611368401812896786027915986537461913401698307811766476502991883385
27775085863952068753390200510608395038072132075087023823271249686495494448862
38152655152505818814608248190075727016452352681518571841081984425179387555793
34917176117017636740198524928171040977700214450427290723506876690697754176626
74163797820894613390590133940277781306708652106185372304765842721671559654243
80258223452522648624017088587073266261342272204911491603369583543607147533982
10042315762103781737521743623663293324276102623316428951980869558168108827399
16188395173529883435728760600565694937812267316121695335184769104685155164889
22550210804684802999198544469091404872841529970337020024640036366183772528045
94848606733054060804700750196020740451863334578741029563082552070875312955416
55468152814750691187253506629811492155626894248534354979705924503406847536674
106936292364076987719530901883947641290925828062865676981007692926909450310188
111706467618308898349704038946606742024880044740288752536047220275890602328417
60564265861655849679075219027061204298012585552284599822992984103916398484055
59228846000527263368008831764193702667684823536063131255918568626333158965148
59424834510018888167279124951042152241722195681430163587266850367179200921743
39000765901511600467966104291631550147894222908871338740050143127758445495134
107370748502949646694434213210203171980556424781178124078877456935622619545474
101902788455385059464676385236833549420247607991122274176570803081714993462890
39654887704030904782561264062731701274389542827972438496417899966209272931871
4017855663292035742993644460579494758019600153337773204990961449941927111426
94551935787109328459260127364499813971384572715644808236111414321243589513229
18096899685609348771092540134473123376785546925810089653574051134204743442604
107111783408242389980801142799332033223506637040972965325655263457688741178646
35558105314959014470504639811334104195584379409144925402229265576404036074948
91835529684308025580379522142038298137134526217573218803126121192317348518976
96136238978982503611237523382369942685609515057869891187297628795400222019867
81664552385177085314272220269259874357072482198735304056016934887624834011965
29624078100018343465332259924160864934298181135292334203953558943790068414223
40173148811466288173920137800298218365011919813723373598774173788108385719278
48432146725698353920769466590291197069662505619823775892002511243282012126075
90861307567422914297534147901695947353723440187463197310380631330743645735646
109004560419283637790313855885170652020346703696752438784486609070206660398795
67491414940326427495292146871450433380647047388453261252507998729757011765413
101472175094692960909898364729949811235271565588958934168543462254355507935699
7432317414735668212514777574737562506916539368821953473406176115433654007692
34481414693198650119310870984273355330059119011252823327117025909662395348847
46915120419686265958748322329508865225396806861932189182619832389736475231149
103208321425414376984567802252527830184329910532819652836679006366288788959267
63153686138799245364294437208535414394697966238421980795342741779386154697968
57705442443137080967992255253415585631662807814906893521693239705347139137017
48389130342162950093338096765866961604011774907814255010746624504851742468638
89775516560810824722620197625641948382772415525084880036311864053552812734553
104181356653583566480046882273157581576884237561220330458076735366864678936058
38531935456857685925992023652090096151652208208045742040044768423965295423414
102829667799528568897184638169103452558835672665675566687059326399331179385723
92036235374574637071931593243896876971751350609116352502740167316464465949734
68196906042853093272967324804445770458601739784064916943843005310046512671913
87664827075212538145803168816028953841154177424242386154344283832214130745072
34804180064658320830886293779733351606454650259380091849074025794508125729557
60673947369916111111556134812906609284121183951348815425004781761693823100137
105041524634434632935644682204124293923948112876436524449887427253166896026237
100271599009430938035756267066544192700903833943262535631804813770973889947780
81583448011222300831233721990564482547866612316390111554703374643464589045891
90493271928231548269239462505214719980553791504940334435061790711033825457729
43038265347876531958948414538533056518074035940589021335553643436248835911176
43927470726923689450437940828762546481440426078480362323145736086623741472020
11060705676638465536948118272924788661861306004960449201383573725502550968115
36525163050651745288976848787177856602464074764386092196725712062823816718873
15779713176220711859846159408461449737474486076089841361809574452138764550405
39308386189770082112774101734581466309773526817780424237989632896912562014130
4398735305012412518247859974850761234870707936322906400564688959657911947646
67336143118208546393120470969095742285486302961114039930626401675203456224121
103963816437506200170709418134707597125515758116180784540017187934088498955586
47606848077152586808952321727246199564109822012859472564360986571339531335126
66557305534955098033953904417138761655809726643115878774728418765188762542510
54683925881250132909260864351390061273796691864404728826936100335289625416990
92984681141367485688411876462983759814719502084013742179938258708047498223775
35062005124009716492816791616967450931963097078213843345086547113644953542815
95630372683476832710648164424429661914160363846785026107670754205563802981454
87732488251258254137632237274954019469039752809766777800786533664532497315237
21866098485346317739596238782628816380232731273674992366495852244800629056403
35939831189895125787649190289100550897268265362108468480597884725702573989532
85058050582686500014339606836749218544998961850104932098891122416341493000986
13433610258569218996863151613370089272786062030549154241814873093105621151114
109373345178364782332103849160079554537804566990970564446458417907894893427506
72111713511886172697508659515834617674182085479597209147375443072103400197772
109223229319459919570585063341373766186338835801372540214709390358138836169081
101941689250937312085760793824837775535979585107507060509790393897168894147936
52337984993606467330870625636987626415314444938001238452694446253512444907038
48508861211364169289875636143503873424922727139470019965985622608225213549750
17053867026899530434393251188880409103703600193104663042211365728568978311950
65099304454809348754705853041847152488495035799683762246703263444933055132431
95858602023743818871778425274227989483849640749056265728278215715939833973260
93035583381885634020732932401488703753610941834112264942075756319543834678331
45034870278913058613331662433839435851634647738464098330958895500073092624936
16782860706119837786781085200835272170212375550236299735814138315463708196079
48766019783445022456573965880678094074876530644844568970235349391425113709280
50682752570209812342928469873457749722247557656230058966825988330416337275300
6606074656129386624201940165268742385590317069003735742696838343316183390287
89142339892690070013804739948877147199024960557203509713984026969951928151556
33391887950308383805935321724082154695480477947491310118953247427399070061046
