6119335221184473335362312523752980252670987142223667734436128518042633510724
86081866658639699865993307126183536888875767080524133434212517348369979534514
112556972972034411139308582806552096584165110259895799204570037041575763086371
113417666918076191914234617433324265919430988914212337596596904202097444384770
13776578772473460159459495970608814078171962976377678765316315589712849053467
37605890688070387437250050164700800383334464975848231846434533468970912923840
19953101789632397623610340971260695010304635710559091817056932606272567326794
41060751716370092651898804224524212384616570768073838901464102428873562415740
91872740377069488113371754950834680952137202498282213664628278355717977049404
47192314988908908936635024929898854799334156806977554681884849338212270974690
65559858620011288732784850078803053157342612749996981332291416519348687347302
23595899630032729241173057726529996705694243238643681458017399562099544928476
20944957612156571722383807455752642854951654383302586268050378643271039947563
114238367153920288161733150548911108714243947699333789392758763568542271351064
77858145817441364181805760045887039679209240559099834924655217660887161367340
16449149620568350106239095111847547992181349809047777139729973465119421392252
100776973644087966486203681606377555153086505807605390587954003557844126809610
72795342574929739103810748460006227558432888654439954317564002081311685227768
41317718835097266067331506860477255738960522969440028783693490988710589388398
4786660167285606916599447629555658102898103364047182984139126158782411308711
71026381656738535298122351220770521780600337201101159371491382889124791744271
12169059364355060660817869407179585576927764679335334308119068331479830354649
63891024174745134142178909393791698767198853945055238776723655956594534645354
80430939954207061478226582645494086681671068755725157925488089089152706869695
74807926781913463123147880133562042752459583605475551432837029925257364592035
20184037370945033858308580252319746635881760062384486065368016260329352453091
6346831070612224274539728090988113131719475944940739366092444292886477941597
24073232688906905660789182298442992788971188653360050170324735432233152685840
48857585543094926927689181349363650672347310581939387532284458305451849313574
107504951461201555807524060734367868252920942774931706812084487188978799173398
115544127612329364372786526997542021895108133723839495329895873220699594755510
102322994566804904722882031545204394990884004977879426629569149250574187505111
24142180409680017106654327086833148024209962507070715681274043766297445913445
13321948979323748674784924184747607579043796621051512377972650696677811765957
85541168024108105302070138396027106805855856368929984762814317964396713669732
35834314727400821813327888248857376140559268892806372846694280412214459652970
42507543819475336116984451097362982768870773107506277853817216974878910330900
36719701929953832202617620153571209259193058387706507952508268894026816964486
48486827224141558478942979342194841127124566726030681761778335996133854921463
62098303587399457698446982614515099033956999367461984263971409764857144118323
5882915961905979049726016468353610301213456009044612235616330155607007768057
78985164337478894801101895097156427351730886171366420449847177758868848028979
50882277125665927322544528125551958483263371996073901600823871822748863637573
89366344918185702311112658175314313542755230265849297499881451814074186793410
31730529473695805231172676614381093826907171673772945771776783429110920433683
25562553524845028568578693905182312518002170483214528810557425000397837327630
105255080745481886490627517077298477560426517004021421301066494662596011916421
65709498467923468658439849298934618722715535596702915009001867512272639022139
107118996337050185943723078935671027288630599002410001453086436017489684253088
39261125089095391254898324065372698477363815638099354307399719343649389281789
43329782754796856096752214015320174803160831112999523141123111276559334046138
35397987698719664396556951232497799893785381378473870431057468051616670415708
46288309924555819727528668625511585444008299244822463310735772846567403763829
9295809484587164093903815658119880794635742534511249886123603864126731560890
21953069390022596727075979772297355383347507676986506205228735896617710895020
86189993993152812115352691096564749418037381003763212785710095834344333397700
98085216753861941214315630916854875696075490772456695162672502030383362708068
30935612992342889884132384956761432054377291266867824475920956634553249402653
21888794490672219095585209004476472414537937068014216107380776727055840673606
107428398981688325521191621102596247425728292176178676648256328229313607891188
69519762991913113446600009590522301017614856475069704735449293221939264757687
92550121682102410714388436134398298996044590184273079292598274920196888037212
14456434023841914379952057759797800137890200183501333534954908696463190918864
12271232843077667683466999307419161410375010823298218243320949191303342101964
90364043453531351691086201968410545014087212771745215513020201441115351584926
100980299064038590983995365501526510321835158080113587557497961088907534201946
73396538709156468137564447081386911956429265832066003890875495704929332518281
38006120329128160748179374198198944582948118173276245331073400922771983354816
28704680286095846675383644075746115837730591452703512537590529849006655605189
69561024008918120765606788136073991566941928668228863998932103277280364999322
93533785607933154284859788038020211505089607929122161338120743926708423955046
11361222535224056310241291282016209500458237964026586318311798082054612669222
40091580453560583576849873381518635082949533394148078031318542087351230723638
72669692737328117458206931874099003153900814397270962276064632355327346218552
51283068619038114530793704192043936770830235272796852880463006797509716735125
50245143431657758440606637695675952424071862587618142791047345626611446731034
60179364027199627562095332434607352544302174073587037682357786875556052983876
2171481224074499763826844879537781000688761824642811582887104802048374523435
22127172769612484535786099440011929416260835719700179812415954919083546096485
24463706701105145317323343524623668155107786819384206628352078781192406293329
16943374248988151340382516071596412053927638792993233839467497940848979009856
68250812482639314476280715754489023819136144555395527385425569428194755745891
47341326570528118406768418825336711238759471158935192591320222215698128033023
35428086530845058814309947289830873937587495706366812380200910822191188242959
11613102416782780417200904324221923266601993617458125389630119049973199634200
83733495245275066353148514059404860490013560301922156616788499924781774072909
105118321629423810748096780022274241305958141008527678451455167470728927082944
60945110517175967606067048401790466855434223732812466358889007827224013199280
36007484887228388216818190933538771638441555831230754930804745159947481306502
58391741004198542815859540028843496158260240686762538332267960001725129515005
91503239705701046838372914629638633001247550125174889411989955485680808907823
13724164224312261852388692824895102778737352916175170404310243338993768762673
10790590456229977071590233215738105021291645286014079195193336990301156510029
99944562905422332381266979628031734695803608285264648417619951669992325216823
110534420912291820722429951037542017415238574846768699029800640982246384116307
107763953327380295755463438471066683877230359168426668312923751702685342129911
45369468947477247390738442755730972129702939281718860093964853750536127738311
67259265947706226910463968957449499791991817617929017618439045115316928567161
48621085293214738197739650268223778109333634914585645403232378846399134762301
80176991025490082410562841160169445358414674935300941804636145872607384961417
52828174633403096642242993880492208609186481006654746620789671484509451975100
75804321290776891554367787850859823380228310917671491231196012433670076869869
57539925900010593088144658079474812833873152133308668525721568257120399037053
40878831732714711654272105977053062466527442187427197603319909696810586222358
22845747361832451460352677525373950818427585591227982105987540998213179178439
83710076795964507335798183640930380838713155440790959237458759117303840443503
75632881004294651517949076424175276846221956811413225978079363351821611422568
766288853705822480800707828826940866771056085588099246470450599343966337236
9710529686129716993138885462318624614606786225934672731971423760564694145580
39596639960190318774936091977988627741752659813420869847808732071982416711006
40994168472842537474263743111896888558282435551851204431576901333652521144102
33054490190885027345683356612944232926515441402232410755649953049548747177738
48373074853575840455627000825595006002996200629324540081375546090234774056356
50334895317455891250242744422711585428939837839107143293014100826871637303487
10903512651841569186809643978229916698585090160583648560735373156478108723777
21144515920575689007756376158582567569032940847050818050251018202826355084289
92545425802243668324458110197826259431370646686843114020714617221536535901078
79465395597460979031988966863563338483650976766274361553825371948373379648255
87961361406697642117031456992376406294800546761162369526968394635916156803711
27159365480191990661401466256135577835844888444140107857756588047118618298925
19141169143206254620685481720751515770337648683770420345504532173651384762011
28569539210203219679717691665944427731361391621489278405160954022710429108994
91153971399993533126393350281457147893923801692953255183173604823927096388479
106875464632161536676050991097839684831823133886036892384137187419612426745767
19661604894839835553061374320878732683419026536686119372873257043813161518724
31518277279748037953546420760690935375726359944122421485619923836729205670351
79681232185065968575330822983418455390933449429450540386132571668034860851864
82802161442455032451539836080582318484987642999069905733875326899594746182473
58225520329294925228506612462388677609304202907479943125939757904814237542953
9041292539778257545658937650972966573850958158622004226097618088186815465464
77369635714326902556524590356761895590982100503920953566846991976230013713961
70434402264362597310300012739719233263477947583330535481266785655545335704899
1475114004252873621095022049486713020714870570528719531272598935721658557830
50420069765354695920163569432609915661336922533034382640284571477545332364672
103822101228887020388535494625790621891176016383170301388444506015635686202506
3601175007099575914878663174240318756274855524384180250090801966157920495348
23720144334895551044186182643330833240710799565689058388644236134274639310973
74478780270146330713062916926274095543270988205126908904642329954054006214110
98970360609260111236714208874749253813427903245128046197529905672985081319012
56934950637752888685312061776814162982680523169641704445995327869550595937091
27738447789121623612065020472614799756020067552061290009309409606839835431988
23890138558747629705813805327936318766334010553551990669647328222483759863516
14003560229701258908485598760325352602601570948353172680374912594614632340831
30505150359952802495096520647632215380805728548762272165911006829630167543422
36396167051075858199951101553480586141556749099604011549237234711422651979993
38227093088747181852343550660138334179423908446403464493700073210323390305738
50731788267817915101819170868387233681623320718069536154092056621869093024463
43257873291654094352960250524409008394607574971803093862723107010855674760408
77886014309961233495485763424942414679158422430970399110792137606636715848262
11142668656293304895919938238898834762187152813311328226548752776346643772679
45478789094592999515388315732681323944950894659414571881348883598814584173274
96355024436048292516188176445214329217828145345620137015453832139320783649325
105627554980899634055101253941805135080295859663142063773601399693850231913230
103692683318820591568979389708390981716661165179622089815652862517085257285854
21091703668372016359601085682565678693164815361657373773395239237419672344244
30555207252306486895871669291056117011394763750865194940925314196335076754845
30773907209842166020432302447189049707098809533257661951509319241368548279563
38077333169283330524039888494248347662617352348387228368246063084559558379070
89883679037458979051840797818299446958347024180002734667098123774635329922507
7011139853631796764967442480252714937753676495492598644272081270261848303823
95830557174509450093581973377233801447230035017412218865380880441523049588522
3931800446186420617335583635108056616966587223188139062833466844575892134456
115701088781262171246616636787329910563775418416615622119226422239711678716537
47411530736872052379700735129675450392945276472789413807668297984940233580360
33775362284036036169962107106608566519437155667831309068116179024356944803933
44580145538108876197907139962274641467499068283515621179854978013740161034802
76135402325985773562792784200353681058176227686164726009384935136211770693334
106762670024492274731006390258286503081869101167325198829866834791946801272972
18364462138172068047902611532794358115802106704713533900547972068387105507953
58324023757024688117613022452355045776215798399848695383099585876567479520294
68025237298329919920834369894039360482560580488962875974649651646237298253919
45540498230246706248052009980766056147740297088208878155161485056675956581327
