63923886205214805136018575006076889889323992821302752138847156674679418784853
82088139992804047076228318702125349276641394249261246657530597938896711751313
103687288661150017398963961170249989422093424128770638974524447443577865672040
27544600720704642426593189360225472894977478575984242928938965550718093513320
39599428839271242643615069114890621279031607633796349574772246429720566513693
11398085813526695377161877904568558459291841523767704729191808313073844502692
57130146376232590566430016983139476939452313768509300453968828284317985627357
104300679746665422828211971051272560011528631306692294193747817264460886616925
86776538658418467500687382840603675396949473021341976988320540770352818509250
31986049100232699071195781173254375329417174518781939347581534807026642753740
38905206188062900095295124867065660804546097262803700079676500291582653498105
80859939058669861316616240579247301139200830711448464409668148379622466496595
35151624158296876537775698914324712901249330572079426547083603894261562789392
10637429526349493425016821285581945275626978443562727898375703784328219072443
30210861214816380245342362615258329684627135696011465831385443201719293906250
16268627386910569753964339000787832014808388492281576263291707890568201629904
24796481180921431909667260483774417405530252199212807102451262043934656947301
32069939320384821556814168959557253618811207530206073863475190262768292375878
49773656140666433361987747636492295318002760742989213590953082124690558442081
28166500700628958019100104224284898787766345708134475546881563525016431023999
25981085058980137993682665795749623486296474599984024048995369183815328216051
27176547409185508558860023454059643991563049086467590954609151343582835681112
77448625682737701767267983380037566584302576251609855837667797800916771591289
66170989380387394039332530083679927402327763667475056951759452593308691052682
106415720321102742405797065057475659958639712552596828088890261079797494383459
105756650449343104711100514986649967580548663105822429564234911259373419727980
38671599901064047122685716193097123525975578298261974629406097175538751520603
98422354261572847535216121631273001909129635747571956100467161666196045166151
111878381777654366868119482888332426555588329701597658966708939086259690658589
94654778129037783543647698227561808827839426101755746642995401573947605264954
85423924498858765685543674638476385802957115982763123806944625421871483798602
35307248353892940417971327771940607996693869235703438252489595652939358933827
15493758546118407066081331580689936217235889019932140103550684910591186203832
92266105007339620045528831251409595387776024825313925473211308249176982630360
93105245005901456251564978726008937596874968777503563668068007778208426194099
71910915706982117505895327502867809291389489669976014663767910081212839855484
2661887897061672849689541981937743583394581016544364652819774228161270213439
61521990069522013328828730559013204731611718860031557054946352357788923782490
102745116396673107898022054855341714532956506432810621656709409990386362701292
82002324266525971305332932044107510469682713499260153737300195963937549178465
100146261517121343005967306437496077761344072576208395486114510428586460641895
68622804045821098497149774617593693833587442695998114395794120522671817534022
47078013104680569510425238333309502370851398442234184689046131857747628624711
40621854175689441004148109980044412743570084988652079957427217699012546431584
56457299243992848181886986254355697592280390971001591940385022952663476728829
86601830644600785139166991515798156549154845219335126814853591250101805729202
79137840671730986670852910809374771928280000374160520272449924286530443250321
60867989309578458208663085059943282170388731102873572307364463391316321897634
35432721138037178574416360242887398791474599030921282258588398371010986679414
83265247667379511158716113547271429377248822015802664310681801465504921663437
18039133894322499769932133962837905640406710338971275661440815511231171206573
96305011032923079663101205569361775627936359466330529181992533213699123292323
58264444338192688993692637110871643158978031164433713255813316458446976662297
85835259997171365626441522607882108870732337334801564181136966309983908326250
87731853842311325079929990466105906591627973920893724064217387627163292420500
49948238668894773912946858924780892478043798281792236915233374749063586567714
60067838362989154443861604626115483179032102109121718707940185730933224051621
78867246009216944360520043844522271199200639733381891764616694223731619477813
104364574066336994765200450412560882166312526656539551191414006424117495584800
