16940064738170051303391012573663460103601422114321618023848952833903509952265
50395629737221587685758202083561987145569154450068631087156349504156101109948
24515669566341646817170652221342230147186274560370728634198657831119666621749
13069327400417085864184187558816598589360568449585187693880689931062355894482
40754488113718442448944043134145771288459872514852663648008118612670851961933
95631213138945956580749238328795901378285773868032750003718146743004598046393
103165334442453383533194334948771527109629027232169736751593149638942554854441
45700551674033171096096779019126885846733252557094232076508656081128380642316
4157773387726256325445691812740347307459013043225169305865956110547997005845
113423724736240603747545731172252730799709272124888804498182100999628114560453
100367763207889250551201424149765094818405008506705582938095958461278296926381
97336806568681343931873315746299567048506783494487899939802794288361503882850
21615158590578402667653894575701870285041350004766691718542556321942041221632
27757673295629737751329083520175656864104946857663009686849272442023522079374
108941333481944759184477424326447583179245100794514686950852677382454680148945
111524390779614083302483652156965009454490028537312640374283229464259668604949
9498168092350636910648496586464826609718963505788117169147641618239559729271
98701235336563032801205301576254959360321750871838633197400776936566187959025
53537941720075493869918854637309813568530158248724286231875544948384905483770
92578472828319470134250801367626288816288726036208946743442712417290447927562
