106884058678888421448958342319148231125239552367169625953978600283240391793196
49154522403252513517478002987023665764644113741249178959242585582409350944186
99983275522093505423884319131022115918213698377126652891085969997288886516585
51064344829128328041654941339433038209869141660633242072358519983278313608934
32911917453501290945955966639621242834100433315463294119051451708071198032908
63265553283073875131772233167655977633844451894619080270764344049360124126037
66275645066912879746803734089425183943102444558584478761179646837886694930054
81686011123511125728355210745041513409023298259734978279635721388850197346711
93592087787933123699238596184175652648289257753291838438519217590741090793782
60649574081538281841589208740806648105232662207946423501225384957922439333121
7474511105539520075221952528255531286505080033500051196424687816629358053727
49435808979620831801520779362401439137493612817460574898301700779400732261968
66253963541301615955911169417809485986625254807660818640947345857223648184453
29137239824180868312348548940158312193643306466728922221846655398171781899625
59051849966645700888298146092135406191785168141263046681422167468064606890510
65245927406530827943452384928968089069722951394937464541868595242971616624293
54995191503131503941035628333511150916609415702311281230810524889885252966794
39650016886697033863626135996487315543359865168660400504611282770673149421024
84376771152612649996479924680887188266666307013244327065820706475184296154547
61297167481698074972711293761377393932779794028276623777191347174623630944021
112486647540127503545726640747621041122257549714173342140734005191077201097837
65952901276252643709878173421347871183600023570403725299993671446126844365525
89127652842112367549624828157544728559012079301455003965357893116176078341679
108907008509553122229714857356943486273685410514334756685795779120118360340436
99517033388980610141979687173119869316601543323945315454107529509491759182455
18860306559725485593648291217335299061694201195745159251021586002477080592693
111419605030058008481177677623140719219083708192653873182697480258474387565670
8070408409203122855375987267461684568820007704600868773920497162397179478499
47906833232089020232345614729010773222327885950388619175638448703157005657899
76372382571737656178034682200579338775521293912035031171080198186987229552105
