34116065995392429198248973550650236065437313723434267420309672520622416486994
86636629782490624293278393534582084516060710954974609123114574923860643614478
30965759066830352750679978411790793981333233922830418169237637833827332762563
98345599550214375606302413796255077353676067821180321467393188954242227407702
18203740119928013312187255481709209642001300747258912647818261795141122745692
22744800318156350227610178632447541830511063078193345402795202697872544389823
91219052037106545195996321130108156239756754646146396180626471741613377771830
113618320760821943474622320931888881833880048604146662195828324528509030288725
104652274694309948319841879502103052075914826894176366785431010029787073346328
101398416717726943316118529566590410048835478810086561483506985610180174330752
59924344960191129574431432305955374274429924549345250555548291248015942814782
108568807921012667025463665905091783939702571022922763353015731798682042309211
112522605620525082580051445125398892368616058185330016643649862140487469941132
33336529654370082455476572624237946425239657094839590882056107305298815374676
80980979229495877353651982093502143213673689880450825491900631715679288277940
90998522517705427974225279092865522728533351385997799188303804030282779180206
92478147524034402155232535422871020822189360246701532221386631620122224704505
100309572002390728744695463864695515633114495646479529826001048627007041549889
87947316750989248940540792837216575854354616411336227001090191555513044698645
91996810635635164839244908850457854516384099661862318779234629873015226510307
65822060642945945869695151444566347071856717013513731210244696917531454792052
68714920055455645612016432043789260345028994680197815677427007181656096441748
50472889376117726588311144336865461685178269408266722674371881165128634746511
36231971741331601037247394938222733651716179845006169962820794343464662040550
41993284622703271471785602723406319880471995335375293612672626940746560731593
54656903717675437419141053244028573570890826964730618483220589739029141730817
109205665136484171929704410544035796370026863024755398811477882569965068554231
114225499599981283600673494987301308788878087139053947200873865828613432233927
22112869151945910639267492986008759818036451997432237817761538180199169697861
43832841253143430179059208248355630102673773837189091463641389675905393913850
15718995025392083083089439620543721818400661692303691907218579578975974100628
46548298578542993233474656541441946015683667286646041726517629553003170971903
44897002447536603644594696805816773958157086604828690197515730637206937398458
12030093971982056006448903141622443416922924706214974297683939770982486832604
100129962244562810130923257183519196466558269562477036008548630874857993045399
52669335649478873780977222522489898284882626289473218960306041577582544838087
89060232894213188877210901224645415220360551023356883795024898127006434644816
79603025301237278955432125859568168307097723927410201344222246054265835743365
86560031096111701820009833751918963814134862737510825980109813052246675119292
95869156005702577108678739868082492305959618423427493978482263155440738549000
74575383643624484776404436547227192252144988221371448890731539162192934732730
96928868172517721203762448978452299985855004154904277998286810277866791936968
103835624139398882731046985310063910045612576437122647494045320758371738739757
105607694918259253528930399016938903245107704246183528901655272416286521747381
94497760339146369085256371304966543301834501278676520994923081613495470983214
81849600595697627620971801242615263166709464751992846113603502816395853136300
24097775753769771697625398456604528082852018977665956351476046358010966244100
33664481647136478906233142305043957406818130724732245790547740844208395021103
62278733082595328082795170351126704879379805877716630613642823369817623792895
53223288974772962082053320227299129043824115420168149057924653674689810109500
83963694386547591575462869585309478759796637877435070486564472179527787731583
66754834792540618604406010317719680420702324714671985683035944597150579501815
55348854820777163242531889649955182064092515145879168554875752787253771603956
111763415967299465664206348955614842840779977131528431610773864994855827384055
104042238630998277737585629101247309309380050124115793176729024961189011941520
101139599478528850402323299674382198699797398865014587202960929906208272379929
107099845383657576046727979373820445110695362792709979742091933828119021020324
102333069435176206676687085187162838721712576710491920580039437425801525594851
44048040551425176111243080286202009202915950334740972933933281959053828986250
12317762768508924651125677959260056949306523316350699905659164059924655243840
57156246503694711888556910390262146058564799923431889229862216384761359447307
