97267827355472458811783285634684287269092383666385027463407354494289706788676
19702004095825057851836260661375144191676503163299566393215286450471035447357
1036745659102574206499527377020007039505896276605411750952969256608815450957
91417936350534798081955266067220229533125835557037868544342788991892485663919
55894295398207818449456855928011754889070649453963976079692524520706748842152
88581993735018740215306562241973192664677689867379137212282182271598254437071
43239467233029915140727275369549198352865542005387764808015890730504986368916
59866613465327521777254307928094368478995018655263681114611544204292879216937
71677991094876819777924277658444122203507095202655182888029180847053564072857
18547010533672783567126274452931469215245085776320372571311448295396617383684
9924234505753520703624117319056428750836865747594220867773695474570892509045
90614778757585755345255874968429498146180291396375326878441191228542722306308
104383266059551766394268971456460411569717212775851751688691113889370786144684
45037116004001625683611917337750345855084027183725015787075687034276418610906
75673991032362726917171418347527409919569471495938001636028808651162481241842
59016505545617649904198947511968012503107879158622591947221321129058370213848
115495648390355474180855078451250601820103428511402322707755159175717081784076
95956967822434640867187667420961438283208767986820906333829992838887350304449
52105633728551525382122909239993198559526002176893921475111230169102975112919
104526257108609198549996375640380358580141018252939262617568782058583615225304
113949363659760342312410692014758332988102753140279077089888042827094022693552
23615952842734859831475992848807326397711820322854309140291387458748503030393
14495411690871705501092351653586501990772160836392164585935772066453150517813
113549602894132966201923044886797739954893167494577382262017788322124481208340
47004300868030382633894778288030343305674414768049175503608382963632328485191
52142318606997531015122908556884540094629481600383436907049912031662317127809
97536598095334704177304344352353437618258953509593500362236626645737905507462
106515159611305147681042562709568617180011659351999721443254458625877273099325
31549981133642286791827328890523964785722022814850864011214218244382890424428
48420029360808978018394114871318628106264413096008741839920342374559650878032
37364617247482384454818703179191191271016881179045296972368789514601114317168
32616663185623382834742661341263187958248888175116793998850042269662890036344
38955160327863770181166422804183007004686274313173776093128164418922357249697
64002832930097683530142546692055725772168212088842195822007815643988223360195
27269341348991816001845860115228676839594814905675678184029921928766611153472
47315047376400300885895725999662944013668209703170918359556906746770433040998
6802296204420181665648970267517511681494832965389588167528867070028948385496
85177913466539081694717349221567275462275516543447695389666306069811968874962
36320050142723047329927019139568278238650283703839049893881353121228723073683
31743042379962526755728795511601429201717998463282133597209788371645527764044
34123163710818047816177728163245972350066587022764583402933837285745689911436
6118656880874213151765539475090716714514542729777340149102902184134177077578
11947964272427326739539464954590072763401687114825007281066308085430896692119
99103119771351275287089275313118270457429245774798270508937521086631532320490
67086028628484499619899060483057928475544158191574150875624640166690861374098
45433507015779775085579726572259950214426382967208203615449749867931726545296
34659585127160940499343992140813859546626491986839453305974532506767799764806
64203486128989147485696505248453121622139575469732113871138841822710620466107
109406167417526326147710102748381763683178847381740774029061129197795893649561
68512316878765689169069761387148783789007822976638963050617163043631122000436
41949571466782942691674087933421614993980836319740386218703744657865446442858
56378620829857741290699689755288597932201340895730335476989342084894570361294
7529029728640056399482655586146811462980336843116402568584977463310245579457
35911136706437485083484856267497698346204615195473393679230127780226943970129
103557725721654192744827565619682393847460334264057813104060347770922549482942
17708423460032814736441592976591770018314909709397055406113312236812397776906
115513709225628124839980040160432821894702285903257387633856886085757077663852
29944052534345179396202357921118401099892391560474919788158613628021034204822
76529570866140503790683914895506192583272118707960877988768757570536299752441
103769846390390459135375625516537375627122952488662491739327019750731871134570
102881113386003649787910570449560087834598151337643085838752262299593579423968
55461797977686849118944543086225726092181574555004965649277492669705167195510
54620709044382990793195336979652330053284782874328858877514152860453117367683
12457623178527566681184027293523933820561391114331597679022606410583481972127
95527000052360204731078976288351253214155233541514388848857902962285729145265
26729322924406934232710584887445763315411141212767623284992247657976757360736
8298633984226015657501064279235862837833665348941061689201277267587478409082
17179280150136863737262641073280664674529640257931917563456739224078563014437
53997282135202150248567490380370513225947948479258692199769750522122804404031
10883081797218113716922399055814107248831182405068342020885260687536235167144
91327197583862340857113506043209529166384248330485062765566043042602252920677
74262221082478556955693084897659386370897876829796035268352875723287749384970
1502716265998487791684994912630646695121799483280017615788498685914197152916
79822619109101158974432095879827196812360748747041976480006786765143364353300
11887169610178305750978760795183217336777060796048193752711994888302888605330
40673429074490941805411378149599414957789777719168301809804541049859673347851
60078341069217113932784035640948455347968004115993225351607520786798624757186
65938602682970677512728994774166756910703341821439722478492423076533409008253
70388489776444873493895099094327017300034757340674121342377779144967542152221
4167586602854007896535089122612362426574023221278318254821632331656714139015
58696055006377466341393394736366318429056468872530733732961805695723606080482
112031029959206096197983862615673064404088912926099800349482934972525206747406
68070520929593257615778999991360431364651346990043086200518486086421383977350
24675542389164388180851436477085680804272136972426211997262559405268721572499
105407941072136785007668824951753593579793380196297014067812380359579236020716
99080063475119122983055460161296683945539939397090475987370661433022370905828
41113532347517922311254549679764145577504600667810626174770534026872366311268
3036596577493607288994027024866995718675327200896848115824852434003308031496
29903237492716908490084159936906785436287164672142214566368686644613059953761
48168853906323134055031878402980546836728161384559254853251699180924167197156
102423746771291519078101717965115054419893919680467224456691901234774160437121
12741751942356512352225460243141283409607238238030696332194651603475433054805
66883344475808408057668620761718069759670849494052020802837641845560515229679
106578637881040149643404514148044711527814547425970817471460091088276063825655
