61349557032321912416766336664795807419502257851572917639845714080717780438165
94539550815148253627592182178966275074706705848617606147854268703945914634300
65034645282832766693605736163517703555928119474019062302087841821213742261172
56858534699696983486143029699164915765857327532697779837155266359500981478457
94047295696139520788972488852916306933540502159024643544259465476051992255052
42705419381601978227643303127479393467683918030683333125348069190204285759741
104152017237505420862315205508598601715618060148610109109559796880484791864179
13677645026522892285935893005684356694536147785750915636514795278571943262876
96040322109225034990731179641661771404886939105205130462394050766231771613487
2948415356672064763809501070038028155842370238537674727322691454747905663291
102307217605141218920106148935235093584173755480502808424674704321613031157090
50973390068643422672710884062569610224067822021593761000455911572744997158573
65266229323567994865351013577654521518379005552410505843660287675598735164043
91269818800301496169282961708915746099789077592363572073665993961597634770787
27030779027057413395910294198393536494612432139760644402168364113268371654462
44728989714798190038510008856417373067015360457541787515107207077976785256386
25334847369445668581073944842878787120650292335865947535351244102410389071517
81649557798584933849399851629464681034698285866089055361945952026116051955633
37003918360872776328421583198611713507307760507448194857633701120686912856951
96609380120081123737623240105452377125468055215991963826409410969239220092226
31691618551164250627607940988941173283566609153371715224876225227628380808862
57572046396734017998901363469534985348179215413990387254059454036245541245988
77150578218812945124769491260843320856980256734686455699074889223584696901431
38459257806890872003081515108715288145578486748538284569711686514669061608597
22562804020832109526582841153962708402301003246172437264161211473757183264189
57420720855899797016566734585002841991954648624942289936201647753512936719034
91071138336395031430342169969729892356933116217634363721629995696612975755912
69897927655701501141593126395661987426252081140057599724653822558337685539486
46561467491918379845537433691884220505521396498372558536276457397834901645461
96022133266013661497001910731059020044851801195408335916585037403486327200025
91454747055093884111887802964147632500109254904606787041770104776573944705269
111527473066347640408073834732596816684110492997150870382946574036182539121307
44292660861067169020264696314701000138272732035307980371094313810784766923014
108285109068115175759252809645938471993117764482416365820083682346928905669104
41186618741283061379546887549870243113602886414901669637409066838419673582432
27105245940417808817111810942578592249495683259624688692751553891249565706769
67142734681086127225968780753862417574024093318475684170497690743341287522197
53054736448289599481323430351119740140495417300363249106342894623321006401839
74481212429622311725144290348674217526196394766653944192509484040038526480434
84280556135089811255095529618951474159570921413113928820784095745749727490805
41248535327304011840068427327297319938461894512595067546423244240287691407021
39411356390526412793591233582600568328846544333595583816296545758704531442672
11682450893422808110900074128649188388748699366242241348845136724521342120450
91532389883263789127481519663565932286316691525404102052717836217244004663331
2431940831428078678407303981941574691236890510379966020984125384864768138841
85997999553312036721661128958554139782580330020120157382137510805008796940074
21358340281664551189737560565116591459871195778378388833456663796655628528343
50764068983733463713713736242040309914114930741214099709135513146851267059272
60377356603039230191203144161833609388579450712953803577461725348613975919122
79127762534427597058193607147535034620206924122023979641003143389375519264505
72276481101348022871177061984190039284356708158124180110948158232008559904981
70357353891483923283324337755617228013377466421780751820447774999961385008754
102602634764546898131108709175259178542769534560721682948628499828435469830976
17099263904516612496061084046807054719239111449233646640601305513422591303355
69458829667283990517665017231513322902435974059728285930166692870135599944297
43401217989443302377274918490732793864900168979547946291643690825503201740587
75612753524272118832207869813140712682392267709379031849213081452093620938705
78626321818662190960484563074837340361016886388797240846219908139856459506082
5926798388132890776104213534280478385684841792047195994810544479951207572101
88335372521717307000931450864771575695229732974547221498004848387845570624112
81350411293960059590588550886663483298850484810070879607643664327317119269439
71534835164036723869101737991770275290444427975534119050329218251407529230579
112595412831596821906693332673346880141620359150991534976756030385869921476829
107870920425156508663049394839937567434506685496897311933334805975940132742881
100310378421901217403050064786994019342486250774752300247342589155685509485489
3982106383773251466523080377680649969242475573825511579431454741684161947926
112945669757028720434305063792482891587371340888168178929902563488715117693812
6392986275944063928633680673251119940655060315676838708193181437914194474364
8459916756236187842200516887521185697881066296973097811627668987951777967402
72925587897177828996010427022120544082007702487069943128926591011226419031631
16792648911317599192431530311251091674242695836552814582639704294122666484615
50219358527767229749970656861215814097980377366113860985710894824192411741924
100469419295073588489580248743832114038642179470283411406014930590361176117363
26561292927268417667910718158744682142487375518098117574186248525892658369493
50624994675266237655909146092058040930676283369205640844963182949556731204945
40539676025404474159790587894717037066222905661806914927503120961827615104240
56660778789910543540754312251624369894620269940216007583432083690400453890484
75516567125931740565174129865031149523465755948966938654131506313010983796172
98690494111522527537391766572217401716643662815707200398073633675611977822524
100598661512447481260166911108602322408312371976450281939900540079756003599422
71881989727118565000045895108688071818325955110818884644554456757214207895955
19499138121251666076271838261570168031216343952361230849415900270116578403123
76015083610931983879709879931297635082381188127298220566633974575227012826312
9790481745395035430832583204084362553814729027493485154227694031820563967591
31473868474642388797194372943455923552823846076607846323091213027505390560499
58152614733729358112778138814707055280772179903471266679343882171303467777984
26845257866990073937076416338275720965561463181771944940381964494828447676500
14215921129423533838376938374794395087347769166732856545792841920311468668943
4541523630336012211915043652729648496220333282196625100941809421468723308791
93601995702776749387255767707547985325222885917070000034941415219263317925704
103493237672358263695581399052167778651606124327698369651885007536361969237556
46398133210010802511061607522640097005188788700658541635582965762470955395780
103541265177915953675880465122409870204914391931465864137985406064333585358081
89788506703670742175464977760448730855497595451160446665241911070186752941161
12417023102889457269632868444568018795993880172539357619625790199108054285711
2179005331282916537580998647657358269236478168887564977532775036315079276133
115277982801996301209839332968975794455849739669694538268853871958261949558411
114019110852230268494623872520094120149654288029948098723745219119551393797176
78072381235130051331884416959968879661506742411926654634269767503983397543300
572598124251412443488729683201047942655440541783824488521870094399001029551
67419681041428614116888433564514631610306493043944306644652184948559914963606
43758848191605953716632494260549656786952706907757737123989577235058936348724
92332910716068981372249148259714119283405053903170296253655585463791650886333
8315643108809488801385125623118301158831459976251214890548321329308731368701
100171421845761630840677264790594489561729892414907361191881068061138597022573
28231920334801491284503594220166983427557661001741094490362555234144560746794
