101314900177866883738243494446182488833987887032553035557153853140207440976450
74471755205989881482254971624738582906921146480649807946892542725673643211591
68434736603712039500656037207287861605394038984849367573507372417982254404294
41332338022601431127449069343381104948266439714069645500939324923300319930634
100591043467735065556036400598495182699575226983713994167397668892353692793478
77537647828746413240961835165757367668646275628770469053271793744946047455774
94131243080868236837365730145296975240493622004699767838355537295047791975856
79462857993408969621445142564630054101739902760815937533121080246878789153447
69643354843203450118524042383853085303562683112559852362072055674314788414468
66598665346094084522676740121687688689296772916157352308178366162166853339071
103353968001466394188586475090402531328710971697732627578683290800419691761488
27083857025422974485268664020057900903323040867763453699963664846830832731103
83744273238609550645093183394559988977906139140116845163231180734018828604514
87477505858848412905622723839269541037192240949515419345249567063478861361496
77637987708010248043505276658564076686470506174680711431860151763980059881654
111214040013888714715685754954932811208655115484777657036415974327338275713419
30345583229253231822655008552675282123098542473358092713347182969245554610554
52715360879134608769657957634926047016211947398103000086073402445494863975924
47915394399011849568823617852759296859017379647568045627922149881235744511406
87633972826812505346986515517906163346312768862655007839681203046826302021517
99053993793382789565453798238684372768047982981965053998172953552360516653239
65401185132253404452261677771404708825806247513321075700495354355595983248046
115003288148277674766281546862092395743579590098131177331299858866088027634175
103281348846189885058739959319428184796408596108017891346998250105539371636674
82736084598785251500876921718151069852705821688232339712575629699606077737795
95476315176977930891712802817757210495989756738113396403238347432212778794324
66379775101713953649670426948273092134012463240384459161802825408162116943676
97360541847446562347995563253110754991476107435971322236343267160872422969298
114196922891152055906147645463423625462944701882538526727610576473975010381400
50657079013817030369783215089258926120374287616881194342011652580158507019758
65650342607166236947779132191539684516409532647209228208313200621270914807433
11385918047783616622441749378340876396241215305849505540029906379873963723293
58451299219622539885091615725170425842803544350667087373690889693382425490360
98363496842462155445498236432735555075475685638733149287346632157046457900089
35247953088957683745199059961774119363178465609230247472067556528782315383828
70065401523807509400764220996550171539763158270992125314482479334518527369105
52630321288354840319968210829291419991122529558690082958936826365496295260779
19605436553842224607530386232420691875632980222682673451072158580848456038413
15033995423136112754862562794311201753983982583853867238304696776222404394696
44600733342954934035644039303643517436615100704301836937864089642825569328762
14549389658681736477821534586569797227080712272486608489187182750254389767562
113814041933879454618874709187316874896115714083777525145431353524981539105678
58669141655138219789895088211406010806455224752028491527594737630672525509272
96659994151987737149001190491674545122722142442670271040135252781409033660613
89808059712724031853352347493427589447586583207949918213940665293354503067246
21953080647340067263010996232179034579679570632957407410852719142102006883618
82806990877112393732409363404591979827343760113136720971624771398320205382427
39389133950829205948570977737493623291578466537849620998368574146372785941346
9024902448955548119866150110290339373632793124063141391001584438984598227524
101547802808531916821601232234183404901156018064650352037447496128250180729241
64736102438196807012779528192787202982847143389787614788775561130612495345778
65364409048587066234732551712774929885211501467497280830398308524654293594678
108549749349964737117915519535979849314390031686405072224737966946274953440230
40305337502000369100507286529918439515815568602591507491148593459125382552190
45910487652425814834964937174904893320158960346206694815082220619705876904696
89020156363718493713772101239011503728336023573381923244952584209535319307586
91003815464521741415944503977089015544404497086736774142666181336553285750460
25643677639277566178700514344137112479518171477071131581438109748361562668686
89999857533701019774436031122138530551725663022618596914903072663090623446358
97940417018400394345003775879594288652121276780524024753202675812984663230515
75763387582843098408647785523100470832080038640889626589963222813269097484962
113900031924802872533357517363388693553520520414552805452307796292600502966227
75305766395216493251872248585276655844855982231234060126722169426857059304407
97975241542823638164184706418948643160933551837453887209228511849374664239827
64744689695926484625411313450620498431963812461400532733775640285732141364775
49067207803455331569034154253570809462885647943442455884280678262479976484837
94789619107694701666670798362316494444332761325748780660952952469643812307876
36180252026947602672701388999667348046527850294336736993183430542341455676104
47555772998345074391024344580020721093101132116125821871372430657522140045206
87659428838475706140922746066669961733809333395912953229258895081023788442063
28275223652821191553005759974285297357796811050013436463788324233108801727661
25493151186969210100205125923029355420482207573530320020806662506965787367418
37714533412168895499299473265243925231936096912858813690954087241445413960278
10286614040563673774953959311044518469902493592609361889266713083674399761755
29901640598694655348315597399668222591765235167341169951166648758395827270061
67349149778751076252965465412714173299515408841397252377070012940395129848288
68046105750176573424214662639747471796429501551954041205988332901271450948824
30656166277309073871879776547693880440472496531529967789960585454561421551703
39276213265349748112025209287593677889727161966362024141099218350987989194051
56653606897025292613914477197777547895617472932480898748753649130736079852568
3829637241188367219517796619226208631509037217272951757281524317651282008772
43084808552082291288299400232442976956598827569177609865475703726007102808980
105516759088782967989416178515925577163858340123374933604198860221622160007708
52774674754956190119634962461635838097193107647615077278986507099513112625996
83922753028723080229256129610780419314166007155639991737335433656015742828847
5302064451732359168411546975934205677648589039798908148904258144839633438102
70655366937393187825759256900070700815072907468509156390221919897324379511281
13505495905325775702325914196827855206132818587688236270868178253486133942766
62197004159617403427777653296783776478387455083160306620049120108599070234101
102126476042929694927680559450460527497600556334187157117468976821702204387421
78203223273939948830225265674763475086744392633697614607649845260239153379312
73739594526890156741574550476536828482067970810544217887736906239228792292402
108956279541015547476785056190085363671812123700657799883734048377720229583643
50115192459048927220105998876996201588329942806649354881193348941589886780000
93776915579491357664807544740940270339069549861943125687966106135295518996738
109585339045716431902324286176113375643012855925103044995462501421278201016205
107293707948203557693061829780578550735787197428932814910236519270288869437574
92408870166468377832537945391141181241033454943547507132506297407012961425220
56485920425672607068468102086561623311130488689533490718930732234729947048375
53796671527460774655388220401868995013329076526414063754461100318729817328503
47271766902467048414965133976837042824610504682113879442831184137000053020725
98258449486938299058839081629156074501320987202566966687259903839752659818249
93721107833114786694224579219070137939912753549883890821733043541044939551071
3680663487872182750223195730935013062153582582700251108723137585165641871536
104125055080062019322051459054466031015334380249196792831881181051156344935708
38836146796360571438027682254446683355032367084248184954786745868147948360555
32162785706987658705934169308514549193499164945024689466560324208393842977049
21571188347519928903285073231862123877580165071257612791282214245821572260007
38587573953491265325590070675375712160464794801242246688578729130985446244398
26373058015001469507508187938727683231023447516462281478595747058574813090550
23597256192680194891100078761811614995645694630448086666801814715025568376734
7207247488314435550589874520237154220423354522759431001556520971673252339875
87480146626388743054583658446458210791359745169813356110262866875397215337573
67161155583979932892727976680151501919703309612160853641574020593194412084110
114439063550959504269936122479384467024673407572739982054530498324792980244297
72369654260262337719892077109638659117440597984769257746830142188182531522138
24708949031528822982899521771022288801006474358892072908020270162080066702580
82022409382182639868736938737033830374275179907321095855994898770946479499375
12610833202262762978797934279554397148435662019289570412784247553412282844734
64914285693737849798571048465249344618444832249326240145308190898461817781776
74167454638958390701434903364487509296003540879828621165580015918939381149466
21422196215266910074734685089931129743244242207174156263977680219172024466659
73335752821329461722216209964988593811992990405996696281442593295371558822814
78698204509758826615215088659716000857099590048536599341680864958580917896341
30888003326617099604167855316741138629119899855739202929132056809387993742329
89169580810573715598136435477000729290020391477271359973761751512389413458888
75489084234142858149761619789996499821679450487827806967336853579636607975614
37452951875546300648469916469189673889802672320760340518840592659738982942500
104195056390261758691878701709537275379090194663951699443617500857794935031832
29260023797588532967067691895948391593608114623807583525045850528712668566861
100005354596820754475964738805523302376594306836063286681734427912145695621339
71785110039638988716240982903594582256072199820279794356016776776423568428179
42913132193542675234077562572945802968593285251640640835871805251453487867329
29100410157157681012378979379677130960170800660758673652569412200131685651773
79886133249632310840565721040766669193921763578078116287225196649315578474591
111119608509058407187848447030981555068127812928106903978247527592871627881585
73163205835705950178862506208473701945362409095332631938533188288757513295334
47585200259321263290508765283372319606654531224430968287812234007709729100052
3226438307826876146822512333724510069689496214346098313190932216438560480124
41391518455021558189808647358617724446879153128946964161265341988925200967119
71772132269709303707466487196789243544724162110477950358571085162794482673857
61606733061980869874095063455331266560735099482565684400493636795327419039476
115015585158954717977041434472632571383327908699618687598847490270493952473483
10990624718863059775673940276788575100878160041896248685292093254581329998961
40179678831868221175624112462310824576308810036465704626472067795907051796827
72548519593910976653335304767304051971220157622840446098450602310866103800902
34265605629632147428647280394264813127719391825171163204640830637721017843000
81874336469290111988092527618819370297311652169705714583370544672530063293317
47262563225571103782012159678717317374616501652498299108347085738438154399816
76353693910295081850125646279732963624296601380856123949902934610076640288778
72222681501606275700649250396767361330061123080057094554148027396084454489039
46110089224156992027969188998565984588567199626016922705226651819310688778936
53582362876858275065112985246517666205703475763523418978907872199442394346862
84497225323431206876121800863250313924189570224553926392316262643095456403711
96604524662976101010421599433851647538863332471035037575534230243335672255811
67960247165915891417385857282200754663587853609553001165266204966452745154671
76227496820259194451944486646442335406993474787734407361321412509713352413988
57128017432233501953112003553862829943599956405571006024889720901755474164156
40435697763467105349458786171302138598391952857061292332061937753141655744454
51730298155634735405502247012662721179623096974619234878838461109129534679831
94691036079803361827185659746324501471269057692718420773748609556375178538047
33403884234808773332793641622649500767655131007403301669284339258090677453843
53003136717418238504242442252712679030718552292535331774834639490975253528455
88178606468895300961339362283617997476581709385487525976058857075414814545894
37435398312949321260165190337908680639733559428158578900600856249063985833139
98607562478272137867324743410738505169127954515129933707755162227073077801921
108418599081517137178728349394159402770798059911215646881621658145039761185427
61989759351768233447626853406963088638576340045094339079326094949861945291943
58728432447629716211034921771421920399681945586877637842611916433159514190302
77726651652929963583827665992526811858234052673247636693272615151987660197172
54867468817657538632215506375177691624030426489976824618845256610193928971682
