92599192475147551435528766962721428292714134469248340092250219243985860720404
29145638007294124828242356795353372993066543403927010841076455244531727299436
114468867628391253008935326117154260844827450350765822141920422722396272795983
87816259632510321806637825511625705476097908380627345113715773370080735806285
13974965240582972067840343056519408645351027168973417805550209594415467410723
80511256064603535356122714021874422655044799606208392913305400219394173920993
65017540761698639746777737736196602349947219105312701657998125725582127409939
83703055553623712425185731595825414979428099252922544683704719099199602350425
76894010303328676354275218123013474826125332803747336317537814886227605178953
27936890329766316013916109650348001921198312434004332216477535878500523078440
94999314520115509478578716846378407345982108929786581672547065162306736606394
97390805635402015684262411077668723214134013558751428816835511049950890100502
60938691228237079613599180821115833410465562223242603259261008621744245158269
85111325203087679026487657674642439273064659679733305020647182517539688464300
16632601570675424659596629414722667302849075582498254449004894621645145316838
67919965102638564834256666005747738413590761635046593784728784332128105996406
113504013421408902184696255585466025597647932886924006789125277292779661969980
3791354168653818787116127987510389933260711474394833999361876306930348347471
71528645923479655497736619626486198155460117627145109909719649926664816412929
55514538814859781373747179143691543046836143487965415572251680564867876369747
17088053956363404541050064275877365336700996950105459133433007988069198377253
102045551426523367447752540967426075525645063688554938066392292421722248478568
19074622036768015692781590181795852540181034942399600796364706024252130460654
30155627998682129364207118542896364217243996792480077953865399497331066777250
85463067355457410625629168273897337069109040267598540193138766461534341139005
98793030941216284570995841855434828610085326697074304072872069645772162298336
50360205873918633328640206752196043530399297693917846033646770962296200579970
83135975349134139081537802185418945207460677499146354909645896136331882723596
99836158858580091059636586284033193340881713421203649729875714639073160874659
74724705729353950127727172763894470794408009348284699033065629254219144835065
110386297320332125475769283448218244106096535820751635033159569725901517962442
28990093895447804484278894102777772462732972867919895816128923152760433162385
51161659034585037468191004742158002978743377156196912163694585333759589966430
68121139942796106214111292727947288502174244540133739346934592641408224065656
88050986331502143783561041409188836746624650834190008726792944239877901088313
101280229218262803854989156506930571459856267848964399432992214664355769680357
10235713894940189157931686814405676393942298680612623784462192001330038710725
15889113789926540839559303103903505315075445351409258967770568447150937177086
113622952736003458015061939982947704986517140809195907630831264572973108690972
63467511606752542216299609483067943337483863644118028777306867958862331445793
115615434771643072991955103806448511395966662172637592969447682499678199029710
28927156791862846432788542838841730829526454128727694208619298281770395771693
32877945910583320938986332842504279234223510624048291105641508889308506037325
55760820102817182992459708504559031118483819658670902944689486232514040735074
4498489131369875815339026526826456787152919517967559113947311874784268657804
19184274640955579473762790586127580692074501349013336956114444100345691079833
63534232236577475104803880828927702741756495659175113094333400430958566745648
4416374562483088823840948934194216715731912877666995049652191405160151469011
29334230706156882194277627210666872984234176307529780431797477535787147143507
11382628256936926532778622702764407002528290647254569228544701041613670270076
93741710163335574744302304841066694058815717644285947631310464169470974736082
14757513773172880036620094845662557233817583754361259474168781614961473059449
108390386987563534764791820778182352541011500021956333474978983287272281659448
102685904474223666462308859419016590871360280022982177310800481650536223017209
99160866339101132853915364744982907763789804620168930622425252523990238323646
34288054154108424947238390120589485694479606718217888075703977432272406504190
16811191522113706503796339602565779923232885130427822382576819714424434276717
45282188713333614883259216875807167914183294072485738054723168867390871404203
99028792028988513706780010673250414537701798219375681894370910452064225387105
6852663829687990558938783853560509252650655478883886334617419067512641401052
45475306504187652529726042870348057680408955151429950655944200325394660369831
57058052746564705255873358441770062563915581274865649284806458049821848162140
40126588644284675937519942964528127541467102913263330605221451117285534775804
57704635081203195479577922532538407214847084648553876852074741828422222940558
82300697404346830804923300166019095019438712722232215598037253892073214894835
62134591502691588218374188706826947847182928755530997078442775947820803163120
53440971523392819613857585613748823266331327112995450223819582617354961151762
12456992372036106236435987460358390749374742753713301383293015557397654513809
79654379280110630630126533783947209094135780775305241321006448924685761097754
108113061043641887092620855932036129917144067155009323666068577218316385262841
8420475548417630977165714238236374299229372386156681186152971409584527667139
36727292718064972505740125758235421703862214759773747275503990039847508046066
86253384516561329118330245941057772869810888843235974864633366134732982880259
27589759907781566070166826694772597433720233361757988847341080182835391069053
5119635396215932448430347411631310308286140528575337204624436072322847433959
99627307995553107263053200063942322544289313229916014964337798736265784453461
59047832065535471442870021240635765954161174155951530750468317075683795458993
30870792885960875448047779361454850815869248789542370924041472173822190873557
42262047172625632751365890250540420194263585892599377692553695100975502922970
64614743571703489614518120687401693159869025133433125565309968235277553029694
52637148204340309523925395584247129853421650088290056368690096062257473035184
23201114911051493209282742241669930884650248993339992345696125399669822057048
24646001965738056651038839237760256413234155389142205771070579268243668157422
71198128551025522776994115305231283674859114264881021608649676825886561660305
90300710229707759616503570759885785696040422033051710323643870303425645604960
94234512237139325286077948301869256922365895340823007586296964922614176229953
31096639144913475998432570689168555076859671094856236661052511270100076287079
109518609786557775730044219436649126926489247656509286195546997267944222388425
63741280725830362236446744428259554311523216843280006811239551553310058218388
110205105294413365194366438289972606197334426056300943433721596081464731964857
94681682839767999151345468855207950516974563983162799502509400265561800512260
51099090296225332623904879077468394088078195029171928068901417307115830893908
18295347334749866195005962767613371088936142185079432070502455335461670592934
23532758229488160635000091175175784120074856829865668596411117102438466370566
4958389278235259030257015309245099811058690841803412412652432826750862624869
115544478091305951689192486668039883703908281872540701922545046381753647601500
88252988320905259586809237137571998750806695517115393164050929085505140559987
40029006135978493841184880039862272751204420386576476816963248718806744000480
37277357866177812049214690034340828647292890331150766426190322199368085381676
43035297732547650450385052941071491871361938166189534704337465848450255383743
79200617597501638825329748160032220935419971222170112122528040203353370898784
12487601199530588938334208267257894578972504025908875105725554635499719706008
103089584302402095654338643804547914062929786113692598788446260530669605412354
103968670691780495956850165787856449899958969551154370240502856570190138838127
100779987766926901591515387570914110226216041759562002169911597165232658347806
37979783022890819241686521477149289189768292921669161694374472491845354296673
88850603831850775771626148757210161995756447123699421109083565600118258723871
95657463722385778645954622952983184573278313458152342999924327330106823519339
53014640841650861419883381525323686764989369443329268313612120158092769140841
47857462642195015991845240857100590414279906676826393737750109251741473859030
105346444537092322201630191349306568017792644167604487199564466151605388128035
86698724283173250077965000358363477579212558437833578937159875321769510794181
72656674481258878352091823147539897579511092944458541770880714181474770353421
63668706687892376426134263310976284061390634471724452079937076971285135560656
25363766565203668649554928443847901981186090326707276191989744108052938226985
80902392228956359443726354499389457944303490761962291524340319285358467311348
33351046197548591060817865686867384244240382997213377108678874307413030728897
99323138867623325046208216157659276348105646397280941699687101994028406093820
10147734838498695956894249926588971949353525804770542461790371667157307469335
62311787649495707800847785923435412885239434070708777049293674639924718544799
101301535883221911798783078444147736540381516584542056032970883480516170931340
99904118475345851223290475868906384792317623746691295709537886327956656090521
31775729533907292031677858751337282985698981717254514824743546436810897417007
109376322741755817564815898493336915210501266170217127378993210542316060307849
58876657387717449676323742355036526043853166163827842326908784219435731482194
52937234610032548732292553803965881388342039945442741659216952942172007011970
31510727332460752895344408715786094506170043770659296863175173738462845633149
22309207600501486219347838256254201773743522228488916757293354469034064757789
72143052869119360074643435821346891413212236664233430807167762854178934072699
55454394663443353142653915815349069881082562413023261429960234468012861816127
82442286797685483467060155125278650728185841922972986356336179637883552196321
12428632525541622467518636112832340909745877261942924984651702349156598930026
25442021336349193066535866454219658808644041176312702489525659410292056694055
106918422002715404811306045194088094308161623114357232078943263932832779165691
75693245752100480042902576040167597975041010273948474106196733895597904387779
88010377133627707250072988078129467788546844080779715370784803882934650562815
90734702001521305450547858647433328189348887389660353591905348222848062533971
16213898870713295757974469235052558899146819964236281677557285783551188987405
50392217038589469234811359379940534151900054999074771962954324084898188462204
4379545246780818616129519648259879130051200077996564934938313748682093895806
48585141909097020650083565229279975115544305185510444993973624690677627150793
113991557091488530571902760512683174735656437880925749318250827501332755485539
29836160098807695065619782265885209827646791589999908729025356391189710709867
72930345858244705521571018065402793436230821523750146802512216988825691408490
28969254792899158891944997010779243299753206470185976556450018030954008106660
16155715479663443622593360944364491493844061901732215621459653759850627739118
60634440284751810886042698985075789422766552348407865133110141579850345362048
16378228128897818137856392199889775756324934550816548341084043046450226798333
90239600243191909433412644794159199152406601072986533211371205594867547497780
112804127360750619992304446681982844135811956461263409365451058692775954238703
73357602745947104876133444618396690834703984300535971748728951580088579498872
37481917640458578305349072426132481525056927113032745253192122313717599887822
83118175492957070003025919480324712944602736466506445431605667263275418331094
67506832947829559727782334798251943714731346136888690798567540364369080117896
81926046106723946150591461409162093299159287186152948595406204489275856711438
46271600262439656870535842152776916065347934142426858595887126279947011862589
74007515868950851689297354978126508410605687337033620707431974305618658373997
