15410752282447393922489820958379186589357364376411823726237607803766308600645
46043808231890310870429050739423605956614761632067323352222297488034298750997
10544727824073000768510731457740093064114792814753848351109882514141632484875
30645734275119306335162239051825514851447206726733381552071919425234166904825
18128711317810840082453457960862816850648436136365038399165847714346119708985
86847596164326197787117400049423823889755688335813474864292391802774003070714
38982520363652898520522789064583747238666647538627495917969029210384596728069
38812392674916059580747784992483261116520825702968400550688882953333196105797
100324887474186015471106163002806638958606204240612221807958166903319711521197
78380309598493944222840078783728242368463422847154562681997218583311346159159
100235329744156858859234250291909369279387906817999263112723077384616469428383
100033104427364559719448769095022216158855199098712098604070521965332064784260
16667113563230629648700789257329508108159103158845868523649852628202543793828
11215486853820102531330235650367557604006841890537587732514370074884000501813
94283105745058990310132591260468921125756758066496104411504939278682712244009
31876660863062884997073664966379360228196538284257845316426027853819954770886
43993507937493156915003745208758673756292236761512095004799215598851187411087
5742976033693201569175699662205888362712830731987114676992486203046114982833
100034118141433669864538015473327567790967131319420110508437665109942493224137
15769988296457734759285157492352889803407531246780477361764919881872852707337
5695983778603732794075889633368144381398744661191648877053758054784723919892
74076295831545001397616529317881436783366496263657968022105207676994202980779
48490495731139681412731264841925403518855511301317135646181573958917919516437
63468266106989332233606360382465891835359895558999240842763363714271553843013
102376939025605629494887590098026173882516908284943115503735151473645178137255
70707924633938135236826682976781452043115037551088210255743191585870479470138
57259330121571322057392082982788479537971764385075736348034696057838296552521
29708789037601225249589982382761516007630186234018533017268312228495958360449
16060961964465583320364827043559601066511716460075107330708491513343878692740
54749238119590461237745616155790892659658706590452187679384356574273241897502
83373441436455776688733831395654906046082540319883440752920076494973650844158
79063408662668617671872069063046021870865883766657986320083150359787989331461
71340694471269060271042915535611932710342287090457318643938096936018791528325
67145185647188168082874980611270794032331354226446857200748938844650422717822
98466410641271178446568150257472131899377396159713154196576300190212625696594
87512477936137452340631199125430221006510779232396444402021757824100339598990
22847205459088105389944150177094472734323578634137511251908362294620790804111
40407091649352851852598922386667488106756323127880982823206549767939013074795
58257630733286496865129204279857544443255328393427645864283005723412287138715
32584064655899819600340164482342149575105784013549515356021220452044956462746
111799660485236589946892253099729843469325091402992685550803595207221786937407
70128314542317677254653004937911343889279052109923204888502696430242887153442
58046201324348645541847355761919449659408539713747782509089199210984302587313
29141857240063512098053358679025931879053421697808603290912653645606313847668
40610565672605712710709072829375207278701816857200473306281713003406521055064
7229181312803670977438911030925914140911848955135856709845139894875314756920
60174908500566829215917873385744610372223033406283494537028330773944696923409
111095061085642716667801845284751213175826269388968192568926233679455154334276
50015299146942311869277746727855474104845466277741046396273231050983471221112
24335475411746198305536930425805641465039873760105473207449881606928471708726
14416594380499064534975790383109053352166186379250119023411329853878046925317
32443924544034952000119106389429232021914935867480750898504967670783983228893
67311407867593142591052007070519186621779083268595326069704988219851746679762
75912561446101486951954387867867316216553353298790748088902384209667001271366
31087383316084137330420718407041113997263866289080968395748230143086974192477
113597440843634495235604321435314385222302268583231439434067850372602312294342
17898843106813812965193155593429344682597892138149566648591771589065326315229
3281892048981873545327408310347830510948029157742672488422702006757959038532
5483151597958753531069735538320555696917162386223508181677672182380802071959
87655095152844271278049991932549936754569200237429559208684030536529873901986
99700284152038048533844193205185832513497578142061447754709802860271422077825
13720785693573767514013925925972182897615515529357091682378494420775087604196
54556702660955372360814477284307904931528323338934849940228771620397711642135
81920218992722568074512645800247222699936452002105731462754111485102332652821
16902002715692506769008677841831439317299441213918608033228718953896480347913
52262378516492779113192293036730713541914549269107256760883055406852745293193
62098393043148757058528602837778777374761861307821897805604930233788030203910
12755837207170903912522809426908188668064633692371349805990915333812084587303
108897169162670023349984193192105615259445114566990631510528196664720812897418
75943110065235825796189791549728089247467187946687335043308116791980852674765
99660945905513259621068501847250138766374408362406237798359326390295263174599
51846335504785446535089589764516271135657448585946434906172148798125545702846
105478484835904847193698505282341350266669742222406017775611204082741545291128
52327169963739050030992567364942642249378156551593263930914474087427752946778
18740988660400218783894527615897973013385680675147313420494265963775834831457
14012370837990601835540105340294435233568898991688551147559524673033597288353
98867639153931305205910853751946770551125045565685101875168021297514167867584
70919936583473116653860454250341136208162583224793284967613052914889229897974
93070655137771562234938710417174940126822202155296063819438805147370448444342
40833588838515560804978760206627561219033342903172367870376910465445335488203
100454989099589930603119205839229299537342903269099582160827969765457599195799
87825533249493587855008259684761294185919147206447132128391817349989271338245
34405165248628619986686156549090166608212154491867197784309699248702747237424
48208850723181139591154747743276323852280950217566765183128289514970789821581
90330284310195767403463065001500450583468316349885533860521136750526820969819
98210888005712170975052594419643147441620381665292416395221213089929505272090
2283280567861952975004480871363174110863224675014071612835692754485947928330
79277065449976376222895901809487003141773957094264936435178761129814575479211
706427930224637482778718250219300372322226826650799077607736415210844425159
62416487007689481052388211418206180807996220201271857776490912427262882245612
82404655890483611970751966386294000025774177789664350026031965525618716046890
115016030555409957233831327558878324265241322359274387161116878326049804655824
45052166288149083307854963474378179764425370949778919071257978167199624860482
60209279562910846193648043751242316833408745520265532755119275182629495641167
71106623190760740175308258344772358050102418766077653910820868896306555589871
26100842891922761347725180904178659797376613767503399521306705684112725805610
1932096735642639209230793637482336210236167506290834336013944733644810509878
14579557806808894874065808819334976484649691740708769345022189057028017565098
24958659930503400411183677177831848955195643109085354029812579045921308455920
72817928948682614589633286796124873114177272214295349716393185579223965542485
83454870322540155433192361595627928131804142469074346063483516651783271827785
12696314594300684424532760442452250266645506201890935584911433319772319259118
68549112110357629240938159646988980308958333806190617529247877411992169062893
113891729149960986395837035668187861698419587270996368366229625477147411308716
40365999407800238187756808629190766111757950303057163529918403389761298452126
