69675286476576730795126774438253814663119983325523844657052204938964488064770
106985498851671364429475645632341214951130138802331221858785583418043491849266
15280652549343793597875105192836878040831997889540660090876296874353432121468
12810240402136945849930379954431951900846280574156556559198475876395799140697
90580826260611800010804381580121470131852113130545059600730776609103342637515
45190072554279483519605711235139346780262287225997489248623878081391237018899
100741405674447042877915040389184970822495393202962607538081385806120679517837
100495328948680285652478317780434480203443310827703599680152795294999859510911
102355600405989444292488970970256322229676935923329766365117823087425542033675
63016161425314832047456849195125186423535514600113484162757192818014803208943
30645069771158262756336110049645934656862792900555867883611320738738295911835
22623567787374455161283779263145103941745796255217581901165585933621877253959
74161048697422575232693425507331414519106824537465985042851944602160583579860
9802588368865134469779051514953990850305116423315781569076019716618653325691
80842523215936665132535449485055588786146287193300788604436299733949185606266
58815817627413714715205786870833513797422114287377158967546923456370032187635
71651009928227921730464646006749580421568394448482667710965899616175557899940
59190031839909019149579306330673348693330040315542276243609496634188461806001
46028750202782750893569834250206621140323646897269028549359955661020395426222
74856217037169227582479888214591404257067491217517002763911458446917035753335
92627985600885684009228796506005169142055767710313496868786070066841414517963
95790228612775534907794535791081930739078386843138818570542835671590238861208
99404398057639813657542143652442740331143901905932872367482634261646444413185
67050486592489209303502980040857756691291928795819575232795395970376323595343
38042527461257419853703313613089845850755416273054632559368504898275760801527
82420904047561106252119567617645534933821234059406353953062406003430069958855
29382375730951442797172179320611148330577028315830537409590142303951220356824
70029418863859788493287442869799596625457792477675184044924346152159897058258
50753863615004727507466473985730293791037154949966250943090176002815140977626
15467366746586595265743289320573500441338265125294289754245885987829023386535
34269421980808802920236615825599057566051171936250448139914792155927040974290
73425676437776376866848137423894801980252741735738475310835438901768272006316
