71034458493162070005991836019731360421130218819691709370301616836277929776929
45321813229845033142214448968239346140497743671719014074875507371617943432682
51099658768470634001345008362510086404923934373729945947663760808675268051124
100855655016084622974349512257115260630531980270383167354890045989766402826883
31022802781904505826450573219633901086746063844352200852949595182258565951469
87511053997278376064382165394115436618853436223133968530979035894980953849839
110367543080515746177489216642219624873558968317429162266095579225139273791489
75060372332068039298977549876940144269461710714959472174721941310572207613061
33006921516009662847394155689485457896354701994215880078819743150103523690238
95899879846183771243758521905285079304656247701043215486685655428657606460657
37953324971050349486107380609279754255722878223014039445474164542299517381579
94240668780270215646983565237546347461887428473734807344602587029078924130768
31651559061420047704743034203915026502565651074775062125049997040734466589026
64963603480237027755476224646392097878938764694209885904876107673585668717298
41715187783891920490286828334517586778889305020333886319522666645465397836370
76470139540932401391200699766853644041459139142607995176829982215234685134560
65161378480092527190261852532003046577541676379932206692564969906911077191460
45735678722287913615928766873273835646390378567307483471283693469441202815405
112529890139982472072099635645349238713868835177106002926600774066852768400121
53207712761526934951120922783092814227008923842924247095107112611603794126492
88492628529173340556901419106098628807817565546496749407173240046758171282782
86503478409747030408157997489796926116630969421918163851492937610721681269334
51112328048462806936803885004243105031558551488196758784424959755818727625318
91188566929830942946020327774897331089852062167433775034329864588303843880570
101641889838959960128880389375574503136457547388251367523291683702468628377879
83317534765042658489684879180709876208274971510238413666912078996107916071683
33079513371719246473192408870177065994747157048217377848107048011782523179083
54350762746999112929950555828475900821167596811335931915141743018965677234108
78307513068870382327865845249391089748096385937309061535890690303826762218418
58006624111326339586851871142211118297808398738657553145500830834203223580221
49658123165065351963491709108299036495015823034839682846721086616663375762206
108869938598312172862672467668706254508516848152173446671647267822270433064180
71237580380762719940521470164513641622487405573499854987740436008695169705581
61392592614101019738370137739075531672578690650191547998780607587972820212917
90251401968385623014800406304306048746030099904969135156855216948885920440371
8911702601036507474178574383452189406549837763696487364544742366727727049056
9358604951253506817485757748853821198023752438823327450200112466376914602201
8913851679388863187659494681583736689051966048289830650688167643653899993361
63834748388070136841311084021639323704481809522761854520399045867734509310536
17593931732603451667741465426349565123963183691761542407586463453434447959784
69642433780609737876826101563061858652702959066807424488675199046618324992928
65730272061628751516346839417993779726065571842511059619256691030680103130832
11089024500401651523403204470100173434956295261870782273513333515106520813807
107740965916736389270554081699600294136502612013939040772780893016305761974658
109579383511325959763780080557288930633014927980346822588041152425224014890448
85476222339733070955279697716380494965406203001019257446873963690549657749229
53211391996317751437965856982454620832419135772225278879347637863870480665029
9992928008364746527438606711656638538468938370555780183042183063249639172963
28947854122241813981301366765122704970213074781648771365669447337216967624677
22123816279360971595384769258156140109652417643664089826772227343187199119630
110437326960965855921831364668899630257816964950300322913076716869665334497889
108086242357652661305436617825443595016550514986783033128522626382913367148229
101376527509853061191907941815612870522730246783462900162654966375379251624656
6972843205889475348177200350187923861742574598208008856325704193007963798047
97426078026983645932352705375650713379485458375505175657648953979874326026756
28807693220867153563087033628283086931593177596290070384074828456584586966802
4916297465241353615584450276037185786478270971775197695187747786706422998231
103459798568390849843908558749080582929563537504631854972384437721904843854741
92251514343525039341313090099487096089603942552993174019526554302542761976886
49869451731228913468921486641439092389760967237842404869194855468368355002592
114157467173235953191658603497939734968958436323968501457191035329697377204503
7068295981553259276846013427880221090945678878866217411144837012142315445531
101040067206187036744309867134804632702605568241994986919962027841566354827123
65010451770899240712604219863400327851081852395887223622552334785889493636026
32316505563198410808857240781862623045095917971751705633618431489973391522106
78850598091132303654754323441205953171676305506866149824594630741042611707941
114161288435853550897741071479977742214168652243713472240961074274681315947898
30388277763185241661856160677397822138717508946144874419464813892763567838934
40204012662139747035316707108890695519993730155295167334708086259105342591166
109070402253688323857999425583805165036460065774211558603617812307253008122459
7801190089209990050991296700163547761941177726265621661276165838406247761925
57034044208848747300625286671803542913910209437882492757054612834587170274824
62548491456172634618084230030020968757312828045746374446347587384115959088527
11072455334365827287780985395625962082144347311346378921029280587937465711243
44059445527669343503429102102159061892702714582194720049789485050668457109053
37099990807560010111154526831351160765423483706063689246731203385571428349264
498904896293189850652483457151714731077813916956453339028129142798446258811
77435074956009012849468331523518154265742083421519247324380822472911689055781
38433093714325601498513449499764180161139449319728987745641856204791157742028
110217653107619140349788531829602212570329074376424018620781939566148037119862
85401938408252819755086715940340802616033525246641007217541774214908592611608
92633155989251796152085797518741210562578113891500855782966724302562961325594
66517386332933289298720138341353611055334729297880392595269304214385802886007
64507240463451161030134729334879823933671364749688892314038794116954557734157
73810704722007377950908227127860300183447311861721183773645208292851029268749
74321798053489586520015425537631525916954421521564817812784633467101571966942
110988693602579005346592245824230930260403913475574199876142001130308178100140
13072295670148584225021936348562126005229292235054856356527613672892711005577
56604320312170179583092948057748143919059463810801868236910913240010741104235
29585730351987223021726341985769886785369405625955817488545408327393098718266
27813667554242216935282688823184778925118459855795994290718869165878512297727
11179431104767854386830470625415020236790379087206647595231689663675166150265
78325894859723054501933523006385476041942381908864843361046064716334266306788
26029439406450710223325876635657988142726107896526138263086194761969754747980
7155765325514603275851854051177930150862454591767003790786908623441216362753
24120842693789444591644915091357463136216062221904047426453459489336309254789
43264483988658313087411410592490184463046039815101708545952072380137160215737
35658825741158708849286606591060936186036432247670132791212339485759425571429
84640274948802878277444467297650205521929919357157561059544818450628704375842
55405304097454672663794566988449896843020080154806329201358795813645204404797
58864730595266772407147838089864425448060910528047951686039739511063617405399
60876328483749192918801332791239805713716666940938985409522687430700727499580
110150890774607700378578657704680880399061563818329437078378784047590141614140
29760064557924625066119389353259707627071465894972464405722736694835906416976
72845274097960888316593718328644037704635380668857851733063265202100434045889
102540779128450587975037461705217181669320027337633020250735047810319411646491
2257970283807681925821180070596437000875566066733508591435692834759764657377
62629051642970807968274392583522084411018246237257780121070283152257465204545
1965870524923264668096721208165737274235555651005833044421256272874584742422
10302856851452041135796543460538892821117554030690441900387632493292569257032
63519933224435851671321762677536102096380800522520581363091543972947113801659
51336077592781409718736651905338625802021219100401095758417639191337094375655
102504822417825255553696165432267827451867796634084483031868137001589190853856
67524708429628542365156164420805208384820989357061717225181618223008611767117
92747566451910529736659943423440838453585220767179765845041039596833933685947
53060993128159865907903307611910178695582390562228150959626197049590892868269
51497397823234079341868821318748437412139383488548492373040823655934783892313
25450936880523409755878946894660004322763145370406909893312269577765913353290
6305745052814415883409833053754052186324903512590660905372194335887675501311
29827276616787284931000647220233980258610852599502466088913309743893195325962
107136769060666697891867850345242917524025508321777640049752332278179031539684
39815759548404242077444241975671971015027438894604459098167314303716110915038
15478232927119522763471928146595127798594464482644812503223331614855938671667
91807490967039915836426789019981396264097071084909791550479048524614432741295
95786545794196490025336364709651663389183733010366456322794026419606540870260
68205309146529057103142110223985634849622397230990584094622691950074497636379
18528397765113153540991324530014583830700553777676691405702907731132258470616
90290638082411031721030216971033567252819764057949472905980976932788969651156
93002735563085053128338607176878979728327321134667315953314541978623916569774
107700838278638856486172657461965523928163026783087279736518453972715730371654
78794833915440255436446929546723161368114798971562612577275494180239708793173
97628500770753941241946558375345527476667154607557569981362012818612075041789
21413203578087739950546059472687028232717359858477127328224238021768351811107
92273879464548006148414495154735518532255596491345209476377048502072532322061
70813902072759172595874497144828780534195325349167766677228071652035008080378
44789741923783326903847011559214391239324870483441556745257464866072563015313
114920165630489533444802408048609001927410644061790426723548311732871798169346
29751229842478603654988344223763122457267518916680448162655783772850177532844
101119942158449238686674650271989429418405799325413958735249362272859038333036
100002789560508475924761185168431708556078641913539175276038398636136503940854
90718032555406493119868803796324395446332513677979469669940404735081908373402
90165317177538771218786074994611919708102154990090425201990805482037197388143
