2128544668943959036800835450567688785106085793620288338735199223114490591491
89278531240433200789787571992181091405988604551410410829814610914544055628003
103327339454797938386367191872441148701376020672626950804131835082366857677367
107775710918365259978328057210508866161361578561707132542448583537529099188309
64333159991188985715302881481410159361255089704695640684322750935878038774965
14836272005727145152692992309803493928339822384715174450051809007481622018937
35796609655730565141036002834125307899202931851066823443169075016950295990066
53415304884380819654224332847321686364735508773839207993329213095346514921147
32762900206995649377949488071571299278237785239784297561985429865832495281080
83374254300637653761912976625664931511918038148315581546156683103050303940164
54391788264963814272345505635772698303352071580981148740016138041991210968178
111419602239921960143612175328652173959550490156416655887328184367662108843534
7209474780855194934577267412929478059519634644839611807603549393980181025597
110545401710228052268921346932208690871905356878474706432772576803589345639227
94262217205126482828299079520811377679074365353235616352503935518109036165113
96263604486579736687696948284011869388532631177855496436876522771620765209938
106569887696856423681264434337772219118409294965663707651623688444261716978591
77532256140821435460666250328094091656117279100125278807969348223235775660515
88862132540944296216611012431007991503378014047660783423423763595923794877084
26677977648753275653470701173709525399132122555163467910736414104639579676936
16875999862887697433671181610521427960178465382179891819302242350150429887425
11959871914884124142763316616057038243393099145717193684122700023163504938196
21190234854998457652005634315148255807573534777582865941859477634507291238240
38623526432505053566270491521705561475936782543101394888993505355483675036690
67554488227976077216047554344674475947064920542313461540037579480560021368112
115564194926060659412944632447239388204505946705177470206625554722400357516126
1820882782064266542150940092195347508015352491248059875216354704230086567637
50942362726464939398919248911925462508034919611160210330663022650669190017968
73580786765574819205121592700999355484493925478141964487409524625329276599845
35459544980529295039291221510258751783341355497372595458359030805299349845197
42928372132603426210693501862170832725734972432593834587185388378211346085152
101712141403445982181072044281199859576506691184324209058809392917880397149047
78021684808730263239122951511610202144471186521234833512371497447331527519311
111767503530370760777206826355570804207456553562247073405339110190233326819645
95265748847988053974197033174555853578074371035845798934755443131515218163134
50028026083246592061650884166060929520040168633812639380140418955605340532606
25945569779483041216196730702907468145062752705369637816375748404887987878890
91671249954528499079423493538255313311738481318275461685929288293760075087676
14434058453990888123754550459619572124551272202938932166687178033692473730169
76705779368800891800740305977395558899533718126168429957840171329881932575696
79681742233473151083801647212443907120261636970877061944209573261361728379883
6953502945780733456971542865119271552612124652780959521906765144178587056542
32886982604847238810932376495559610816456226258024885054798476295640288803629
4260006393797176320373358546573854309351730591629390615124060581444822322830
59226588284545252592958681303440315774305710647532647238885378927784432663808
29861495896362482425747415791339861909549720516892018249866938762843312508463
56498430317737887248834947100760102420213278176264741961195669832518423515075
107099033992560969139533856621898739025812562164693753724115079056300499553453
29869804575917028585464252266633621091344621831086670432373179958486386499979
50967804694031925834387856636692200856507408608931216881752317945165354867410
4032683655255949891045912587763546987550871417348498677598097177361213758473
111838272405112278977622958349197745692685335464761701733716771967831035224221
54133170758681617343239318136158514984502143876886850949459167310533783046675
76495535405292851338048587687146159425855608570537981238222094205842780709170
42818069286463839971038160063653825064334427969035884549279609148165535091281
84737803227633209743578133379509855128257662737652085895289081324035985829500
76275841673738941836919144848806511088770827792441368770616796059610613744429
44077550273650890036361665224690342526188608337376374718059771898090580034881
16926362708437714543744652291872818382457024720322529183183700277589426460118
60413197419183935324881488950868109104256141835074148972826229255906374737409
88521750553710715068124867371946908143236006229165190733312840370522099985493
60123497462096152759286654443811052078513749447265111212077272182466762887586
52933903013343332068402387992799942057445328333858467246570180221117442720473
25998348330180131187453469534224327996066927704423785548098343005092482199139
30880147337577035583015098791563051790355501353005372695007881850469611150372
33277786034777733647876697785255137075091973829054253882488678986969689942538
8658113532419492148414663154379344166898118420869695433759780986558929017572
91154163591410937082397155246785114403234538799138312561110249511732374517705
105170755008174063740168105717855231387596999261959568299289861328735992173267
43452610707080232043431388001482367714332073747467395609911128596189824528877
83993925608747333851554755087226759618270880598009140782853343686574432544259
286800094477839084290941816081090822768180674231432353064701922003923546762
30075736455981365769897261009628847595548550320657641692964505523546968794434
16575048819633609669153844417552481351543074299145656112559082413184306587729
91859893424655188084833547922596458639565865138832200140590995761844633432065
17966823777213083892363992567173188606815022479302653721167914589000652099115
68462391153610653801084251506253844881191176845723741221530496574129666910501
77573339983860269876133489575889815093778642520380425995223197320388626238494
90036514182133674237784750808039778552004637382993494860566065160627022716385
87723786620718631013212864045427412988253674006018481501017163568726686900591
87998276419661481775944659337697658953827118999430722944133397991940575447415
85942362628181778285971358434657340084383595011277489003368134778614469409434
36396442083791766635450208250971851151436818772202361182079276656225963455136
43565278554813513410201395110227205836998931994510615800690858739428241548638
106494939409372996030832351903711006340296863038690312853339411225556810932240
55858861171469416844548916126690679834645903977048639999557876095395105458774
