249619144255553641338287322797749031897486273680113598814668978923691949524
79692586385434473154526326201407048012387347651301914491193304609844011361638
91436630391627293371181232628715026370143380453101379020901726748673459628670
115102332493933383203481622896471438896127195337796093391737287502138783165965
46347261636389716324396709979947838911289428745460387916152681784944070272379
60474664558167926875307002280995571407386745060689631280214672271450601338273
50550334125281445416358855347861788798079264708820472430176387684358804403192
855970229533659176981173832045796353005285284135212798680308947836333026372
95133016989928646229343783283602611567733122908365011019691619264346002963021
92889412580463654247786253283707414972722195567849290164617889904072966023300
110015364606131317174962525235745539165728243728345301138058831299168646401922
36811444171894081759134248981144591645553400201044623678525575291175121630506
109321731361569521782470950370379562948560777363409216619283950011906110835093
78232164937839007095726186105764705726684328977602016372409040707452083728997
42200313642225985455474464781114278438123770242370256155281374295939056018246
35866825245614138866693753551619180540948672174620483328538187195442549886036
62142247467876397833385819712352182751185816501261184576491824545408266664571
8912251163942267318616006793042108813717849714352546388909443892009892561173
86010673393691115631609461941812972782809307050747753687157859905239725568413
65303711548020194635472970542068395419600381611979196251896747890417911407693
32929327776053277254056552880093507441107990974353083984531602771005623754846
32180275689758268557474402398246171101139014356313324131152659927764451543601
106320834493345229648006668175491325641505162342045372482259180746366193649236
27155475796583598311211094976778681030794755449292536429069269865348172971586
89278098540725607164756036934223809426177252692377787003823071626518508809792
41361035499079018192673101412974758056810314110214923086384511757282466473004
46652388144060142783017030126172629279492164838848268234513406893484159621486
110986745785517420792034380363240473959523466529977248951344215575136717662644
74440511113150889079879320061451715577105743531544166402892016363646421538184
40255148516233828969653802672457331623888925928807032139973550413174603697409
11868870377147042273228182343987420106450346302433917624973214111646719858287
75758290344448006289895895776831799156969717168420395617072312032778553826721
107650440049443641210513593479658710759793696926783452229292393808362345618465
79118659497070842895827759294836558282316636308891490560153362187791919710623
108518781613493762877607618629077788473346661477523078453164153392071976470588
36503534995894553933471529733482655025105805994078154390253650619751200640351
83862320683574730344981761814419426895154356527977825539524091101649904632769
644465569766676859378441777198483805354896179576679188657267780868479306087
77790167138130792021916959605679999800071585347148104231972413038476341717944
13025507280050316078348095129541399996388316491115438723587157192798779399572
60645494278496097846017907447240456367182718813146370781950906518172552049148
1047131330852364881547848088977954422330536017842943510999808158833677754487
102521595323910750981748042950880376932547468762797356622630377452284409954822
4367169518244907200533934372894373017315781570367824837218392799829407742660
111362709240449861784657160965832428773985426718024838189352088452414432782223
96714543294499130032525461166469283635786358049653580629658583618401630855555
58243223985726664204976230774800288614811097796411241183127415502020672655200
60361789109567786303014761731991317438460525855900581727108733210383233848027
33050057546634916832744933961425220005199309046718136691078125984519723099481
50996025513553483966203430898438260161289096507310007622162879727570784859476
10220348241604899523239415095696497526859031468638066035019909981553873065324
87826216217968265676150142317812676909166211124757682147018982849148030251995
109476227373685266919839118136965516089369293762277670988681296274855797158094
44050062974889046566252083885641592445926077263265745267816387608966968661736
115620743094662799366680181069886979855247623305113854686637774255477825530231
71431380297303322990293938768343361516508829323239873492798690966503360357890
37112647878362036832786293152900503123619673703519912731925470131615337947007
55723954293760243815874674987255750470016536333291570619234732645689955565633
73174068975313871254089358475488376298085767439572138672818628434021940625308
47129738889009141682430590084031962884098001352917590876957540321365478593308
61784405070955896600164803637409782679404337439357025689182096709373769877893
13117908218534788967847404274622931871874450478121444233070782102358066167097
66948981362447653433755121620998188186589556024022626775715851206263633858264
25578474868010607937445910422020130523508837280017068637520888082062702663791
20155256122822320333631713507432564304196943755483102470379326084116642118702
82810307074832089596321157643962897678556073787536980428949348504853880808670
58784874239634222076973981924037795304045722876311640811710276518065838600037
75607543496943609210407934924850118431113050047202128178732052851092293223447
107922692584087200214743005764905164396045101545335485433812082747414355199104
589308376148372736075595874387031474636368036687511331741071973025338232439
61932617136623244031452511883249235257922053559307505405575108878370393073360
32144811432704128306147591792125116334431080681548232987637587962719112719563
88561705876973691140118236727221867712375521898166498189995521949664335827308
31329850063203249418840857136008662491034397058054093957155295360447533083571
105073785047957158175220921204040821611900269417802334987110728361540975915407
105033365099006006800861303450572559624593657218760066674304860881990179437304
82480279662774810654816295249795345516118680510212467883550477798310152755636
43600994476315892579198849468704463576606660684055474483181923189991584541294
33792412215131659605859540429660560677911337589739653040361905707864288884177
11625977031775147071498910861423035344315168695855171578769244331636313888237
59151685354464131162122852525472211905537315308839605489242176477046990423031
73975958730628783072735186756149215486859203628598654554640038463036665198886
67057312710137663818303762091836528676060050836275010930237228979689452219373
112479602452975814270586623554929575557431590235602017228185495704872085193228
81041460742735886277342385649644615258530473411219440277057404179092430981028
37514690230288097549088246528771401923423766773853535394360008568156860566149
54479225378254970733553915877899491629427846506638075429902521577994784754228
22257657048502805466946565558316607899375951655451722541435607444437992966181
53195803424564457789214343142066337423803308777093154721428826359822935609248
9464605479397303303354257401324234879665698249263931830433122201410347216097
89277753968546460518665841616177116437156004776797738473991607947562566375878
104888002761699731914153602962035253570043888662481742587024028407637851447076
65912634449944115327094676342799630154968631838517314462137063822742611162570
95860055917005002740325133885846622628212586529006248592283315339138105850435
55281431890680578626855041535533575592084414365480181705333827537631682300028
114798355734229230499503498192248411316140295023937914668447298578522059305716
3847880585232560186722181428354527635523451563028214960014901732737550573248
62179701196251998403415420702486489019578916986153720573084952178101752601132
51247031081840952413664875364507928551467624195480657214095561604652546778937
97234275041010279560657568423403679496991028590127998970094460012713794824300
68166305661665603406469218745344012152467401639133658819305044011939887114607
2517615178315681070233619709102675043687043123100043966861149153090168830310
66190382276665905326535123517411670477745606333413738398794899094194214938121
8496240576228475519205412170960950330033456526025469499089842145182593629718
26423758853222458927420351443763960857538126444896258479894007879712833263307
54860919143349491448274128183020339639339724986828522356855771743122439604498
43969296588666122680103841521649309338872010294868989900147025710314114110810
20075394038298812034707235348267156901464881426245756625694511870726624610471
111838561785044490948778426304055272795286005894881809757318503730426895684846
33212665070737101465740932729090521699732659297355514317104169640420793132134
100303194166924399686631833113923793136548430523283090752650783457174915673649
11197417554767394714386149871854448449163428034397432044357415332365536111241
102048600807989232956055078478909072188136811400929319076254201894766876824388
84859233645656152148346091543340352937586488555493144976751297888593482463528
113780181569110153990397903698602536655968187863288589280104852220759581258142
84505879553563908798136373924293776959302112229181817340869901459464698492506
86539646307675912297238234184869837458185244031339208125827543923572190367767
75663771886569204653824151371543915545575450362419266496996237404326977611951
33407645762020588425596436771281852894319590315620072302033050331155204774659
99936719770449530010098954959884974191428647909838868540379851862716872902582
56109717342935237244200428449564063160371633928947233773085114982593829615912
18876424510758489674384661960322749219881435892466319950233614351641261743207
54377426958271133670182110165865518976433911692600846476796844316896411401518
27394115605502205767329688150529804187408566969104876786803477197244374976470
88268898750238348520159505454931942679599254675695810185267641049121540421930
104560622397189617608794708153568034490952130479533902711282003444342472974382
101061164402248801828930050021449366760543305667966006438585709295109871888264
62411580727344610775108371883296434383514674655120686138010769780381465270560
86754326284733191128030364044546479739990551247204519759179116476190938314356
72498303738958880825267304198773161010956486920485473861859236108782796039514
114193302249904324063964600177840482389653597972617883187244939576315268207849
88563283396725539453894584727564698749128424801891209887581270729067908620697
97004563734075466287531266087936340177317453697016903369934385068803731554439
52041769212465353865516702038708832530050255102834179351441321604873222525388
90879365967517516499589451311373823291345104655454005461112663608842790893904
10730535221345962588522357002888452497867083996379000303218650666024764622069
99918086313292765132497442075597393303260917104588479576846492924144868605525
89153326514077584389162735646342859053974391570719841390106262497534526473490
86675152795952935180703274297739585938702311938644752169920131350497639319663
47205742352841013267030229432463044737207453008432151307206339408399907906857
109463622105335369617991316869341814109356209130651475589589689484751527771414
18867764897973505214264626409298655335511762963325641598595132297632334327962
64361926310295302232350062070233956749029838763108579127542515977973007745006
111107598945341241018272878992833429913428431517983783071345179825151975364695
65640107269483587734853735799257549701543804641423871538441828813247233685027
99249281045931296592219101727340529463560862177554970370379409199545305936811
93915267417518103947082344132009710063507044164265910671578497462177995146610
73956844490456956573428357938071892501318277954033217066080388451865018578774
32440650100817451020668415600059909174111458479041075567663250598218519618144
94412863090187146367292901275777005177818604177743375991223316269433200802141
12012600003945653832814616502884477818208209027713591112920193478790184041111
48910255740913502367530148450480404103327349263353693387620190526262330982561
37671820929879740123580259775966768324449993404402968955499116895654167565548
108358816584392414560277284241620119322864504261186382031601391159970750984924
95330782581043751118569948725305296086445429262682202602607106770002172676747
