74154746182874016865387490426259194948473746470929593763851205692872331342611
110244989321918695557240652763567116797105177975684663978648041867145122998764
90308779495764032416376206509492146662414255466927848543789192079947444218146
90005821960938908729138486763057098706801981067647704093915990054875395822911
17490636588124345912958962522623353683048156813444787043252275464877189142417
62392718635515282436960242136938159132965846299412805575976584003295534871317
16677830740900778085759057591570145452081655071422193299411797883245177245840
10230216746384441334890420430481021133780688037405220155550787592035735656607
104124716590042302925653234889750837482843842168669980420015746663543473616281
97702191839298405686277187883993762683963843988083533566899504685707959393346
95819065857492269485692830706014253095855021348523271777678997259114399838145
106039073294645834160478118983868292270972957594534510304912391888177198493256
67699087871198651921561137274691229818372632376960085591168695181515421815894
16682942688787606745320777535150371179268461218610162808104647922867280084686
2169455072797394204220310130081936606961685794700180812531543505460033116050
7724099975366555430437426670670218822303308291315794743764716102238206050115
47294171962803565770262224657270884576286603808963100789257984846788132612044
91101519017287006236038456931042048997890289148519020071004868776448344930324
56285217510754020756511597345565612756481176398200788604704893878938259479503
4655100793613995811211212827426346181039267386002965255281469767589097600097
112646193562177436867212504447926321783232713128105192218215873406768415092249
6694677355077620632206918983193704677292456941169224213996442304034056246917
101357435156161759078927904636313537925418003643060586021322503663071611053361
6548052248227979869771530652665635156956822084308560805715129044629964181656
72202079140735949663467830739607806715674547425744206169555393422384443670309
96934258908677486570501519099003493486321697341961253216566348330487128942900
8844787829906358156347101228172100685926406585190070178831377156699484722239
51932540011761128743176293405691802993072262350951752864982983283578684272219
26030703509562805834875061625286885949683567283999914975709778100472485177124
99454886222479544566516936302607727399025780636360116317580241771934837036528
62234857595291517475457336260139676532243058412243283498325091244072482199737
46004230747254139233370597156188173720037555920529386816190405165361061074347
54546869947404762368859333183084390783176067778276056139500507226948445348863
54538849830329324834301152200706298295257246274657042999404397074110298906682
18040136763127470043888612769476279948760900063113192530685876028103339716759
53293005099565846496782840295920198889017597405714924497720101147887461275951
7890663244036644744494546124068108757016581144569502894291497786566829480056
24566160418312158818883492867566488809892597549921531203737881563190015037844
2472002112076284366055193275710949164420113305909651828882437759039178361868
97936855612459751605239692084757174545825815695281621655605789132380355446413
94279062743159252390692767979537070813148358506227777089082505656269017382659
64736482836036990636036765212182833333584336574789354896059290891840719387313
69306250601239104634563471920351827409766619659353332741654227165089181777774
86945439195572114622994464263501797887745056505543130004708947035856276296234
70314383060714726724842621982257292644672283115185362577119827727320793694981
106842572411214975330122155685585330359825343167296946448466126978640324442642
62291358373874458445456470615989514543090811728796514267258502230621534435328
6476195039502206653556766823207711102547553760753245660859732702192477967570
60385166505995472005874639478866043911131613462787499664011726047182034057886
2348360332345566631149413592842536508284063471352300697619947888582346164071
104004054542979281701528398728732419094316526667754538171559716705763200465044
59636358851542984020763793830631359123146581274701853892737867992581481822934
55622070342700640762753825367869555559751945680595019151641929497288872866340
95528345546435868451487635467790459485263187887920969311341307086121379950689
53080477278297107177330506022763226296037387777204066055843753665367997839553
2308659536999824741861111906368190827473069605261933295520783635978576739803
92485872616097148647981658381123912158411270869918623470561354757979388696433
34095475942949538025862369343884460530881656920010257342599526113061005299292
51914580964047474041618059470313785241883376387179425066622858519290816917792
28844996096468720869091145852346366813791212858698738231565927233947253754325
34245567415816710808635718304374488937242770826302421377471198098416364148895
13092691035670501784787654097310706634022007848602504195513434667449759733747
15863036383851470920533263211449767395667149744293526475924161859799688520980
89314664683162090071368966225164069041698610508558377713308625484396174101841
66642956479887827270448853033824420632300493067803350884182501671494811176291
49965683517135404970797448549454776320043555103128507099436623387602945130961
74674223916538643438391361468880927641985310217846589027299664978460029057778
105246119599006975376708282699944600420735108364396961597840444682053581117993
94145158578392426433896648234359630898035785448913055580070112105989551532621
36553969346094348577327645573647375025382786246257715830961308406002832394766
106960279569885606742982469918644690657125892560074070230546983539634769810992
85444714068840033694002363346481591751652827320010360061768141415807407926579
83104426130516334863265713391573187465666990904340307744365433832130472892709
73628304642413425269213131833831091075332559032126630402537167818021457515332
33734624233056887779977641215570237399206872108065433682889895847699481245819
107514863658863949232823909682650967166037443011012629778260125714299247127955
103712212910876861607880220859499519623718922200518224187993701674896597934465
114912266512323265924082372260035261227010031240589450805586864352260806581751
64906305246701301856577901442583326295763008753212468717515684044133497072402
64586024036160814634829260372672293593956202851514846556573208997254940323348
56386009422271708374470806349294835365805828998552059344200917902900321744403
20621492845109424633131173197966124017239654377594616310796120761198376228005
92404051954640171378281425739370999927196535496913209951550896162063747351160
3469558817570361095268479641327896221728472985197856819912038233662012139374
13996499559392652744625759928484634330908785708445918383236311886304327941826
92911366351415556198207008201009569301382691123092971450765415578076425828261
8470357775449680501460423696025869380370036201372196263064110087103443884009
85617363861231688878344543590595065638915079440342402604316608118587419762140
61440715661823292843299945358173576010774191223209963317058520422872272832696
21831328722189692514285912722487537085952801444989441879684166781787975358558
17873959106007750075137977328557184746315633804989382489607669271295974907574
102761053477195729083328369136471598559011707558759848460326092408320096765435
11416745552258309900420648582791148518187546591914521420070717162606562566694
5289421701052551116792126104600792680796681636442972082521836554916681952149
63989719518865719040363501592943902728331215546301137890082914769676010339851
15770417642740243870057456288792132018839868021237411052241603342099064534802
40094766482269582774945609476211190491971866466701183144911371208342863093678
13300030998760753696625859210745446810411141751751665451980514704780831094299
40102528354963971578426539414963979710040408116203312946533328143190939825250
8289875949379623013294028319282705235090756617425312647870864389118107885580
77715029166381523717644246423444161169908627538901541098437181826985554723655
104169717907216215622574529551034151277405082613377137223019432235659756661155
109655663577327558652684768175535746646106411350622238220295131293895471034904
105367920239746088309954823298407100388005653860728855257352540748812136832206
108805803576515712747863134340484845850108415663037843206418718699885352866114
72244269729492590033954805276549125674656980008574906106980056308131171560954
52193078883434070150173370182306862579394094713155123653034239582533906663318
86750474676676735529650382439129290619546773210548355978872748969951604736976
83092168618717746250122024869096975428240241084124557889079137424955367329688
33721681807924891965387660936604453255617271345338852769215166782792867700168
81644673075704391423584410998227834858786612830852877370706849754516966936205
83768125555675408487076588850653661131951652290153121607413057762046487244308
