29131446015219021066317128591231980686878540677347467897060771151828771311421
77445953021043380239348111388543108985911132348745088872924716752104025019475
96322653067650804504355013952077070306136669376551579890462635160281026786692
94193051835140501269452882942463539517440072690511269289926170056111504609062
108588283573758574541414232221262017596084875257154381856074304355948990026576
360693135604148599529572367514329844925861794684808446338491716157113524089
86713141498827418515907544535645368465395999013103199001439037100648744716089
46654016986523126802332672035481596656279588067857753760140339097841129323532
39581838701626238065894542407347716734593634968221408818878589116435043500049
41817981069715636572137768875617433044275225181073259804385510187736478564272
30127799141688559484223032898500789162287862041924067068415111228777860814365
80205070286092653342940780876308104865930654561580620992996106663765681472633
107805026574239543819158186984429784982028625935858830586545587380179294879960
1556055927735541649394573134597546454729623311858101353163954767711338800168
47155833621967454790523015694321876275948221218232795422667428726185960817245
111051775466479260277640591941990798224879152127797057044640746677126016693071
68784249691362671207812346254642485886068183323756061218804411755681827340315
20646081735166178817962792176473040269672203506381541681009772757773817999450
115375333814997642789945088615275887366952579241768989716096750824194923546755
91577713851118544026334561287783615477557876202414423086108660012187687533909
28646314238848942980309417227586671956268073205215197216551974967458029957847
112226305235489238102935826822454134178619828906748017307570304797560749874874
30919940018701819405143141772982836629968068946231558343429101913319378695628
115542664825630423014000658619866568664135180775313746272429840482718797255539
53388433754571831169117835025478037303762465003819060582469470585301602939596
34470475927902138155301961811201637710303747267341235691645037597723426350357
103911882896206365653800771033266589250848610244522873538627006604615423903944
31544953863930260691759052064718210297026781169420450055810130030385867470650
98808232697597591114309044961357772836620643291885629244827140893259153260007
44102614573011394072186871054327144689728490102114264114346159354389930742840
39043597630055967176243391623614126796864814084468764092094561626001686323846
96841286982083942388694535378735587746787532289086332976059343361818366840278
76000241026285382934402912463406223468950826028702426681086494091148350494202
65543340820905378255963327895650945600816979969766882000280754847949754767607
6639992741766571096823881600635218041840795369174775057881673847076073459923
60257496194948156525773596634164807008094564680529035498307129872229212705066
25808990835587506174660667948592079800214432593406687437614053905490327054287
70626896869580308228536084927328345599541777383495963831342653718008887699784
32166803675386014979381580707672630849477946245640305072877814271926656857711
85778050460546525432544711892946787841367661660469625039308795583317257227027
427346603296594186091866001142370100735973644870511607170823322684403143519
28743576892983826053227411999843534582581947464384974186040053167269711645804
103593364738920842677849849706760682724170620801274925292060971357313467072520
39761256890579712595716255020566614474445669691292135449747068905112448874098
66440805790177079658516491995093576688920381543413449780528522413492452109116
38292468794190413247975133833209661598970600294225910077207524310322247514576
69635192148211245811437171529059579053731075299122303272879893799536564429782
31961836597096398918337969163439119359818379598215288623608713686664387494399
88366770311091684673018743889644320649000965875764411594690709077580365351923
28845933879721745345025719152119095041934053651205515705852400703684184333942
44372833100096316642694106494954518331195408708117615918571557526577326226701
93467466380028754964298472896138381975286637556787963584173657173185560194062
54059284885439816246511260750313452053494579326341856306204999727487370029676
85323762262777856631154212923746931596582866218654315316501637098498411354665
24051251183742514198888830759490705344632850283302545595890877470054429476918
63137735484790747197323908555628400797116843385188331362240987363188027524632
43266122474970198541682419467549963134604666782992771044506021751903022920677
7348519779073613158438631392992713290312898462522964854936357129419816067511
96272326174840396361110790211170653057586966245947219549199228404911223722462
100306402863619185850684242201417878314733887661236260895072747753758023947732
73957016733004947563258051286079729551686202714581433423486925747871014604955
50280781921487271989343700042404864598811085429952839286462049509652105061648
64040022399922646057742501412170602394773299000838029054845188106839336438232
12830114139775635835165422637673831604604832580192622544937450523013983698750
17365462553662810926115843758668106339713076659773200917898383633595604417196
