64710359967039639645654205555930692956628287340004717272307919079582044382969
108032141314364646747207290235759648980622133252535855637940199473196647574587
90973227708672390620807608757632928843057736153657240956328800652110916274293
90608714381811139047521139571469831943562483976749285788361869400131122647949
77692580228397434467428201692361062254055539178142902982096677261124987084174
101207586661395894537797451221358574690268236837031214269787601052735726147357
106642598086465372061889236842503524802042051742084856333703051129636408490710
99422686308218919670077436759920073618618443449196075334048397164342077821997
37401138588951031142696270621497337611313433142265956858733163979454924866804
95970810682336142104765315193908928699434487803373633153434078647388901072169
40226362368252312973090271435236193994371155718283441964563423660043429337680
81693262640659273513931164825495716758598015707275620992099996637331082944612
30658257522374629278222094343510136392928182821106467801562507593244089421626
64073465036162432602035337788112659236254743945373571302815991277024038538088
46121020588204450505980284299733016491744586414945627495331096035446714568248
89441836547657259991714682575073075875401158008252238623690395200021379096755
13371828203306620473108961109912834080979678355253518677942997530145393025616
94182466402464287328644321440513670743445566167158951414611114837175568719940
36862642782901967402717143581529617198998996072253537123867173797145333017298
30151258838466834270764122299347905302633478247853634612944284170546498579771
70452581925011785253668991204473790641215305095332662409929485579981651736647
90269424720168931452699685814833984142457022976650676913865274464883508412231
54213497753305307913953870754320586878976163804554173088265787952930199744127
60365504421929019887965527147126977959450293257819273010838283248932176202614
99209023699821968640111237604763488502682931457542412763172598935263866378242
70856278708951369374032402696323963868630975036111747090458666130637495929296
5447434327081914233108712588783704536848829846853838663663786642778009393504
11979878959865270154141867549964540007274957824856019690378929994330767143124
9301097308133672359715465654173936353278345563940907229584204671496890180198
39550424517099876345218217122490393101751673919187331346586813101545225777273
110142929481395943879470590132012275338455062361384701988650007924738683779160
16025411466101402948187661680733583146230940747936518794328475146201185180711
85237868150183681783735177080394049018066181702111379386356057416344747628465
98787039287568527408694169791381545552032424327784044264694031094093597009580
44208647701790898185006290493709354468580181754152521010230716829281960601545
109905583941171658875188774587287185512322372270337556084110520938747661140998
11967045223049743067673059439929206049947143402058286970588443589711620684000
86444958320378122527120114458917613662825362462216450416940341696208640750916
55159952950809969135974583729265765801027569874378804560737460017188748556990
23740414661919909844038262905296438510670772453560996433372594004403914351192
2396894015759889931984416123338873157100059679266959121556368081445213823089
19250492295831454208169017330376009871918282420726133225639163629416377779581
107135389679221346042566445122036264238685417803828967239283408763224041345192
110768192250128387496739823264294722505105366228520504841364404479622495419310
46570686130553738309522051750105740514094797865668687577224798088909993130528
25515521352961877837916289083408290895945618880117690080065840486114491610970
8704597568709298277280435649577123679169746216937559812618435556435738137325
58080104667374384564186911480713527026411390150717102078770127273276495135404
86251669071965696918649730503662054938953341952392438447137710970110199738184
7918861241672859326260556509783361487144847125110400686166131891144317743325
99609159259431732673040657911276507880263790257816805522501776799942052451902
36212622974061545696526207245712693623721334817463173460973953955822833621877
97743199209529365064006662232896287039843197957885395154108021044008515188270
65598613739983768379567310030401290308902521455873138749233252246545553185939
27023016272185193285361437815483827838133928838471326099380378068624148590080
114591428383625014324150592840540813853601595853330476959348045199741214111228
56092268810010908769369183467399705749362054461535203785368833805245796627150
66185234721020709143494497416808411544900974594255174833848768547560019329164
35591200542515522758911699524326453732391181881391714944556155718072806683017
5850206592395588055796536320002410165861320096610459277648476352813628043432
97332346158631134396810135427525190941077176853473359443359305306824534932079
45863472340848738422641148907441727635033083990111426928312546503015476444068
74949899156216917101089805267201867471016424708119931957362029546355075530669
110330099939895951921110739524945590946957434724371002927661180100522699697959
1585597561360665195995061052382992182364442808608185901944656299784276371953
23617480658632481699193889393506442714848597501136741754665765903098571619198
592666663966218911099646436672582325269252465827715724289806022366101205031
99348642758427822652969915929601941918512076561039827659993661548361060660639
20582120453201066463602929179464973635907349723814086114151791710251203681639
25662874570399548483809037102545321262333963330384554979673197777133794429629
56304602460212684778261373992666839967072830187271001803705608987954708779784
19211018003654769933965351082070612376700014672993790798205198233455562646368
113916746860142281702614372516103172959666848062529312290889461725369529388447
12262409941019723904041554730633427699856535627082308200843181222902950739528
61149163756607575432050264254765270101918765198618299165564688982980878381866
109004798903175396463432628682328801193030239524104822217662864055615039433020
3128970012370848112457210991672076393554888900163944693880630801819252719297
82189514937514234793270820191918420127995180035775894738017765666337503378998
38522225241680507471582508021864285453888553700661006361428718811059497733029
72843019743732103904596934200360109238057074974959187346090796896104395395552
46416005168814554086671397288499020832875049769502883113171702688585036071637
111088266219688329651367612351167141306431913132431213624138705803625042225899
66469959326134646082418032334410637869183460635719584695806161588965991031188
113556316894522093999393794180706514153814111565965118252754503441897344657939
112411604341448356370376848893484901712527936030170804470334208367777506996664
39488146828754749191219697412121320012004651986747877669032979660667034811679
107397950288995554093093330409649841368084187857800726307524202477478529682986
20965130698173539228169525488902733152191402785851081995410904789068811996428
36689890629624737788672861435601906285527638815254433699182759216277476415099
30003236720312201257285093443803117509384328693372649573947498332709021684547
34369118506082646937960801306888869271255058806359152512462133373684087429716
29005452721797093957626363512162491924032778004245808586799462385208623793206
69067236773730734580473042189009040851985562804703463169869839965970510588802
72498301411800489408668891787390019975244603387263775893757396201129308398363
17476868443208398572721036261115986159169126437947146772808038688645841654296
80544996381671442617274410389449223465699514037255234786250021096092569169733
22361918954051546649040203402731177625225563360089691224017903459383769724508
28676274961792044474360890289707730744372037576269824593341350711799820768419
21523267573268685304081323739565322813201434222796211112638775929327886714059
72579858090872750872541352097876755916025019694596440866249255464914965900601
80342709616664884300398975200724573275226040188810132265390406303938134375875
35347733683660295050472936694710922395667560688575492086523227771157408262104
23776178452743824246590435076777267733220744628184021922280889563825905185602
33749506142909540933345813163669645847557120099798422341781737054712526080077
31142237456274883400303199646801095983968451310967364496998622619979395703706
109742441899461474694569058859929324283829827220728470950162935493237088975688
14247170218141545419571115379931948107067618692789139095403289260544499502492
69822663729028353536444148735287355570268619901755815905237908412561581056308
21281246525637673149138687861802044075167180124818563833985127273335570978439
68806013867826997372861679709810246079278151994378607548839861331226759406487
110292823461943047176349247872032014646325189142691424558727277334272790722011
4902668811562369026588799025128692588947931851936138121210666970167611863922
105283985199873916481126938845298532269729131873836404588216584369068131394205
26358585572045151852279708062888192898316016935221909809040351225847991986440
82399051540191764314578734380066671863520494378380514068793599177182876003381
68282700989405422281741367563155091565968388240348974168229066689607005901992
65885084641701582070954479729358121670317529885863277384702665265009476980185
106922873955698012514383460644492040702386307765233238676020908872992537227403
3231166509677949879568094687022228039255810922991779168280628340406682092867
46857358229991916049497450492815113979138679244418829065906328445685117765610
30047107253361176656540078519332776487641266234000157033440515827005428483754
81550865990427049263243504101048604356850374266325150645841263126262951366579
103965618514042644680616110178259199546637708581027747100477178500928447170904
30898061943416889584747122239549598739681808381548060709247848291223182073105
62340340628373229088352349772683896285265405041937039615382508624669784980368
73596293439874070017183232942451862385650083058307314179251467018873555545284
50328424925271703170622481656469885992217461097975499845747176348925123370731
41404103106457414512787931614081651771097741276383262879298590932730500591997
23321222412761158373097759088429487641419443681406708170691359456430759478714
61790680408198451140058679734791331834935436827761306757032676083766669237351
2710572489711256871562094088279033397596775356187103790153016450360718726780
87370637889041818895491553543093546274041087678025377480067069386355660500768
5288067062656731998241272332288241160367565998941842889353614802938709341278
40198535364635470169881084806686276371116295456856820586850293322462579893082
31092694492001664410344730156938185877823571393498184109901584695233337734918
82070023054467542390474745410774880847738549915326384309898472565580558587561
65161875901871428681750968432769708153038841069781411825132458453782485806709
59315111813199320314835997546446885706444470782350318264327073728909215043084
68474695948479863659088296101255748761964061780265703075263652754321696244447
51094950888423081104164257290688503370605023288278263811037709986056874227351
44070938360620167252138407596771763600214700139533962515156195937360747319503
11011816477604899636875307862062341416152967283645359737302442381005600850620
39763065425118430876922992811958615443380783309231214055720739242893900969912
81803456649694462699094455307371412312340508647034160137414505132429705790918
3264354907674888736462873631044344564958771475568028748203225719863318381477
20968877718664857187976832278476098553206745036546366806794931526782169466476
29624189199758381522489444018038683987284827809674495760956048742298920548062
114149022826339639347902588120751135930567747662850306196355768075179108276169
78884283839808010448267276135187933403695388858827051538135985561466527859290
33365791898176572661483948180994588618030776240885440573940662028810074398316
115355683026155851857161412162924264592041751566319503955025557768977392306693
53281841485369541659396684340473638264570943252991727542165491843864205086337
27379451089121760832064010135908079740001940991226762011675509497237960334589
1775701739870238209869796665547770716502489309982989123087077396102904924828
82340898318205198608780661228304794539446839663138329360141949036338743155833
12525843945975843496825391389595220535782259304993177467620106414202637920321
91267555962225065713107908752384139945878986432709077203300113785707074759056
67877326653853108798947289311066397221442183238898070761177195069198266261949
52456042799016631359737960099103019033760090722909385429633437024057359684052
58137215237808665322355080132105613577387588017141905145235046933862177384257
39874482106173923535261575230541996210792729494784646278960641388379907271847
71310464460283803048812942312050346549140597119023851560049881182539496683958
62601642451782490563460412984342507519384411137437735265979679828739273493469
85082548764331479120613906550146050722362115341003116177186970662736256272361
105653221351325563364971983554428794924965170666028571527086660456330151825033
14393638125294655983980805307591627357158275993307786419858550566194739228635
97490183141990608552522305541327160263729920609175721601533983474087217378193
95010558869842105427638349429757609015174303716754976486093189072694946944207
99317926583792143649525653069101692364960691710284816400647981377173229600466
72902958922824703626534178863879916426884895057031857047680427777370498627899
112326455571736375759083776411205932096016614838887369408654053435036324212131
40363058673245993799965913224505793165575416414208429103267378483136905326047
86406362281470738820932416455560127169031880150141254791948709703579801608383
13327896922906463688499660786159416413783119594630347877941958104479284702126
3605801184580785469655097307704879141141621208375270395605197489075894366847
