1937132454442531392134852451394266295842473138308138779166491009801516416133
97309542614429064647492189218430462916089970473478801730955479711049840218294
27575174396809199118956125654219053351364808260168825969128221595920306572244
97137282951815366173265493162796476483390123128641973068925735919403338580909
24425920528784175978395051878826219926034103116734487441323923860344861904280
79381849033026699672968824219914524669023499111849831742730290559886981635139
91855447255744682220802312426552891709416994046857295945842062444087025388275
72262059202383628628134872729043797566770865085764879642067270246193023566382
83334161262732993148674060445532685883587439520586383385166507589263833374528
38604096998448614118406469465932342818290145082795706553857212468373998677056
13384931338591285767027015312236412888497063562774505491961382062042385361836
61689388747244979366307050960742102791146675763733833445757802371595055762740
30653084773988985528533955756709022228772331637828526179335814684763662316982
26287621210005745475881407030459955548033745901329609872910554962068944600035
39530943522381444077373992218314702858435886760446058966131725185266881720177
62391888431827170251990662821779541665355270133636093517037057685135155527991
47352218597153475838299885523974113971756928813807159722017605189738498608913
53155676701290299592675327629449552978151376348942161345325867344899617067268
53925600312095588014583579914481172480367576179438182170298574429904742203254
33851921447538058717949427001196362747725398093316322499405179205160813429192
63499499991601165335778402637964570093656377407721855459424780306727275924564
57982198533890022244265699587000824178397496812761346023309156972400937332962
6351361767587206336609505127533277959374066757957460267709963673300050991705
61664443259836634348899724964890741221815628993079149434414744176086275036574
72772580880030823030301742390912267343341490864128414732997387062896241404648
44969708669598733878929334822712616733409082650218074444041388957211643053088
75448231348583261555111215480384982291697938359404598369961692941171436001990
13001463083185330678940509873130126317505333889041005158784165665803395827742
4471339120233132454348337768614289628702437909497870474782301923850721307500
62020645652854026523692639617270091652333857791552841750602779167713390793550
47771804590665112748875102652587937287801252578642642486991759208280265797573
101758765193212844508492256211742015108469044101352557898384508673319011702968
34212094799662557299055317186848400994693341225418859600817414559357125228698
7001988607274987468100669556609710160100686709986551028921434248879885246814
72196326595383180413917445703164714873899299399903066035704816542959150530254
13683159131594435332592617699603431846795969224431605064261214453483450476811
43831012115804297038805621892331202796761279626859473697384184729468501773154
25449274496778792391553135644997495305688066070544063334243052606899379170523
77742346816729634891219491145631721137485154315372540655727505414112546554797
105036479582494500411399834143664783058691260361563212930828727166031546256402
68236991236251187459806639983223468703795405543980096544566686361414092674587
76780595842539735213861763418539759005825976735237280167182300966514110387548
28820139425581631621881358676780484697372055996592618461879834520118953513046
78664469785750711975853742033539512072777006673825365634321238672070358631863
87855005790415713693357815328448940892330904330668349849697828684809732254651
79165354582994852406470850690192446105548017067358716680777607694311596409854
12295678224827102776858417875990162376763817507840781139188916885757255605200
70082562342088642879698872922804031155718268298039932606387932679921089911464
