74619629856447579900229077409869102652735134540968857473589353793670388319850
290033906804504120959309973245811682508924599478290922719183576947865163994
89378497139370565311071933819542633507720515573501222469198021979610102551766
72897049894956058224506576377873922700359213399478169400501271414523852946498
103598164982559369923921089578705426892497800663840768801699635143379741742902
72908329388990050868004241415094891286818479069144062763620381231661034544631
69093420145297479411551697284099328577270730327918473914551120248594193768494
14701159095544169452465500395020878053902050858165131941608386469555179167117
2604219216390146214642534177321563846884881508061434961614060085080043564344
45101076755296482470744223100573250338551374191644925649650653632843279507105
12868766652497469213241015084522333192293019196354561748517846438691272234102
93267005070636179485470433314825767395498796781274372488028825674607480093727
113882508177894590540415835710182403589049106380784128172821400369097328170674
64818825188870005648061759146180938382544794829013903099045219008944973491148
27451420957149140786196227639934780754636168841738309652771510005959791784970
42846279126297015748075068734110646602566169835956557015456802895456531013394
74659766850677674653086449319804142782610922962640550925213135680847989517998
9109179116663182251653881039545881494573360165010249723843892141096385287254
5585256623205710089027470853293035389132428713476572194460404070585527343027
66273534869387258103056203090384381136511454661336836350851040655644516437802
90566165490233679549585586899218881025326712569063861264193731553186352347117
59538682555261556251004002800415204298387857756293820582960028806862481806423
19854945228083135028349619804749627387169893297234947114879100005795347961466
