9119563088715267828035923124495678983486513361002677433982820665373925244364
40020128790066014388911237884965404814501239689964677208849149298568880972221
3914827512228544617160520119206093398214243270084400586263115884339806147096
82146343151061090177411127600041326122674281124688846329036543031953619204095
109501261484366968629634135153404577623051341557329327416311056574809091065897
61945243604398051020614764830712359332885037631076798585332807280644215934935
98578200848530794486100419216263820326564367347660933599046103468589159520555
98832786936078427610387977788717694455682247971475662607623261365322065506233
74106070951065682807515258139650955530633882486492609968572888915837525260289
114738940658341717533055883431211541039974602847228280205791221569834021888118
25337341990118119033182212225178560089806604777148671198904540144507750593954
109209807520445897914652883449682561539085988738762400419605018344287988948913
68086965374783258647091581609026314948058231143819613989007739921403669491414
31211345419657755996822915600411121382247351840975099785950275000094075370099
45733248445734027269266461231796620545967820909059813282739388455966763564818
73931249537386536692303454641051610397869570193274689342495940399307713181345
2842845373680347647089864647967134230734604468368115525582558734684219858157
54387155057495968010147584959035241413449086449933996109233342539466632595435
85835929825693161585399280837387581118102772652148815135674225506503982577875
51443617780711235337790326985661746696703276234545352752389785940890769818423
87848857585115133972777426012121612053142584665711717557331821186443527058187
96850047644478637838310423769691410582334472801594609552782515103134732052627
14921113161010993076810562252665861466850941466333678915381699456853092188784
57074931722923795228945672844901204322748589312533175234299267449875724018513
18126596623592875375527259085549948414956669571478524009185637571657799406558
73225205606121364552594946588346953601749364497275095351792811084255532672684
21246415637202987002952101276802268278500448767462983425073720151290417384993
51675850108657817664990303308797411196617135038664497939184003472605897025760
32115221787916779252092035697665874302022486489887183914676853793322829882914
99911856789730493987203571409682007295878709432002565029040726475179009953170
28219194658733378309215461147952569783303852022535957982091224445402587423598
58359752291355905147435218387942728717396057447738563549505772223633160497358
44143138006684540507280082898201431813258954504599281079367110419257389653415
57039367857312427282080090172089060609920185065889015981132881551844680874994
51449404118534621042995992215805073992462909635521758361566374735008060606051
57013924180091895194787907586142715322716483343229076131820207713939748572339
47600091587904305306094856103732715022876637912749900283140176373017396996835
29896490084354452015114747765914708904536998565266663508178279793232229379350
5827825635072503192828573756519111604439933321911673792972760790958082429962
96318239509695041374299020903817463634868462080018955500332819105339502971905
16945299621115629991881208057829389368820857331304495111379756050141592455992
72572241794694683744683989988466926610568395586560166656932672197120775008845
59455947848614401071110528580180901277049008210709320656158217833856354156028
93277912739525675418417060623282880041753858704857126231248037728923976240231
4301749666271677655630632753025457741901016257464988641937801516476721690116
62745155734493574979572034911222791283820923382257141413781211621087869638962
7835780947691999610904709511250996404889082321441045009278189143712860848559
52735297061077229090596334194677558859873996477436416892709874986652261416717
53689000575570293010718537084511914342293116933776222410141316981040077756604
45632200635626749459520739682804854678215391707265524375842367935460290755699
54570249196053912755260211262092453101305360775085864061405980202168684046936
41017935587828701521988371843368017510018905765379887653303236205118489169724
9529004580253177932302918779622296392351980965800848410513473597720608577011
100456176128985840675736523891452808032210035090989075710102927067301381641961
28754123627240816426982182864233046232082465627649521801575263657206529279024
81315321149299510025699176433441532545749518430455394915774200525681544510694
31724989005225475475260320071704439528783792735608253424810838811690212956152
28840411410281571482649905746105430589890124437854476695786848053832511168835
71625525019147875596447707066229973971444054400166622897287586078636262795200
80914690099974924701383448369184168906352465728672795411708246642242308275821
8078392118978147526889279138600068307931104232168439805731966109686937843795
33927351901912002793863532522945708265046533856235618279297977675711792295218
110238360001040480111626249796020108574561007158613264477129820210346068859099
47710210732288874181215693367098467027379477513185911991577975071797076045598
12342070886045866521676721511813840660531381761920712906130086348925746062767
93321316848821061914126281389991276168165290525892809088844215633309354388393
60100201607717445454218171408836616226596922106361658440677705686740525598021
8640806321961542352673904441146495429694852788251909204550613315193936425427
39868669884090353909082411897569956579014307009947652866995556112621070619751
47836414551760942659057358261905101015789226966487112289805855201375677710067
30749110193208766617294658910923731544072025685638229733324609659289102442830
102077440363245038210865974442743969208085564177568772587383808721404091705793
47318686309734767662370903550769470121405188415910758460209268909598522927942
97675080157947590721595636404018266998088095971062102504264475174104966186267
77152382953275091313221947835638815403174063208642216791736943979093139056735
75449916164124583661977581569294307498748188168925488095560467039924799289223
48031524840984722447797418819330771517547045497458634135625543990151984016320
59834887119750616377013748846647569613432389960957213297250249781911759584444
