36218023361995889644510755479776922997194163433983760684434368570222542556335
92614213529716408465843337705387982049307926915667991716016932243558841787441
34895431623133820983281920053554356810808508668046905490471647428490678420724
105075425255476644978657515670336999309200712755198084167486198502695828162412
19184521398263279049424504479155077316982990986363574252130887546952316536901
28881699028609148646000193052083878393830820556035231372081687260305251578678
2562658178184936808626922720142436603923131601586501812383421590463582671664
31483939270337807062765846390226423152992883284681508956393763020821745772042
21884494390528380195356404128483619433320260935634335341644514795696191422591
19595806020842419037819340469250687588117581303159460861505868007769166865957
28399121420686173101817618506969764852926652843829483712903609651890951500777
39887431431269718976282907297284081358840549061742407908663388080704030590487
60186514011797630224685407797080954582913838685886725179412931192360647963462
115454749805989306095427609935898043270546580457452889743941634520066849170273
80231286040721818333577135167661175821888813367053945215775511584459773668254
78350925609944460782606754257352053362437160622415957084731571815180214351274
94265684885005794323533019896391806349738853503192903723650034092761509567477
89373168412210538540556432410112830355313194501594925772786065713010148295429
100642134509191941830016416374205132963959140843973466539212500018955959869713
68249074218972700084458763792408707289524634027746635806089089942446646506494
60279016635897509549234642614393742953579149432136270984064246119956476547102
46447677269310276171336274917125639190674144256063006743165573016807928144010
11865152212662556375010409498112894843246262921169147569016925830121504996113
94540872328132184339509476182333343157804828530508333061672896380212216351525
55616582456102064904622699325160125733884660048549186830537997457589774509338
29463294175751459725321748579734399722207151517688614462977711984788459766149
11354433200242804769606486643243020119572340241136745780131693060917910936879
73962792458979285067997292574164941624755332498764199286096862193294317382096
73069895885472279924258868004126531962387841213950009637430025924364512393235
44863851948949180647498051825294798308644305342794230894645589508256567092222
12057339605403692489529570386851205658125796213424918402738454672581608056559
79373347080728719463653266218596388859193484939574824486154512212062526751259
110378399797289639031704965142012501053418916629441946047151360557652375924887
79617243389903582453325887932620866131505188721395514331778886848718127642311
106579675157378658905287991543557933526141012711042787856001700336744487905978
73594760415981996518405759856316741479686732620828013428895967709941524043070
107683601796207250397880192610201554695592539617384711279233579020819252010333
7769087922812469442989184378615243853481252820579751046648476294650329404045
78310227444198835819289683960746042619724628431836580132563433783022411913089
8929119450412463469798344551008416303773720239758046891615316509135145677530
77500807932624498084968202492817291327228485496725635954018135909126040336692
29665278093946903442298456173027369732502684444388962525427230837222356334811
25058627059167130050526060352735223860445884872528334836013235504337788061509
61174168283739258644987458689591754852730630730887939103022559908496420585489
6692965849527583831073688006442391050281147272389583847057367574699496855876
13577847308741144569069330899196695823218136509451260225058248919278439022957
23249879089445688189293595126670644907734255606465168454290836241861379659440
12595705373642114028848216624156494420253000169470826302944484125647751726904
33876649839016627782093265955244675594988460241952591655854422741697535878935
16449952152671917902222007513266258703841172524210611126459356175856784852203
67166294977583109283375012493350414045998509153760054390519709737731971838384
25010396500466069537973539469180488476160564557741673620430825454314588540548
109600361332690861335385891350746480606180998973952162574633167762509177157959
97913800611796928621706410054271120314662641474140958429861100051448108743474
45796527730451690794364533264238318875262213099662943795018245367873961822184
2857032859562276189965622513072465570303246651934380097413754927920094878056
42230605828862495248048660022994107512642930290562684563818857525907475291287
54279090612016853660680322554162294428033085775719878783313517564929984004199
61564519188879517191169964198014408954334808579447362857407547915385352327416
109124786047132939740817840739955100141061402389250498158000579361886677539251
106542963036791480805930247318914840470864965458686515727693633701464381258409
64894710224419328808987680039872615875675455961362169794308204405444272885913
5684267772835621771832365906054484783440891448787397734144093557117046927931
50643298346116748406529596465140701404170947168844097125114845768796730385499
11972894673870337763460280707571216232958553095833855208504844684821187959076
28687782422477482395153621013299059978334078754469781071239844714569919536659
15495138216898292283485110765191199401026387295799341353633033642654901771250
73846051176253110163184215192645779394328338993394817060402697588843542574531
48012625408471474740846792438147471724068510338774446374990997625439015959205
89606201432908861149531778126089069559177398877661309799279236901972783428502
99283117750489109090742068179470028075304890910700611555598880050405076248133
51176742935887267410837711701207873434757416106318457339770475563573588485921
115283251462353960150668020299288750372532383779394175053225551105661574382374
107146879018349471612060627351177382757000466733391372722224799815278588679241
