35207386920528327817896828482753737448506644646472073069725719442147534231744
62813937625160116330639796534761846133990180223603190439132412405008255149300
97048141929443782593920341227579531540840860458034388300328047235621321526810
64726895670220461144425076172808249599926807546884116182413424735370615301669
79050877592676048538587440142750595470287770883393036257344570107252225992537
54918203864330791984981442871196545541722074690626395380282828340833510758866
59232373665598144925976566558618891836166945871081306878883700251783165235529
38017354437452079058638787012973944213921385910542268030806445798591409105535
25811479236237051658243873742817308847379277020113847031437495589884484900806
87094836795186579928472094092195535017361273845941262966085437077285104640454
102380562158573967868684594027448926908478932032226657643704625897890639950164
59849341191285239016843416495551324161272327512518260444035626375590780247333
13385856278947078721855438497165491407917431389435424799284161491015295433197
49522776776779124451856601652899142675643644750869692948716871693533105308084
89998805161428484950200325483330596715221938068577207125565369950512016641517
15258644903546010899373639142801022134223513033608936017032358208864510900945
71392373494054956560207072696019835558732327012370140429465286224688356311435
12401716050094782886672233831468864883948653282266207870848602682092518340385
53513504944994523441197120401532389049315084517372021527663400461379962873279
20069979778627331629722270498612213940498158893885270616676306563194227146556
38508067584522756880042970362623379860316728545727987774820036342311027573306
92867905883560744302617520337754394934952603992529667542333444368995188545297
55381429352076436145117958832452534066764148446946710168529282192289071906046
64778890643021792937402747704395265329523118522216840681066230486797291983984
18866991040458567584239266728970004257735395361523528728500224499088813983347
76600091262892075286921413983077597044846772024004646645747256010876590856391
22248080878279714838863296105195593802320839221966962907243402903777518794646
35804064443196013488476462402261957745892616500676951197640540074717408495287
4728165574842181303448744896073505404950115390703481230259130849783045881705
100710553725813056867305093826878205397625366048799387296743079885633451459929
13798498571524453296063679162800432479621951668314293049557131162105783441764
91352750186298511461904842593821260005335447716893229174625781922860406909881
97078955697430824155477551760875954401157589348591708374369498981914209467248
77630738577155079800654232962408630250471117470116925456934761456708924821515
16922643917347591253337422434937261687823981762359311412846261623297872687171
29372254463342533916174900781997064099831050163170192507073562014959892497754
105763074462364156096022057890984515088039007030138120916796590171992836864078
5535884264326896973498338653236531715582556661013796831056599724562690655274
71541238717244387227578333763128262268990389280177506015728203334926767294137
93409943513506523134353064190940843380280064786548072789448969132042311618657
89945741258742946755893513787488642161125210452694179933273006746497669990524
3595836729896828085621819271308345321195554137205515423380467752869041571457
21027837899395350149207866589058103773820371369113819698503192694805660568347
71487579125426219325150792447273412119073169732241702437610819388201968129727
19218055882001399158358387534964769631444213796867418223980669770266099723190
86187461086828129073328842203149737501786072853268381395206925756156242216704
66070820565245341720480897602366789053747088867254225817398112405255404740005
48862383802804416648324509284185497681264295686327325805949069952523218298694
14656792518721078952007454165994026665619069530429087010964881555024578369691
54265198560377087411005549465241112477900599950243606334996214184816477994633
105382586229942169893303460599391975141533266621542806209686062023919892371686
96622657623069830351947416606392315523107567644991890943842824535249622920930
25908726139794222457975419244625005727836621318766479222846621928609101285820
99603255205743507523958749632377497565962990455585579456678522550033987002602
45067887405981115201506191731701170599874545523853801542831785609499855369443
2642467933178227841498817021676359406027199678923587681630585840136044652482
48841074675453424723970424929922215789465929976768964857191436926228397101348
64623063065094072050619603861385792376348218841251799690401113066219855458888
25668080282833787415764365450490304936612471134233449923982821840478149687676
109442351652889314178366228873569735931588054611359043185281965897854247445052
90178221854963123813130050641447834769127948286869092400799792569955581023825
113744468048717945103115999383201214167897395027008306382131418797596161201899
68955432495271256516545425545966020630575985142573885763108353222007036925206
49335042737579960902501221628321672858002272077315001070077326864166584541678
75576334734358862537157818360531118578797774706732658613679335695779710237811
17861500200662877035151188505607458928534376139434190340015273814389138241555
26645655018436139803167213702266974402440908773987462638161633221044383113208
74480268005251714584615876844429524527329270056796606744545515500251495376844
83376138228619994907543538136107071356180429428657428067173967747823506598988
19679844332927187119329710691389046612569411172002810669336391686632136325294
17528610012863217876779479288613829377439353132562296343699795583323824501301
55792295057228814996369768358274706664035506824846351907555455637466336713
110140448224835618573745947137193877776773147759952116054499225879740848315644
1380541811437046320707991195925173637616158859260571846020516169391234555655
37210068005842003456770215635182135008792301289444218393249697508266851410600
82587319131990404918335173335264261165248548662226825303811821777150099052021
86490384729200155983306893870403395501253112729487272899127512084374633481305
82860751000297637468854080332241962212831577175972660437157976891431720556644
18342604372629191067636868689873821512774047445424031761398611368415661619886
35549507707736842843813919535737966584559998136855087271863563674623914203467
44811689373313690115025439508604295894053509816979164267873860748134503032561
78722552478360633214572462593349885810035010366220832124486186770417515852707
115704683420693592309526492141324071270946780622855718932116464035775674932756
20334781838459341479801402887212926496332586583524998413548088551055687727825
7384868440313118606951056477333436747846547192444521887996542419387624807785
39646944656077790584655087690038579157118091867691643107113125497988318015027
63948331005684676420923375242277097889620520161652281147576112019271388676432
7991246610200305237255773262472229928214901370923273176066723809402729509512
108170112857694374681267184306499611763791703968973995723272424656461817007609
47994648324009696783710176581975452722560281568412941984123132400261118993779
72012486166799567208251437918386481031716809041878810509109715001477781948421
103523804961841026220945864031062415122322571109346768999075712181784484605336
114628470784273608115340569036183306850533442411725102060701364252697105077936
104100268402671595058985687152664670665572682216707290059472985168693737794473
112015733267472507798308638948146386939454787884597221525086529568171642769178
62048653188660354658341160569669403087836536038212079202412595828538798372361
63954521966701232081709741773966462742591904206771087724825039162511393032428
6171524074022284553222689653954573711058838372906899829319607339265717450159
19932364074157867194671637446365384381069809996851854979475824685252503058694
30575093227329397699883943790693981909647595213007303723231345779328462272941
102640241414043717331354336440795543376687519387302313996602782223013299136564
20265334682612770431092890158523684963512976679647935373074412748834167321064
94346393395551249484284406165939032813048748024552026140105700177803574590734
96894264629557295152305798322825279547524598025561154311350183539136422712399
26726119512062348854230865952832746371973338333286265278874919564114089498184
37033070598581016825786197151763604698957497585182520560458587122802749064820
61788295034031869726346689103549291895575545724056106149998956002727517401792
83182309819375355998515349267640564010634559045536068288117126154696299945820
24593559777307557342502727533296471439140688349920606342881541785371211186624
68506451973068282400653569980865394291059096446862850366524130737433568500482
79491597120152099963255361204738227193144145564931361913812232903550518154230
21788344109112307889298843325094995379390604286148511514340407169790903604587
67219628977085540163043919468665462871445701183162408422463156213202009886850
24892564225318149266023740040915950787422464988700881554699636679826859724551
55345278010994925915206180589836018100399492680667436628957494415974111388305
63973924232081690169313071088954197239606473273096373973144718214317990607642
41239374746992212699564750509632919505477909745601051333964667149008757720370
21473591928443862973604644020474909696072486221169665055552591083211408953149
31879278465740778766817575460813981467966796803521736163620473203065293015282
61743889637081378635552685979171849490459850687781129136997852518994664431908
26644262652459043707276152802488069403885489594908445919279477382036616866936
21839569181070409838668814398610546075027295502678840436528852497803225553714
33708752157278356334169271581479972015416950503478080457327078260805319237525
12516033647804132389027569669690213086320936743057432151498210432110011907748
99303934705873867893980427184487549769369905303968395375207552050364456651699
49229929331124205818189904060953081585807296787289152387601217512932580464968
37222847628456335777884152182283894812168171813111931676965913861272414253403
78552075892906289956642020917793063342168376586361878115747749024699910742063
6130726001785378465914787408991196548705234468107741088857760578364108571537
4150749582600532018099275821401441848515684126321171428769878533647091347106
85162482591631442513775814461647491844378992876736378913934685195023186238900
61624869366943161596287273320511099301546201882438491351448915279743643317166
103804295988804922857238810220054753678039265577254848125833586017339602628285
52098626973768646366034659902016604109922963733241895334125126785152302182026
46992148980259927793297064969798722232334948110359384678940761205144038947088
77760429517046527864032381194225520481443475240914445206732144323674006908524
77342547729876036934665879439669280568836260976548192319762617725141060271593
56643246906571732797478675894378870830575292864405161198091876034067364769041
88762618634929652270620443052946642386060917498117827192412340475517588203234
61580609001298521177820447087359194870471867207020712982613997602679311330813
28934941134779356819475122498915540093967096456552729050433941485190772055338
85619251715595688583277451245411616344739463825799143104739021790572292873939
5300253349604950603986733856735669772555161096751269655332580507631619671884
37527162416021196546464178133033052866088740515472159739348017360251806231811
74497357425816510522580281047425582099658736905148486944511012946309433594593
73870973816528540590204060675505644387363934883225851307936801501745010854435
43893572488223156468733982687382980807194740312290028923104418309578794097794
105731249037408772317994577314025507709870735722621511250506958228914766997253
100409789817718492430872472847736452966621850230335180353347436110990169992380
19244321399553381408123008189102862268543010678963529805354098570429373183172
5308732078431375515698597725118658187778563885939211929352295081169329759154
22026352814424225521273484220091400904224019762161381514303908295070120128012
76985428574828780627908687820678582512056006708344312636433894767237563888592
94268043805925162065233128170690775989796565263123973602119388375183677013556
50848327118778150386195075606519216566002527399723032798767053784989390229319
25192900892058487713374945734455840028221355536040214977513406570029361284149
71840736377873464920843981558748895566159715171831130354930650535585791583377
74543275835186092162926742002445815900134833536026357581267022031144018967
17536107161795618055796694700935454954211699263605003720716880540944936946934
