13937323632678353735683181408093632979146776998822246346219990035409767552226
48613516206172576702833610852480322611029128034264123209717751629363682692777
92468478883216567046316153845288686215533953484345816109846112055517882289152
45663552804254852288924131901026323360796762409568037060621852876864920910656
49294371712029400501055452845264457691952809035390368933914501133786588872231
27916741406803186811706770964539605631183255357782103301723047560777040959588
99224012192788337689003167407505180834477099683665850652144050893453253583964
66204001261561403654374959358631234550211717966201820359006635156158184622795
99462494975668222701343816492746319908126160720789990227985627490314733953125
45708357052884950160196913062965086336365267983468433511083202386440821259148
17101016308026110691675452023084587459315949457809697647154292403432938653286
18004468487413033927646179896649748452529303064969920483311381796953283038908
112795581801066604048655554262567987424156779936447276693662603898937445024559
38596035692039114306125679822449539919128726791860223548118455813622845504639
43555315694179861467526652906267605093555449818060075010915130070204776548837
15481348514783299102109329051246479086945296784658933530823074131351090463456
10963435317434990556745978237008868873387980145314811112618931813823880829849
14071569883780908959730485770744176815610735817257372721306614126853368245175
59493820535426991259985272055053075012190072075620207455916331276298882924479
5462578521233914972949172765954152172366978448917457714452399934439142932118
44744122132693164935966882028574976796360275017981460097000130009859682344806
17365828634197122015987348714636049066473254611002668427334905237589755343682
2143438925942169501372412411648349490653350911366092988086992121484251874736
94074174655101011621410605534826174663043308040627958988673132075187191907401
35297607716495270385504451295138129540371055688317322951370228093977606483370
73248036045778951700790443092633162964362720141509522391929007033940722582087
72617552250607678896971560645404546108587873867521482608161226179770539974574
32195767295349228686316968868292932413693574427408739844889085069265026784012
10922831820083622251992964342190132301117517618914279179351819995373891971314
50754110552662276722230651728628637621560443909977423574085427809183003096985
45874455330215060632448297187487427196478788853808758452238300580205984422975
101923514754776848634615601327030865151916430663448868469708244410429995911877
38975031926457204421237995954372829022329970112735172502634962182466415775848
90687539456907005150656256942614201797880098177500348712208180152438209637976
40339529334759458414796866543994316585640258949601398896087562305318601944900
37035278939503151985756236153993138293548105075119297489703314043625885568547
103304117279377722335154679083389454450159033452677149324635651346094610888201
18820812951145689990929118460188359898021062240346208447466243976303067336441
39635165811546041356068832962078521321839366814016092360662627251134209261910
89518149394165859941362313990604720346788757695280671391819562085964852711280
21672755937774744100351028410866567014095262915201405327627772939086738066941
51382660674556475091930119059870901451320728356875987724051286911972701327676
103308432934929707163016124444797773267725586913381084652179025128202367923135
63236792446488036489916298014581458010659460470979683937250244954589962176394
46367273443845728919746829110922004162627425043035725201556995995541434041770
99498122309955062767783413258884152216116602053897024894447807733455954605380
86953371619125552458471535715764391637539818302002753386369492166060433064378
39290549772996396178094448695093332776140371465106185407915817457701524344455
90941362356457983226817894163411431529671136173684230941036079871709935769792
78623444434838900964897128094891851160551520617943227279313121599862715096014
106265189999272494395730604922879487562666129515104451797637653463459600782515
70967879722358321423982039612113003238013825056619843051172020072872086591306
97618351162696396644862562109336046423460287003741806001056407299803524289501
103168174090418770227568892276060053662578089577987469052938914889939460531027
1011719713548610310985308041567619489110384827591640429992848266615150906169
66699138682155867259255593350183246334755215638529795828287525650680373645593
106070984193605266670589165719797580108190636573068817483227436053193079772742
10245149032663179751411476264513604457863973871276465512729617258611459213870
36083025418690908240052082677854772762817154744814361959667977203523395765554
1114498917477723380410251868449939525374150766850051950337049728874426746363
25138142404257445407326920842081485262009525451850787697038244437235199717378
84785652973352002437957965284351332184510523277818609770747054171558803094991
58983775287754685003142016414888956459458277485407109388963730157263067335429
111940480685011284962383545544254175127291997160679087324582600285989126464824
1670262905242597171204845229926306433849059216876487987395115548089407065583
16651901852066196136608505144695287350700954893127576845724899238878458340604
89661291673654913143187824724540663405955964761072356762068760963716963813109
77478037900340819828963091702965545556711091196897602494245941547931156362552
114042176901068033994355629422996244735595993909509525630673219982835551800196
32786682041615961425768790405698328616314112760143706168456872506120917578646
49191196693986718512481967021426785077977848656876759016620919801013676562477
110857080391247904574303094447942970224911903912960861245786116929220676714670
75061806685150854404415210591504884428914003571262039967818924347632804334590
16160367138414091232342910801002631543644517014127882367337252246212369441665
11897886437785972485225885213468336098574670992252874285802347751117948281142
1962832320597162136147196469743385500402117639925263011130803765296618060054
50289694719062521614643045496618251634355462168041637248245249025889178800330
76885737277587251449579462593652628865176966125374897427435582005098738642887
684840508478891275989291034051818775110061687644891205613822181168436956954
91025323591447320243796972929824048557106654320978826461262012615131842411518
76494035946288265131226552630548341111093841834807635973893715539026042667624
100292365719190822264579183927544303908236147103577006338933816402310584953456
30472375574705050562667722504821247817987605955141495392207467512934806732597
103753644721872097000839984950267205652148555745075868734459695878752581345351
83593749784207784695010448244418148865744698692140188614025660036200131046582
109923383964940469531996366374956965705049084016435885944979695651580745132767
30304271150890729602571427544152153062236599662065396813467806690672390049468
39420395313597700909647507825508126846373357219820523416523309430408628196744
10169329771885031625726396014244306603693565184453489958069454797418691181888
60879124598845761645334101783547367517907535751652205677790148914848698095423
50895425135763711985747682131169275700002575973513578201256575945566065951775
61554212934542264954690525393887326467960076664723761011699844479758069358208
65058697665711436439250294948259228868769979342832031146498680000324933047416
38198892496583314848986751297955197831508145756339271054300074560826028186210
1088454363018102031816979088424354046430674967052253726580998318469430218843
91272412709202794907123760053034306146303053647686535057042673626500694255664
54163819077548372478524024252399200469420903485813825555899683391254773434236
57331984133034276787767474906891525346697158116315005019843941496934154890614
75288621800141682599029977019035038649924404091264707793495546989306594670511
27990577717265011997410017938831382001554461680057078632035407831909619831243
10525625028424312273703704954279677787913295470581529570008621216938478615886
86253232926523306469779599034726751150040588457654625446515281387420314542847
81751637193882769807512002049797756620756059069984973971982311206512661630371
21795566839732858516444077697531489185358983840829638915728785927984874346767
14441172991306355777289693024829750250016200737411494518347481528316224091215
95411661534653849640888853696422256915930528034345097829032371616631318205158
5508331171717505390415937828045682935179229766660023653600802911038169465086
75521850848074120283952879770134730475790408797548520944917041978068661626187
27658207415896341303130255071909709471306324397395565831428883855818980129160
14463489678402742202122631075291913976030831313788404698968850545687187124055
84114497591873066147491174888362756419239456936594158709087654653419703551014
54589695758088051888742545331171186649959407882422851715862855358959319007587
22615238103348446663795115809128907130188893971674122765870179538356180188338
36667288749466406440419021289271884912990092016374388899977686234072152714231
90628873638933968673225925127687218282141442537625014732820649775042385544581
20119541280534485649424241905049526102259520620273562137387090116434711997919
26861341764328518565894170374410513362335221236337532824166254282010247365981
10707296431237944621561039809501885306439498921839942038132751075231175948048
70062797449687711519005377230140337618818480780192712211490177347648737282459
61185779084454852262112490101490360638275900911252094012722939314678527831055
88584055568473445675945478536912767090744736136814862058050168850293204991060
11086113786205389786676217644411356047869032425452357568783210317560813149931
1901715587353295627262336255665906710638648638593654607055560999684005012244
47757519934692223006154004586091321598319142063197327147250268776449955708008
59533614216005551675737611123960783964180163539709088303683117030141423196147
77963863380615540710502482480458057671521341930856006822816589444675415001463
111050344508910680307511696640709132702224567825398612361811828740498432251332
7131123398579980234287378872523069686825857850655970301770615849189475511959
19475879972414503025741481016069101488544619325825241493993655166312040228269
19246810133027547061763553966429418061270613634975162326742277079228610590791
49324298345016765450643170694609346097523999049250601779601519625343394671218
96776381385783901440208892333963984099578748842622950530413713727333161857081
92028611201435963417348569334372043642219793119121502188055768499270741892468
73808996091754192339313768177149424179560805016206870552523036083845899957086
106771846109985127743547163652139250770870938884024478273234972330543223172837
84392719700451170803664265140127604231571376624974452728540471621567904227576
73584402920129759742410606180144909504198433643459638950712662598162343220310
74853183617030032088148391734144196791016024709280059793491475687519277185732
28025051120906308659751077850384668970481981134562040685046539279856042389878
100864897597862492545669933995617043213546639689235135211693684967406503245279
100375339264765044301247025451177469302503309830495628686294034976723558277479
101334751434975091158895065318087342277279337259644028345834684555850008928123
28627247462975081016382972032965755774471909206687743741514882737108098196376
65572194973218050702151795729786996853936711807670142193785562153354290146656
48307318138738103647707192294821290145482376895691622470074667220302618256236
83985308959377015544653315767153585246362092791849449988699350082793926777144
110012289377194582552017060299245979902786379986917637819760928554427738128930
43148580350887946862751444580715902757475789694959637365532593922974797659713
78564047217822405332364242381330531325250383173461677342755689935802153782563
10670350322098765020220801807655024728196620307049619513363327903445923598863
64831510603741358317083005670705739855314972878671943178167779189856642164054
76138626203151243878212772320721693313399597027713512762089668386732254839074
110939279672578584945574277880129610631942502135979564024507350317781419133392
88365345605305983037413426916109146664922675247736332205870011458684375093353
47029390266950754406870210427948057651704816592515059329283732561874107098473
68975658238333134547329266363634416366733279205916591656088012426820637326200
87692106195967727160872348860557831081189812420736609661606825906759860604939
10581685127580141621391432368837539207183859374685888723704631181507715821370
61448754629849580141253032427957171862182945985813827503953665032586407577760
52551852165904197040555146323661023545543888538121396114753070200673362058507
97696052448319437057753995337504385150423448634523469591413983159433858125917
10044089047601441620273832026268859489818887868271951486950801288405110579850
70349675145046839905336344198640328578108721095222541544397960856518882158620
47901525615667697891605153154174952194345823456809875530250568247060095826869
49106580613179746530727343175752027009499275961780322119303539881125348935289
16829961760349673815271986851673479928716623156721794442873054841242545135766
38584681094971323060027604862007924245852350376871875979456383119463659284245
