11537356461311086531528050821439573994683074104515398500434344561373707757554
31275391044637434296462111251580907380081230375162814726884372942114437073933
53483684718519380079506480729604280609553207135947662794415383165587001100876
37328824544176211519601337407987805292997949596245555597214580301241100606385
6474368042109942586912100916910154772446389535756511084664394545659875675403
71838665645417887112471321725467715450130572087247951761949829472434219734943
9132099862926087619139375562540492362361229093639173558561754530393850204556
55465241831057331210974386792054231402305870352978928229355432780648419306583
91987369668036299960019158050637209595875567633319872534650038804504921747566
37296135260560136142577999991740705609672676987242853577992636497702480941641
22244493864459740813211018466541893939445441975174558180525063779607330170649
1664008560774633818048740069636368544031137042546179081199134040850897351282
32077984240456566892742398382674595104937869233224719119360224626438349853134
61896919362819555362438611894810977273168187985567473472466989268277929569757
1761009906407814321362753079388513848520282644396832079762126006989919652529
52366869571631724351743392774216572765363055215626131774384643744753497496492
87343699136619262851272848695343116049879459068752209894244071863207951935613
23852252661740928513676057651424569341782434928895528917969339272940130552523
46160060982869646453635025432009135886972988767754392821042392828744945816058
47193063124370683085695110040598686414831981327932346361187074651323284809902
81020231993435586957612289621545794132071409099530159423919488147730015012511
71161780956161106554618322871594770524443386281136339042111292539273796516284
99055897226539144115146198264744604875020332855561445672048728353110045734894
18405912342322461465398625233164388661070693604573397181336154411046930987730
112014946831827622565763022133462541441669185047059589373255826267863837140492
41220266869387682693741305692181022678246183452567019597648532040224551631355
68509733545133970420791690783042946274817895118093397497730626833329388519423
65095890577929266630143135806208430551001954114524620915783667690339095553315
89529151111266069106408016071561233454675803303021973384622926212854445260353
106031856499791670963475237379662276824081814324983271945030726671603390016971
86362893901267364637728099651174660379802597507558628451109265986459998811759
68348770480837579507229417830423852523766290999987733881301808083080023575576
59880222295971852458097398309377590459638601327575248762066137452808696269154
47052014194578955011600101079997443949458812968787351184275958204537949180520
99033796508146484590615733218289996728238988390255979923734322913040177957206
105340203544797282957713211546221380872749581375075312801780543994277758877889
89381978118798012588802663034511930582805249499693476598991399404010729567132
72087633880536589729576199003975594188290106233011864942878841162224433409982
67234017379505184721056966095340786990655357305750503383971776338099946387675
6407974559930660006902524937968688515351906000636254952723541903049899496063
78549237380624530879898749156949425399710656689090719266858679502137378672321
59263443344957561586321448615146243801741373374510290633739470332532490068074
67591962842917526034645209514668193594482918177705169481160198982805606120638
113371960127385103890162049854956152605727197506388149031634313834310195053201
8057538346748615953022626525018466511786234947009624142959383512162474018215
60214006276329910400530652041933510197056402678401787147347951440481743343893
102790154369735198847456612536494880790257221328038746643297093345928855639413
2416033252855337598444455569972721355714616861105202456597455924091275258333
111992451799763210038164829924724499535640040296427560927464488867849445433113
47495557862783667381690918158041188699310873194269617812496182364436791796576
48087979070421916832733999481460607293713816902690875800171911027261798054291
81506504152877526970135008754068452613105815365669986579757607298502546394167
19299392915234924075880669917268613929062879723886730861375675930525946791053
