64037777552971545391527266434365347908848896348273740438196843291460061403046
113104834265828194442217303935411249725244986246857676074238489557714883526801
29833730217751773864341995757293036068639511887688747585634230520490085342876
53651712094688818427278411285716309284469974781411361810889776802257690309174
67011889308822619614529751624004460566072749557602453463915065921926927473775
35655664408214244330711458908875012618620467933540802515982500389362546357008
35460097073162446972363601196393719868701288554439482592621992820791865292405
38343014599760054770082202332623797729801158800611389140953674651155276925549
49525487729038590755672953832934610265914800585334089915948972673962192966456
55403499350744627984595838301083386186180006631491520443114542878791020640512
107949686344079649769297292459228818356143509459424907775735829558668301150999
