16297756983081571428301226836836463610601543843861971066158613759168410001396
53032396338731829735224540611291710567761573017421995376622287769230830074871
71647479141149771457831989352984505819659043991310546793822550668168192433236
110128762695696696072597332180093371928525966636305778180093440602919212614945
73840584110169805298444945626622015344823036806458234749619814390153419989406
61459345306312863002030919547872449307927127533862982790415128928046249695312
20217542847790085543824657962413434401216991820025804387121787760241722918203
51174067578751658019466682249979493254547706633059904150112897243816163838599
200602974144724624978854362060428744221061368343163842546760033534616493844
81515440751452703801998903952884152846709898814404769235121423553602383216001
24473460884902527903294456740584036490121994684856250965338451974705898665126
103382255430615116132185424061602976445117549126876322171839004334805510008397
105452107198589079634704966941246846546227880638730625075953051417387472178652
88750376794793504078890921410154110168300681067222383781413365870900980758142
75956360199448998675209127737895524441020765349377038789766154925608892556598
30509936960305842304330822277237575425581222278846570083066107399965563576718
106841518796811443485450683869447611870664277538999142284463364130207330664856
72695199634138433021964184152579104746113219584634335800008673837461773658463
52681234340385539387909934345179530860598173043082255535860824730082620724835
92582755886942627101763903837417701884799868612267812799289484876507120514272
58904541481343357028648154721415111902670912010428190916760177153731830641004
12953378048326070875735736241673924866535753741940569893250412721023013421287
18903757438582568734005101306081005234848425501608295107919814310762670696033
99308078450455272221497229204441618068044164547210597613540525845747141657839
110051931154459234150955668613990593942680068855426203191500471012763619485259
69714496248180906664284203176381680547324115967530166581027435983714169734462
32829796781343060004160138460927757298725218741349534327623501743135474071571
43287076250386436007182678213577276672887239984936216113933886619404584645856
51734347814446525803381449077139960323781043286280551330043339707883198211707
381024610308573175382463162588910435376328179602065634965539719414762746012
47725192437435182204865974472277892792401742683185369819456758529669860172669
95174969025411852882187435806771133082489512128676619651603750000219529956720
85421481073448284073671422393838957517483950776909739578963478014946943911954
54706281045791255972924957198133040073819065018997535614585445169396439993584
15362488273262762970115437198255166470261069998158264072827517353965690431576
24920573103356799498620397523349446942029052314337288592910156447376281601445
35465428816420963788101525325581511145873268050748837330178058153674500115851
71493953329931858270578815291231965897636016313671881758176936680234476063540
94155883104353818562586950329884434270736251517272909615680471954710755292503
50288394800793595245110225555903653471516595082386680385121602981456830279850
38117158063972329194706979223879711410675616925852051044056288735810892887470
74630180663115005817169574112798650340323396866845751299581617217019626251202
45822179605924394529714517214572062755963947271126895976004715954719639268095
66673808227785483053325546851430864516376264658169394891170739986034320959035
86635592304294059994972894856834013063638909660721121283545364467343076426210
17085546319393320223103215233738182386162383515944740742844455766470956056169
35866377057309782370404354434925366234816571256674326272900138697123541526685
96595881518315677695079192199170067475186656405728962942581959797807743470653
13046765559124368285707993939303314990165856746859878410642819542130940402625
12029534390417976342721572642819432829746964247353716376568211593619874009671
99198053214835441740271619750510681628859663798562556078697417037384493188270
91849988099506952627296334659352153109519330892659874714312112884487064719315
10829988209329115852063986261694078376136344270555822311040961258601841052159
8511977311616783215897094332740631420374544300998685802878934680137225254078
90991344322404028354873687682869734998570487366969239594699515925895326387863
84451835854990076668918663702691069795141162475567101568926830687915267343069
19650913919477951887224816486973724934509093718209763708905625167658092252122
52715944033241218344240881720472184334300615262694275223191439303736043356620
59588647038261645032253010802274460378890978447404994569699865986038373654484
11158152136332526192276951329559321486569043359912617210754351733981305520878
80160614312151512237536839374550408184488018540829682425329922639436309502265
45293838957569755242770481799860920819659699669018264656346579959643086721023
90916594270088718222998500477629054326496806255657639113525842266546326047837
76424618554274948234460118345858093431319570368303491094077563425643341400765
51373836949558280631794062061132466923666308302758168170038280005546910641676
80637237590134028169479381630847546028180914099623360448418317643042377837473
95249518523604380842284315081608143080805240236818369205650479134860782543099
83140338849688916567294450609182314096600499270727094714916218914735151410268
103045705963620207419917697142864080124081758226288719951922836774433542652787
48419479566902894000075924290161933638472008986787326483361752926226984581082
21749656990619565023435604721094025933314441646565031400921662691568079208224
8416087986756216572976713598705373561193872118976034778070341860980243180567
22626479308665102829248964740668091860065758520387204142944663080103984847880
13548899010719191176652729019356786911206478204691035873096228778803426354383
80087341069762935394287049093561737992776558356337922024425756325937771109049
102425068264822223128277713991144787592215607720816571316936458279269791439537
39486172605031042482720656222600691210779440392338988599009620363905971035221
112976416052130470425481126800420854516955084545689949761007553329431538949516
87071220040073259469439774069513473596822452926968459108383290751434208092296
91033416823824920967659757979283957070748828739386982241857690267608219404069
21593406535635188704286752945982118603921397432590448063937943361257593887871
49135688287449019615429472249908948410362572987238968456073469904072834439398
39790186515562891543215260344158207772210744064177426038854805261416942938754
110438019882005556363715035601732916562148483770829343001220628336360688488301
8113822664028985305779710936495746045929309220966596411316757481703918596516
10454833017276481692689624849594189598655110889204538488869109395727742233255
18596590975932259407462444597190495021378832189365297309102879010740662605668
45252241561319413395831354018999045658896996835701559702980490447218612328237
79732746329144520393639868104814883042101881108543191299163288318867298356834
109536492834297652184225715034526629977822506964832105080798280259107567710559
45366488716911342338757303534086674769689501665057773640660117728488523132657
41896225810048695376365202565046486341987808610713182011063476414985267964916
46991106900661076307144516582303697900671981115655203994251089038186392815939
83472666406950617291794176393232282886679414759852184398797413745574817358656
74902020965999991425392861320887451343883427448367249167757666240747558985183
88678885810982053235521979589686789540451071022863109742785773973185366691620
102971988930988113022644358005924895948807820116672091811480452614246221638916
65488280327991851746155044285365642633299390131497259750506574495947780289198
71481383494638297578698776200555756601592413032419606555726831101298761475473
54183034383601607843505983495750909494888481744906744325270584352914334412863
83129899131266490404543205298280843004830109835695748315009906394787549126214
112859686416271543429458245796686789500883625365065315907447905390880781112724
26581054504300020750082437614260779080592735372547419076044339700407854659994
69564927582780855874502498294431099649467701066579205081015041936060708005449
31874301262732636948347771438605001355945372204013371917689281537651984248776
57388663023026065978159197578182783060257064315100837054681835130909655180560
22152331115412537246218295906043676391513579622197907189892037278261139405787
83349334692280521918849405461716670184352768603682567603380478659519888503250
76720267249183910383175095799210139896828202366185256993665443711449600941463
115097548921203705940588598333079739791078474459979725289913544865589076148979
104431117375366872552428958930785014387002246858921069509085632063653248168068
63663368151316395722304991017907852283378502793239948955935482197861154669463
93751403318270772695686763577274174439757081348533370592308205150119060713697
32826138223387856497295992044137099698557243120696448949358120466637992206389
11606290885709732004330358748156702458521538327884616304888941668550767340748
22348220536938958746070600311564468880396970581406000659954694759070492192078
87494126060653705467372435284267445714633457743101410165876784232549372489830
34017318972393814052996932643248996396323403096458328265696844132171294457387
25943578234719476713126009262193051566703198960442447745921381792877287359817
11711000080193795444880432546239207395319570108665823848273370869026605020468
87537791040100424973729684033159727287186446468426918780610451680135218355778
70529100378213520607529138062122653258838328054844856778117365024799877681018
9483978443279503744735969724942079504964783772405211261214288656560277179787
65439975659318641237522679011954235125806986581211374592013936515948401384962
1746134390622440123731924887759200602045961714788246901493815854013201007725
71094207582187592402161266243905371774419762223796106340415603100803966656225
87111490691071412570933678285546087944902690726719843015529683996482162300432
103164319996926472375820557237381009108817440859625133497978818844542095145657
103370257932261203569192877358007252040782913555151587136470865449744002509887
79720458428761830292689260584937327713383565700193527003658488844180072354803
34813726299928351928590204262360570592990523922172642467926660199472025654701
21214896569856674617470949600561685418602158150338150043705879769803470370853
3411319671137831324196447365251162038426712701949170657176037867995077864302
82253720098019611068339537029917047946113597948544590511033760657033096178866
78087429866456630741103003927645625003343151114387210127371296100866519899037
106105575710906148201214857056346222662876096002127111884377806135755224580959
93479121641355194537148573615292373048485559379105536540128811292596753802426
87448760802705229377159452645086398063790971189745481009695411432452726058631
2021349178899129435397937654091771974777085217824707723692942777168745801585
18730385386556738325457499000515052475128291362946242596710782245868815199948
36137528191709917423005416281034253061755195673955666816098176587785247106671
8627506239473249921542175878224345107996246075994229183023439537487146875959
46152455562044673518587007885487114118326138236174274251615087715895628118036
36638129812192638495535692677631704842859428688007692390441444234123400701713
22178753171362639683918661444262396547011455374874112209051155294538327832053
58007558838111257518602113505410075279644648891667520436601069290142842721596
32718063789522048824955836774859236475191191920719917848476891694384449173883
73124773239243683978194424931684037231723889246208176107436923230337756200914
39256681466747171152883326787440098782254392193633014566377751121546834045273
30104278825263250039492325749209268166860451256126637761952088287821873842379
98748496745036441194363358742652819365598009945817636078760367336424608884729
100096787068545904412249300428859079980265606567053247424401006398087505527227
7768361506326244053260352130588079555805385739158172201015019702232069832508
42985310775170710639092230439359314906739188701513262414981104502640632599181
80979551852805626668277453612324661739263765612884878827789324168064853200568
48573490405849184856861813607561179070604733515790320890355638458569316965353
38560947872274752841005366713077559115372612975960921647951369196229824968197
91433236231109223435851073071978288629275129739574895294117408337037501839427
6075286278040204365761872819600699877603600667945008074866816777622037257220
15165559511340185139931534753136655684020555914271396072679909718262051662233
70484761060045604238784644390764892673693166350887777928745911642732840133861
74782402797794445479235959570002063507116391756904913029033418664833003430920
43397231475743090092942708160513674984379939040947600441653796920581565468862
112960739072897982156912885214823648002994618271281773202482572387728083957385
113099679994104715483083537783432154857450588033317151313449030559882015551110
55393193179725849382231981127923457056572140194122170599165311507335731127323
70040117751218800876804242893517610474609867523284753511671068588570593832082
71859987931151597831348160807089375611205912251234714342322401993361950518855
3485571039041011775125604369663563494443491768890034024130124970543710200822
35815029847717838915216065225914137928279399781134740422379934318138035062292
2684932411714259970157515829701932050630037943329721748024723484301701210078
38081041484068620745922101495580792962172252842366912766972841127307912835896
75442432890830292360990955187748990730555930138255738078679549555392451549206
111982215898780882047864078559235520043647112883250668918394679002694864635495
82773349251106182065819830195522875768555468797544201345727444192759110875990
97438193741889182790648175706733736730601313152918153016246457805808753299278
20612391835313542448016233375306315968260011725689479462911465681302464498812
23689460654143469468314077941387346652409542187168503043349312378168689543070
45025462014206574841991711611205914945892001097693730653460817428199529686795
1869398357725592295236311160738364395015513412058034772136361012706181745313
2744121047799605537706466687936620341906797200865798748793915030211864714259
82509610206876756048018937812722949598402569922227192340978675090616888283647
48069199847955356643435105871085415077570388164541504521434095293165161267971
111588832985826533663949626508677509482249005338554850277321347551671789594290
14965874373888764003820189860278713814470034826095176435742189528283310908949
28786771928177027857590954322933864815571252238423892980614191074187237965202
72278513440017295913577959231007721259053398793324609012391552827160786006494
59604820161099917114069511202596559145426087238387890261834124154121566137680
38516793625557379186076517964701147615885118837483147877836541353020950597700
812485019229790506466298143472374594269324425384161532314962778493877941437
6394145652398486689754653747032177599307713497552433659805985294967588343267
75782244972855965702480654606643628011278963075790107820738591340239695992649
94000280886149277052344753881544909207281020002900586064071874804580006152087
