10385901399860440473621358619711406487622533739948284093524190118127721030648
5281687913997312166149768918940037026956795680108611287126721148307761602006
15625388402125651396628813156840920335610080472069733568592649747193503193322
7328455068835673859923303450247991724364606869697134036508720035301731423671
31041462684832612074963171530497561838102484127082015487773564441380232773100
20156174798712159859334874824671860941759849675617954345894762243367522307519
113252780048180146661573587942592568277332742619434535899337298953861245458258
84342870267986246734734923416616242671709874440876241864433520374467667093049
88889355655818494867336544305067342284832779334366806365879403585814163533933
28272090239342415241371157135270535162291947184989320310683788009508175720724
90833986533140957483451590168520817253011683660114076126962130840199846242643
49902465585117227321348200304035630901869784076958087883127072253826749307618
82433774392899211542062567185325143637030205980232273418378570162101107992409
68711427302905858942367536017259039747890374249921567477182857989427619826028
35731043387769080784249112249883765407647960832138445901547426482992379504769
109706038943275118043308336710680895931698321380839770847350875680357758473793
61055737623916548778788884612232298328134122628381634185292362742665545506713
50127743474557748731002831156008618560099244117977078650503988284916545355782
28475412665515442782538099623284639711212085305244982508565898965974247344426
55229440339605889254819562690298090467985393307822189580109791272452864170353
34259268370370755643736146048917982922446181285489452527310248776410162967999
79154033016269154890053880060936676695471863298539656741996485219232926821207
68050190848293738749840532642144246710442962846188800484727352671121197791419
74988535708822348020511902270703289250582418285211763661882508796143972054999
24837078406378638521210134978542431537835244980170812488437842334362422268916
76840641418078358251100275913267534899987795660008715590409295865252215832994
90236062679239461930769974641488035185922682724104087769968416737507844359697
112219692422843997130839518407116353033105972398253016038086094649065111522994
53685337416307827008859879259142695407083206080898186347464980153337197039968
34250975067853094210658648446451916830625887947025296721863708034788283710136
51310330915599859606079386632022253686607019520786915543885700982966982602082
106345868566860839352214856448538746073195100278304870660651059771577322798879
115347379325902381846971169663803035366848044841774733945823156072712187142465
69810424706449075221042676638568990284706103946635030403316093785940164264866
4818855549731363262215902303508110876380939837881908847066622321495452271198
57621800378384853107038807583768559536374772341485529793967602442890996584334
81351548819621366238604544383852343399024547447705200799256894172967848320878
104961957337376183921010402593095419861546682245321289963462322524700313399938
74325799584486732225263518097262036654270919028107219743616917043539654825944
41085186269134531307499724715521504129660898521677489627754264751975448135008
3693206794936248810892453774925546317813935260627445392236039677894029358242
74432536273258365182970104514317146944715099600970426168886596729465386302204
111208327362344783541388524386823331226331082316249036647950618749041529584552
74487932101061713285411175614867750637091625660442782040429895316196593283206
86747143222188108441783556830438513030182078411829279563190919882667617766682
24674186867858622660700469033315920162312590621155498197498252559982635149106
33243905071082483042277595506582684718724197795734805844308561005125178328791
107221356765435055809742872308667938673195778360328073587027920312659927125020
83626901161029683330835643374196751148349844659013245588347911789423231258314
72196776446173773898612828322111505935274982552839545725801596648480641247126
70036086272105636904922996543629812360781881221970113565628863005907157866620
67931634094247839611591440230288093619884588857768734057404690706061139436650
1298677639987362452163102841391353894986460126080423473334327481301220131356
1109695128638418428250925964362456863323061514663633857251859824910470320946
5414464646738775732307175577554686600314514600698647460324286462492946112440
51432380023765204002749267769437946526806238655362985371663185366514939083789
21544481850291587836305585077245747611338048884292895552850233057456304124799
22671480892900918763462587145360069309244858011313381053603170200467594862290
78899095933673467471542723279344340415344462598807894430881958297502733590695
27813379161909365705694098497338697217005206387971440406611033315970402799021
58252455000566882050196489879849254358443409491731455586782524066338232807814
65396577593445932093620991067334970427373064316371179507084469211431113754302
28924415976551095433950896165801103075066843188715761719858953672697209922945
77449564279356520351356643760372060634124934689271445281579201133771863389345
15158242449074821300250066102674732981953070324204232752035655620255090677216
109111700526304553990411589957398939156926325984767916733292508535522183883359
834767794247733516924129324018701103834069501146816236225427168580969012584
41621244320468354538344714582595273052628424494200282300933713901159442867768
64935061727412680678561545508292355032292878493662102197910197168681043112525
87033236162905288270924049196786804619565449285601045202796182515985353045126
110502551581160497527619326319652266791109677630438730510780202232221919314288
85926763868922377869650631334804603251956856180913430256883285149825002790623
62748007522779363168291175085259375832835470959619932358959327879312682974846
101688977816824946655495577529355514321887383951870628435245000888473668513253
62648687314206178706097534495024238980171114437523601420015086724490560315583
47978766129901902747888654895974711031812741465627133158583725588535999985849
82391263413171064905056868710337100966455385519862198644738980387461856845900
45990979299784716836841834984863752891158319675091359637553969566262760044694
82158343227589340227479751549928347206515698979019709468550214691254911474778
99477162351431616918689941135204051283911712572112737928092809266376930541179
83920335896326188368670461228846675465436979737218360326594370893427264935984
38518132546710469608421651434392798078070174069454769239719769393568434362658
37959701898702746894689043452821389477466951474075009431163547063900978306978
20870974432800612131089302615613186575252858279331461695496646390894224376354
74012847644831445587017230964980355690897483602520189216354059859702407484092
30456325781953838086046677107713852808355818265840425462287585335979463610080
80806165221791211671234065653185546447117600272120334867792527402009923196823
33375874622710536484737904112492200937793621130380125764968168003587279238022
48885224039967129376333846664220577296759316746094073224074932851824382505615
101878268028825333472534644221869938804162621402787770956174669736421917427864
67456819982823795215112388815370984307803760193072990990050358914770032638875
62808000958021099881448320955418483618925814893515840891439752134074026868854
6393702990866605584431118479065557479960599113646805904299401172599116725936
95116490074533621801472133991768865814555718597569508476220552643410290222592
73943480475265221684920629652867281804207775747743338815371607130358686005119
83433976975741024591906010135293718735981434076898440015657491437192696943260
49155027415840010084751080274644107999882050311464223214457152053665031837240
89758809790431577463949775863457554286760373432111835170099654988224023358425
4596999804963063676266500154917573065912673077534213208664098355751959616552
105794922773241858823531471310197970286333462160238708134415835546018157248018
6455363864041514103366645234101169892955135778819325672712978018827311115318
16573399058719761306163619962483428595733096536518165613350128021719689126932
17685044966032394435376830165027198542023999924859325019409417327609909747727
71149499661909047926450442200182431374955847135513962471532850115315965798343
115524742039109630293915927375476654813878028911284688253028599282174850476758
39790177372408134774850908675288046264421266442642715062414704355802931727714
114712488995518144426735726610427405167424361576956977636035501688017226810627
95925728517268534401218373811475655162365891080028454529871701656527097891937
105932925587313499216394922677374088445532753699846036785912321473949177693259
32655390398527983010186058261156054149376600559331842376977986946893313050276
87976286302498062445156108436550902121017337402232250689760859552677632982970
44740890644203845104852184728157203387955949594930711237624487265006323214296
87862741050853476418353275921936820046959736465174474956679707874447154736081
56639510620277072117242922733685286741178642792356568458699697253590199540553
63280228604898381795777326529147886417668770561833491995921119137872177952280
88004523618105935976716184255257669683113137361363684775885838016105543351958
33604479684668642779665934863495765921349795830794494803549653410666946902208
58290194534191376387035609037598165224157721300434311525832618642105721105984
67470180454437796095291501425058318042607354191156575130454665814959111076060
96746462562033980798810422931835635868286542003212400584522193331264455190259
43890536588422338362859679650213781195159496912502182474121279009584497974805
52446945167958784240763322286344437693284435969265390371820366694791685633151
2749216428754517143940118662882702446187033016973602055012162606565936603754
96865770579479176621071303961232724187343466207699470840758487080459424355164
32288855616828179998933724919301059882991983940479437197663892792861422569907
94072773942660778152192065363431769589456171268148184948157401980022274278612
46245890886365846853983430568857246482919183230084924762948450216839682480615
50652295580416603884708036481020233539255808711065599089902649564132065525723
30030061829512533072855864656027480797358143649876172943400678985734357857994
54987366284497859696119987717114041698884885811595202299396110950064447115375
18757015973976981662811555679936042659507079150431464170113763692342635545805
76248591711155030867506015123592753922598868871182489255525060683335354406560
109646541464928190913684130154544187997929303291887975043627510791154909456528
