13734535135123875426227681260316493552908230178079000775995963777570734059714
62014663895834971378725006163948922292810439265833455560162264151542579817317
47718568159359647176900202236582720489988930840545529422954983398278097388729
5249694530822133435980643734293850660054471380917126789763728647846318152095
54889108524253456858474020968489406944241679200864805918976091776278054044953
60365965781827376421851275978469911921139652607225674382754187752145252330543
27364514008570361837422394778282692136300900038764246833466962455869235285353
110086472399462631960767861574121414241925085497002072737351996121305169892457
98264337725748341667400531524038226259619136252046303059401145714281754329723
92282402943694871637396540839123787749424929609433477043339009493307065112626
74478524108685082227088952878968570458649008921650271910746744826655052913404
70842922207813608369670461449627174101922573624093227951975619943397703343604
61805083234072605808585251016245280487509444664092112887169738201602886079650
61785458390852233984155811462586954408330584783380503282186313646630757456759
15298702084725389970149735861141212687075247354673746508478211388945862373490
31854502651475772679577409413437571547745859422672326525049401991850322483523
103457132519764649767893762539636935163914364383401972152625225358023752165029
95491893600816126185389869279716054411480567486842065502320411346882732813646
99506954646174527195277646485589253663011013123102029365039586311182127007347
9229431958534270521427530163603540842858430311234800478595978465401801807112
59384153803803745288789601342322875023052401059582453817019663393767020968296
18535810440616979709922907195368424096502705892110406023582364781660620726501
88311459411274435279434661468765369368650633635448564606678685881378079242756
37159513133214123464281788733210179490503538060006860558276579049872820813680
67434752946930874373452444784493423532909708649617339655539516310315992118735
27490456049170764508205835926181573384950677391804399706565195574029612340751
91094917491209072758751693295532061761360221674694811957354492993525398840926
3464466426579328973368784039087945955951284507447077209209627892565853166471
110862155286241351199823620547300091615146897028503621298931263122229388975103
17913911268453454617220211976352230682260037048604558603673781151113750546483
63253952219846613336530881088742352364668848508963259907992789412286904107796
111185173047110095467691463859646024154528965714676808252606904326125167455940
48339791665749655299582045021020172532543180634723620336763997368696842839721
24112827899211808996429782637924906832834069678270960722403813800836386005476
35923151050839238692617308095216551062470504267806399940445334688988073562645
1589328806205592510663977591100310031390460550490510651562102449266125341353
