19005638231632076341896239202244781708089246436284735758986500315503990497247
55604485598281110004750985949692639182225937092450493209091031148336727718227
46863781730722475915451397341866821806052674638714410813623621295143141942383
37884097039413269850896811606893252997761950848919497535332456839526528287202
79074378480034363533269428445689811037680961128173415424461583061648694254893
17828018333937877442579578188943523857814490956758287675813051746345490572428
8308013926680697479745079108717247418045406327371945107388364200234729358386
99733852913901837388436944949081235777731642233898011058713556418346666817202
20754401103792747936112091209663975002886849652004778715017921215516911035913
12489208373756581627927270573973166373976984585555654613701718857975349252723
108792719183617791627213128608572779610111052570101982581636605889427341372503
23350967163551477035262333719805254425740117888013519526758769547355189031112
65690168232358966520997645694206339631765421313538279684463901698738370383756
18194838274195808497333991454284202544844512829019817489220768140079942654072
105036420815098387464177278715128099130628267529498552989470618654491267455505
48053234569239192209691079672302288237479239251157768864072539988610334915363
23794052158389538087923024159389983749852423116557536463319694441209306406275
33176041538429920045693182141710073221304282855963619837189729657964485570393
111452981889332093403207937478451522267543861131658907504446430141437256585009
38367629779236024131560929906033234771349026742874084785377995294655656357940
51570187995311492148603822524406838134525417394739547367402589431433486738767
23318756172687000731454738451923954898157433849128264166312555176538274620994
100561909936301956070039196851808308461960154054738014537506098036327891938213
75914545873414228147883491693387338936535361212355078599188412325397703570900
56063922794197887420713567078112094774064736840927133272350400642604519722732
27203094646444110448401132322748318455677103715028054106333239070011111025222
43701150473379675362619305940295779310538691082877461166053434103590026787760
5363093779052794134872044003393674191844357605269623223600009664885363204731
63461621029148086706648683658070528504433155402483515859026730251658044412047
113161089161187434413438323951957764295475649873614867101858122063658803294353
65574023229184246997572737220271921089672274388560086263008837954169721469333
104588064534338943002637151976393022261047713605543388306610600612973654603779
34952597514306958726718602653197920398775305348697074895756918472940609529999
37848743504969392826355502165722764300776203973479057730462489901386251481257
53247115891436834808064570825491392832466302673107723310705421037420326947951
22713359364177715375130103772866681497559807096497159603787418140769109293162
32668864867829463978532547875960045250535043252969843509400709012319280690457
21193676672104140662146662800419393695981931728611406282392544216934822409555
23248017194752790912887733997226151559944591637796000383712399744793651276855
71770501310098104539153235510736546950441396168072112334940226859685102801071
26078943537506696321500106611627525247349993971348997029803439762817585896382
65116159016008780341312002542270362299200055597823954403604923547282387364825
74583286059683000815566518146421151821126971600934323855116254732227362317925
19608202798615690581983627371291085518933040854522263538799112310028185714584
87876101508940433279420861414068459967675437386416613045891701265906401142154
79063781187083515413292219266035161698315321980503671076835334651412723475811
17484048354073521041433330657483979497451834607951644175473325701524466283871
112905767808027101465818502451564423077142591413699776186635197827017070588976
48841768601145464509021590202833185340438745491483179612010348632875930576324
43380057493239571882252936668351399185084790644644705888671185731599431832227
85421113772447371101269384869317992453915478340675056809830437801768740745473
643976364677403689357847992731643230163558251495282965818198944933114023412
26296919607697185621250077364346664097038303178948946686127893302618970983167
51281770930954596126887205555805197297019282722013742710822367155075141552048
74572494231113699783323571593244960954732676105588596621789004948762958239806
115420541821103360291436158379099814067540403662867974599638831076881039408478
108782558524181749562322433868644141270653999953518112085938319249898921192217
62843580256858147376761212090182600775648120002424393449065566489799028862677
67455450626341515016430583405768157127521162124164415073907282539147643060268
109466878365536418709517878621758499918234693320533743563617167439604293546090
60802487881782552840852007404162233464250733239300401305562529530567987365519
67692482187490508689588395168401658948181701550310820517627527924405463384718
115204809910431203002283303767721306693561826569303331125231230600807565325630
110146884897854161600890470304833245163165332407071926712496560111320496476087
11538154657138874713040248521007247430641258187856535818849152693300888757411
111657202146649982428058805307041663608388439916670061549660529858392940841322
108974434143827177282941122588123630122744903550646602565233336482780751300954
44250030692274922541212925543905264751955496514979231368166135182745188211659
31388775632779612777775952340822819262851498277846597462427722368940640270456
61524100850038190767846260391457963981221441966751418354130955843108506480379
23607611717904265208741571833959193370713862503137214063129875767057365711806
32984628955024103974357688859276736609885337975637983813897988416946118474683
10317644709370080615994071147116883421279560963388854733313496692332456659869
19301734524231059046895691097649307524163629459800793768967020596324380391671
103076082583576616560660313957435672872726626887492878896848707031999265216579
34948632204640406538938106952384723413807007217844107195679725827540898707217
27998802269621319624334401298166462369633995565343533827686077389100401474774
40552354426802676079011465154043212121673328106474368545068071937288322191039
2317771881364855839773925706796286443621817815535856170124954856688957766492
22090612622329885461936385843394893567592526409056855585401525558726308525751
29483975993288574768100161964319141849699766073135915937400401014824939920740
79300421952075074976370982623606681909831345929073945300371760020336909516507
68834815596005485082089487870085009594701107146004932459255756353983218868693
69123927786084244912355196939072553758182655959571208272048864714054660072295
76606456281897309349927427515621408017075133645712723332981290567610858838899
69154064952898179790530387230752122297431077776425488781655800901818708285366
83770850064850692979057691721445074076815958717619189490771820551277180410541
63974000420109542987926236761565092771241280495391095034710679193362651172996
90474248818817074410489910648659951787122673726504964195928668646300734062435
29887855033958004974255521766777663908201613634862582687369656940209257823421
22012415970244838692027138331962030075956161803717656760817261293528483186379
77636925963503654786960162958303414114802669724742779384766014714568498048314
2629222123450323680954259862576570204311553908916997134637030560536636144741
3969391918473879002531245882118155754955493553808400366457362528756259646212
83147871008886243931785488865215903649293692344030634200007868065665164437881
27482640199211324028384782339476648573841592656551037312674146494793307878255
10110885166656491267813462104471023304850952850730790281742998258777950427629
45098027382878023763474334026879979630814086907383346590327651019488609705108
41098698178864688900073991173881815257097996226326451711605730766529251229271
26868872911827226744169004136829019812778045590388600166008401137125265337773
78331540792339359729929421437538381106331916322716658312562338017944769344953
57471689209544131205379706648800711726439485785140709468416252588350324653398
55824777425887036919192436839879761113830729424068716086910020889219343093675
23108090842536126640236578442668677707412508126465344633493364096057951781341
41284887486185865962606239427111006879466716490588694748728602304739633655778
90093318466682725682091868958045623518775118441591884187693342128887526880136
4639665051166028577065173219290478171373529516587688855391481641932492122997
14100529943036932242567549723308819950720070858773506370877307554388801272597
66365171648189170871710279064607309944518436927830970464671647668134896796778
66804316456565682375228977707345817115708428179504057756699232151433256590461
113425324262588671292341726744256870860853292802244381170926979492589387208452
3492535914728723407609461035880379887985828470635051870326359142118857652832
103540633208301576119913009438203263260328794932943756262767218824532839574072
94430154842537877792074958840453044203167402530127738887003891553380900515067
109613820006840942189574975806574395744166232922855031552369349427593569474829
78609311362301117687459083957139180085508063333838277046050947955228664058328
40526721261233315711962794400481287879796411256192911755479363308099435702008
24128922997402930969614251753395236341518840784518927755009560936807190827751
97151967866813084141367798032223993114038456685494741923832635746772160832975
39636688740516978802768299866086825136781425147966269009641277564415731428293
112337209535991817119840906769347601954266781699478884634102269297242737154031
65444073761135543983242953519185125196849344236936819995202429438724936767819
63764484080448914208739269268600378936193449472851148817110399272498972751474
91755827020227658124835293657538624690176060363674842884913915891697707807853
62872417167086809194224512678108137789842183479486257174750165992263501353419
59047290591411212238254138274344651521083417779166588064512452509640140341686
87237019875814881451103459910428850412874516999941999678371402763533918848553
58230312663022263745978471735058843096991468904327103090721613582190944346630
31722741542281742338869552863758902019092527339536357094096095244120855658251
83257445716487671503520501286416346401152991255419325996618769749040053023781
82083632473452364087536406174933990751833154923461989148752579164621574075405
90360815393775175151562261064147688838372251528359934516948782315104315718056
81042979673256884914851132987385180169043674251437054594259173879556266937651
68911648264225216916715785085297182303558498015472287898257061149789390844978
100558357013043658490246419087367054491460099469733090878730665704001469023083
3260394667583927441447452703734701649686135578492725324149848887825285515814
22771221799454545929076316582323810995560579819608813314124642406813745373786
14151224193960684152992092949947096456152640284893527628564688271283215445035
102536395955804890630722163455600548332697168542769810390909245227402635742388
100717515331865950574288587056135693804432663587466672412635418713967270407591
73605778630311055986779139405177040835228750571244502339890114788200804294908
13915700943694185400263787488674397375893389568601795695927628371404446099307
93348794171934076632356203075815073389919289894850864487239101894170262394449
25043981085141173333909716313081452757543504299144957811771320631542532868211
49338936899385764992712405655639016754443178483536509476402275623951067369295
76948579006175038958297594073713442388929254522527652969816099396740608254507
104004280713585723700726618492807121527258807812621032779327576016717597021110
84474703861275778751306586400975664499169764105963365756463701279990101200371
36848131681055129044860414258614690420080752284206159144136811930207203806776
96018879672787998093760740301715327188562530492711542351297756686838186605657
19128552982422227918462550228338455668530081151138289703534186198486878765492
56893036293785178785350519809915387019762119421546287674297260872487601281420
66387796671003335099351866661239364360699745908930714652936567050048285558529
35547252762002183858407908350763749323305127934088919045760606899002141763595
58989321495713343133380641661883413384254920411391983107695647691127393876129
54646889561875821096982597034936697604009421401489330088031898495404903609195
92110879873562298706704430246952151768071134309264314327927196898607381670759
104521808335251037360192036209905034475474767727287412015660765681459764192548
58512321439455537433098072604082920450351528495517554909927391348124457182739
30187871465017700243804316151337971575378881626647715705982033085223764509215
2731736232499879312996543394088365637262606353591204657270042603942035352875
51938091012367424824559436429947218765245387464748406372368751839917032467519
109948012856932042710511287401012195848736303557120152510948600208381151163974
84706437068898759936324454654659450828477922846097176436139383189785080942423
99772351152923696082193013022050181538321340349110318015411079905232653737890
33748235168215537213520689780340645456593307029666086891069964354777318135867
51493585730864115574406607211055103983282896512079586616379729317437672689124
30467698480518708865499316776831608194410873624413593108890655068965936495208
74020312243182616129209078922401300546865058460674257623348667789999543262080
40774016329142902692479201668898489713302062164455483100760081419811165819171
77347071217797983927358989678662341844392586370191017053216457063722084338388
88381910016055817797162477611310842494541316416225500397098068530375159439924
78195555674134022396508544190516443320564430430165495017514665074458480637255
47310651022836552845813174134878617970744278212933450895570824340642576778639
33821582535449557485016859748514617552084773923534574880472934626938190973959
27209604736509495016136125490300842010324480768407631204274008648617750673445
9652721590856183015992819761536239883896810864744184196150844979910673748312
62539781357720276228194970149358336610636933409783042216479345457643067413330
111488358782897448769594442353743499313530244909970594057210376519817223866723
115172590141995185002386217081009743060900120237790133291534069752690450666294
60667477869143754190486438928798109248625931280293965844557564763895531996188
78186745905562849604793295026824011497098771327136078366492943279561174346869
83152676563621732731226075669787978577788947446174528998244960919374628693527
80706770003472479234657357356153857796023042052459121428044016691145339062163
9303191310410672030517291084355193465044620028615231324028778416430715249390
15955229067680608916851825664089200145112972556658430445153365197304986414690
64729654750409744595079916601192035376980211566031951680595272395292473628984
109297354667581700977676064002399412437535496577993351637060978615346231076273
90444648255704929172565321010009374593231336139308407874470600145823495900420
47571170896589729242242322578183649181333407979148896826497275205207352424348
