101518264867366487769102813263010161657123600858107012486531742376579841934271
50841473416521311408556685168956419138471307555945033695445810111942900477979
65384587342412794766383862566952576374497452773754274404267353489636588483784
20571445024756750526752919487247184761956168373228398921184548339331754128776
42826517487356590664843297048004644060449091868252744402211385417141929972204
56265031267521863287696072355654080382992134665118509994938483263144723248891
92494463346582491201709493184556839168286495823201301795331172689680620066293
20650796774346551791187927763972946992703581012724016155026004609639942264602
68505194292201101528342321481028427870921543878803431437049994992636957566973
66787616228007453880510430550655070178130964945016711626912455145808184630015
115102622971570712777524298470927857769594577256286415922662188746323715324995
30078370299325094991190597614032195295568613832374313859291606037020444115863
63426367669988908976967035482372659056269120069530089676165951174831322220350
64878332084216151832128231436415712346836362945037613621648552331100914894364
46520760181323998504087251063890790436087782924071176745709462893474808654866
81668227647635947742390769564428400428496835350200442937377401225842707881915
108335057426864458884273533377627762307551048071155991638728984845823114776603
64437710716827241030127518420924588302706619771092363483904612792055792568850
35001409396526808960283786381481536043324224392448438133903768181183174646061
4148149677760766051911703610311834599071002556840092467144539954183040856133
11266419863892136415832698364067113881705522826646827086576631524591179678902
22842161959392004564889770863292153884255295764660377138464668742620985265460
54091222057415204096639742657886496811040378408483388475993489513832758327102
77784266279379408442953488252951252275011027979285910286626267147762264753930
42581211216126870230451175123567499409771469006566887677461137413369978258238
19445196799750151218115929249163930156826337876434509587938285865969093148145
27244334763996413083736098571393617931072218061777602892296432665329767560526
82187993913786528333022782010430982570536912637193079313303741329028690625502
77257361145581224984811311142575699709627852391572801873417355288796932302640
72597271431625030533101210686565675541427499499745650525140476224231303592667
114252769998283631937029153472698359397440087421053609263101993439815798005712
107832623527034977742224252416039437634843570202809721143006880327356486276192
68721829978117852513146099256027747290663494795727216237471830507978300706480
112512460470199259102345300899477487687608902778490082958218753640208465805244
50293474397472798319383545385646160578617204891392198532860512977004001172224
94102210306604012532325578534553915816130689792440650686539938845877912444705
89265096677496984978873515057793153895386464018073389694376248964430832802897
69551910729231148547183077421806703178209235741851263758464596862998373595999
65103690271039100938892946609029360114325302762138220259580494792415249660707
44728156484297319346335394579576741966442149368101427639704890383932577815451
106524873282217298436797697406870928779231865149146298220682574215762972253764
51976614925139612627119734044404421931478681314077352791016874670835020040601
61089921030237777462251691055934488330525007388227980730190028614983614873767
106731916297872472592505083407563494931199200602820113722768993764215058093234
23479092385769497221207515098657282576276806151394889374032356594840088119129
74108232716883994085113058792226302670603449811936831727676188875916457184463
106970015393281254134210909413346094656186260645453320121850344449598616667470
5566712130494777461991914252758615937709073554392948028793314173267054493389
81627015215368138094193871334450150630454630942612726674607401953555937284047
60379518290812811295796934814494111001576224590817551313343229851321962720921
77442676844792108769039984931321059043508835588220876609846900582861817875899
39497965825527577870451249352358385096251703755017039109628390762538782459323
19980070606659287239069992563609063614070455992883126676816665283049853396395
65916584135003658453789198845526853021200561507047957726968923699705486511843
74897157828286286602266315585620734633269223479108495448173386855400381050600
62227300023957055501059679656748903852257222789131624507972224577611602271604
88817687983610832937096482505405836118070038474721043295691995440970832952226
86684210488430302653174658268647142388327576579368598893473474858294436583067
96143855950304415536114447621096390634930182435120564307000506096909346976510
59920841838947865771215865709238786213425228788158962160193579698489924628950
