95172311651070291985519649408690022413032121967098347089213598471577866127835
50179345455614563208037016405325430664027522203402295703977989950768685997467
14625445441227265980154241913242205127786039701653424581760906812987082537900
87751169453294019767166936990589677078247185141684299477873061365112289767538
95299969730198094258697789072158991286867290184592208608014224044314356110446
46045506484300345738205816021566822950372132682280361802217353020566820460144
63231475885259967578905435933951236949448384135828415322424887744362424969111
58468344863890872426321488889776565693894281267306913297462616370552213432789
113575551960643141057182635171370705654184725579399604709490763777172880188364
103365659819800261401975523582174810521159269323523175779361232165332234625889
20917986901050918334732331118342039136834956956392200409259843466453931805252
51777043560170508370617420933887885733845382192367053882687813732249142011800
69052466636532305697622280336558924652907205742529835775795467035408993896583
79433814316160086393813235254424187114268871539467403042728323369749486969460
106290285935896375808123411915600843996697283671395395318666159845450576210423
4813625737200029178213718497206245096273176036290839562758634990640903329868
10647121081311105856379233979731364143267002545339480121202158023175545860312
110179242022865534410460990012240943840645816201072394761170372346835466505544
22037564554377870952304055206914069874089977063953637391883459486181882726111
59768441287266654276221126539382524799815605839945801039408047310406255374940
102296864078448244420820308893530664352487452718629515267212189814627986852133
60009383459095346998189012904421048005731281020191857980419878965959686894005
59343509818637983913168892470580978264511406715040584301965966670002067078374
34647451460660337534252720412912084163848989794478992835088906527675827674634
104217177178759946113212868060389333970236751056081624050883580366900817337017
102881913811772254902196972237515894142676556185997576776960314112403838817329
111820681409020329196122975424182268418810121350764980461366975122873844700814
108803158070476407575098345843252466803716585304249453298417068104215204152778
92777503392817221280707601551788900535130634894724178462666868112996574415779
57105882082075222195271411007562308720269800984967369988359624875626984316112
90461957201774852356967206218490725884537136469695447080262348073094306775704
19528946988690136002051415593212088097534139747489634045678990989555854178297
92977948666528465817395196586967207589950478144690104022898598470488833814169
100424712211509956420065276361003069813405367675268929009719674034487555694547
84800162298845760948398665024012659040872669527036056388953690225608688987280
87809407006483683835840457318830270690644747150767870860950944679029420734001
35734826423530080056401434358141754215792212746286421500129172949582973497325
82945175091712017631472956346186551350398364124062293716083083292762859025823
6526689645057196735494364088939516163609930459595815786989962125830050987337
23896030859987970035465364890609577937271783569346955582337882046679090509183
74019016514994994378534369298014466241940798352759126892949508201128690536388
59777205193247953626668380299640459543309951413297233682554716516063857745382
111210031672035969658720872994270034332253718003311368394322051075887006589905
92961326943737622758494770218674415368801633512978992285505816574270965688938
18379631606019300053808100645950527280992243846326822266951565023853064731066
20426011953738851065523814222006648843946581976895483886418001602728116853011
8775149016591023163135249487323003221233375606098585650304858658317099096268
61351500428820921490691675006938194622359657813930133713736728450702710524030
85865752513475570869293253166431677221714279183486187437004530577815491859514
49053000659258905305969640122991934836990010656606725810298679639424099100431
16042679908352835672436081021285251304551191745550656203104184629059992002291
91839452246058948532303008220531062412715514491075101984905355890060662814715
93161839635212596252364004718425436366684230889503570614799224120771108472064
26948726348608196885512913571229725592875062559880784038505780713195843084781
60221634794017428068612071949041723235406029285130123733946052379668039819652
12152097064173184999939619217860040332193373775194494719134429453304021049806
93156093876327144310594570431458215722604519601224074270699350411700174156183
40237754059757113449053863149374159187545716615930742837809470865959173487426
8677090343987279618566223122101756394061423645454939343854005794203323003902
80154880579605718502474745029976351741973081604502092292829237716967754810610
25986298984460799657350328788338871747884967383235581484476214768239134487990
56714118878659493623711891592973071205604813642444643641643703381727260848798
41159051878241891199752309692030906892664332937680673011815616890982691047976
2422356716088440784388358625771643714937960047528397823445890883553002775648
84065986903147675316869835437442673168009510952566569725780342733072134094191
38351948180783359352585217675226288839288707671971837758049530634876302522591
21012625355195443457975095601349426860650971829526375864776116924767380115095
13155793837306909289330153510568121933879341159010257922317981744743251549474
20044779208159753360336370059950392651211080482505544060168750521905817385623
81494769616984323279522310482126417285540064498314002753396693128559704478379
26037165088744011784777056261394958673389111825106439135187944629457919383996
58406343977737550323145822002645360588679607816601871327140662652912574831411
47106056326220001894131995395559166738354503152395933687934783012513345438606
76857229957280898491138713412824688001177047838979888026603040486012030180823
1839073018490529026790405555002247676766050592951914187478404648347128744648
41582487119479208362802419587212403183487574211735946999144429847120961557871
3275897368759023106161283445629503546536019954359073569507297413044912162841
30198184210826487654398990745201416356731042447655155061662135002662440743823
57864641475446364726802221761679938980168772694636180709945972838508432534975
54356890032590528442659265717576083950976276588222817667008514143448246429047
35088019948507558777628044457715603500199479017503379911253979192925280277786
69277569470292145357510656187291225556211714701626577375257246220415901897586
94333348161043500075597405056929183259610005696108409706368530971897991719082
62161949420323839999665071728410326938037041080978453224370626732517223469396
42430299930689506335800862725861317452241054745192958746090200616079969822108
51119940971081067882005581794793617246456285471449936387695329406912744928285
26355694135967109188492778657092120714191445892646484452810048890608904069978
12509958063673361199647292361722937097783514584954833233700666151507962813559
104463329115077117766036677386386029795024138834657318768166870060720756080385
103544388166911166990467316292220109150016000292860635959907350206990541065143
24571857778996057630935758199543494220033523658999278587959077458852055375862
65363393702151021100716996453333871757292185441899692814081013262449808294132
63417324529652635701714991840079143870052501616589301600750224658985327752306
13681141356421533950728790962571767804113359690196476084731302288061851425406
18196696343470698824543863223293089553516106003650830496307857704369593434297
2084328999882038311981494599118209548715965672137007145458957470189641535835
40662075888017267234230828864034395839948011096906164352801347165232142765731
10199406833492525297452174621116466513640362567137128038839968504974074334499
18686943357809922219217687460022429494585775535074736890322135195206053463628
8747790622172447125300935757870005081264665928587657558495317140960927606012
59801222400996727180225954914921147566550418503645662377751191980831124511594
94656519672329361775405319391526488394489294680914359958731739802696056540739
89661886271865809958907511804457529676713519047310837565411820210817667705606
55895327863086234214284462724167976082006600341204883909167882759435036061623
30575309913505848161933815372408871656130806253632921308148694530788699206114
100808782224713128714957079310041019632520386235170194009628069504376646675517
95961312830579036669905327535975773075072410334029643544323530394308130823117
80215060366815236377963489792981714629657170531745294251622880847779716524019
29750795047680259515331443214766108381740147322213801707243483989308148138914
89526666733024656751297510230701774150571232514053415005750526577223308922192
5202100237037710016282402788975584722500367400920596576714594728331876042600
13360483925397647160686597295025566223301652295471618699554751449469768639110
40743590610680647881664765792991778167419722134206986520733479765278258009388
105493466060049524724947825952316344354083719991310461900777154781077889169767
95791602052058383916461853849989276353887745033267532935324244914564373057393
103042761244409002708232560491036981024498075686228587055672271614969292633112
36642122469342311130995009408475269271167918566670993665112132764779650466983
79131102766230531573860840675308807704668077432966493214360693007113837764197
66849906340314259986078192829195905394841565586274732073174242856382979599548
106092171399560528308213678527943811866526355016215237070095039815084200364679
35588800758317107096008573721617254074158420761786335255023114019995235939703
30664988750199187804366499606471696118936879773567351555536162779273899374671
35909102011961146698192610390698578508708555819269399473650767662179395626841
100535042007188575441181982897619633051490234929369692010000964647387974207874
28859488456077878001169714539234188051528344361009743071872709537289663440539
94654672618392905094865941188175018510498712004928638279257915270028462951559
23846231887268294067015193760425503764686626416678637643351847128284846433377
45317626000444722391333740583767237004651176301941774760260519765938633195446
25250134978516025969848842389973824387805058072190171416530717570368869468692
30784345469066113922794160219820938862639602232315523548837163738354345184410
38918199906701863932113450360453493608164253408179980974350266837159650041343
57274580018989137906092848043962301790570379989512847522697816348362528989187
25100681845525140743716914235740374308486835298055580380562474826394376845103
97006165973483149885998932574175125260386949745071669361352609322862403953962
101723384508352751125029898900963138544710111933588513012088826011140787925706
29069785756666782010043128705430883433537809104218873678708013658694432079304
25062066930647823652933316743489272380649009826892541038113527225447101310304
17488436937363792119457089187265180436019932434046380560327920497786384598545
90439006924193811915809774845822465213649795117033839815280281402529331881894
91818476120658237120478744538626462944965355259419640668831581776220717387833
91598160619994867179214673929148256248995584700574256953576264440332550746829
92302054555742173342812692024983137926767686187376666990944001718553903661984
7360057491320661298650059871076828938910767508479923601458854497139082138833
74605716825053366717121495491378646934648110070015437406625590981273867684258
73038607119238979765366440774757920078300797177062775939642008927599805144030
83942752470146796639255800608044811643666632843006192982700182028450424783215
4397460320373174711765280187116648694535887424390804485228293597424138458312
