24820063572239187464954110862464917214533132695143211067954607203266357169673
111914424731986274754305798368285491543973381180330019237487143509343510099522
51213108710893776290302099997957287492256356327934682165598591717069061746844
14740632726798774930673364729453854410654307339314816252917008261615739001790
86180367232134089656015192907772410958413236619542317482742429554251394794551
82056730130987394777469590740120790027874491112726898899441690536670908947293
34486027709562969383154811067813205372379137902216633427313544021374247056986
83046824912152057126573102140282377329247802459964894944166861196720842253617
106687886372908053465405393440944888931639721578004124155818985594654726201856
24257921606658409297243711632154214835644196270148150605021235874225166751195
23271783833298360983588077915696368279546519145499435556559970558087174022458
41009720371269347302519553854326503310515745505415057034715308965048653841955
104550852424079712746555795175810962727178549161779874338892186857129372782374
77784529059499419013667772027299652056228719189579235204121655283183976423577
34809553170105408911612359360464558501971309869796162368268227145689317745453
7272800602746757466426660028409165135785469075817877489600403736460971883725
22131154818330537449031520890745916335315119580179224258833415432279458279128
109515396683976414394208397156541191062089392167495272149670485944941314399023
109803551613354810980875997643932406441150702670854067069153806446742545960993
36576160528165671687112119611685185788642477071299530944078335902622846058039
21715820185773954533297877883512216018302391798854246966032951768801145956886
26136555448041908101354275556470290178103656721317988967962746165277623967892
97546132130628326073367990121169634687209517540940702178590035727652294583918
66346605781622485605066766544570584337123784255378265599393387760021125893841
101409640325398889967428144234338589653168913480891059830623086871574499616528
96719452324711517974877760972816437507696984974264533623212908160471687688459
100508253310657684739087013078979271514471407716333258031132804437461757987552
53713253709866739810842333839069207659377970032117044756719400164736761403156
78931579323041644855703007626074596925828326831753383660106229745706306701659
33234411792313211716007219753364989170481260928962053979510236871815685674010
30380601833129007522115355277957163695791506659540692830110732187354412683408
89800717991191793842301701836987467511264391447330506204476660134614925882872
41075498896296387967946015884499738155273709143119253151658376510883723360571
56012102545848531444619974669673693447166683042589667836739707467078584809151
32512622024625745777204521240138021196199240394739039574535357807979609719641
58743333974489558003740390601219587070695932080910773321006216654014776063108
92448298781292707744007785302792146974356005169964367736536280630632643076365
115366177683695717680372900376260889630512914821449301001853349727521912918452
109874299687181002685541154587849577235568792048776382782072057701119050172697
50667034435494149316962247459391008144617337683477037409525263473352594404565
50098287167725531907675120979051060391494654481956670485278345052882160687018
90512589188398241546059634459077839945457301116336206440156519667204880551584
101719083291374460825896705747422892373542156775374928247493731994337790352224
40294521234402727007201262866175883509080866354949704874778448061868946895588
80831301060076742224977089979099368171507902072407814561432313440357500644251
75259607237560346608500655755093695235329290315448793522336536486181802868427
102580411414415211820229740292841403570556962617215425230542052556196481567282
51212379241195861845250777911660852033223590543212268982958108737967926595335
43405041285515400196833798727684297675268319751547820227618931786311879136404
101654406131307281071974467930688186931822008477446394103981325466996528386151
6377194351790256906043374535940787032735709317751064949482416876448074636674
64204071286526308477773470103686934487897081819524008288113277785287512755213
108350151138198228325779480902515138328838065731832685728863795784724511872246
54782628747380568438969172547973347804738740274119793793157448162506889469902
55493822361516114016860620719144623701825815058251894760192988349922100219666
47033289019660518843335470764039287275721317487836685052945552669526178575801
70922410100031280150599369758091677530837270770013200206329719843336638128132
61844692103734351804021248829615426149900595943303575068558703391757910170425
96679576773787912805701232498069976192800375519685408962124063363268387586822
67445806489760682195139447634058801758201747294180920006371005714162282750894
8852516821386192031488681716504956427210472469630904579517549396038237113067
47964456521711326436766875800605733111365342159265748743568035547867138684630
21992143702040207805905030318513483161175527703894411821370699003611190586102
69537741855574382357134359217493064856818794441225211320819977795295913354791
60016757557083816830299743231076428568629278890743616965061576395783984419914
23361743081794462958251206951700821094838495908230534481629265699207703921340
67729113341963335503500039758301371480443271607055117889332983312116188398041
32029024234119291161214770449741972084045750497651317960915705990326862500048
87957090480846399830013900257038982374813722964095241152241131408616202764241
61716618633480535583758276950223624583538470630742750561496946679428339255154
1143016578261358145673777908037570573252391361494059040074105850908107693614
39447102650273814431696991617528720534600953813146538895652820000629071651774
98308187873350678168781684143880958844237046075463936587019916715717658502529
67073443367449242083302608511247212599492611075151695438267255912467393451615
19369333889278190885834360941104548142527210972030459204718920810635432633242
107129713549837081059329085154644474836805124566192966091757708872600965305140
78234376692559595333846964738471089940303860465005550949502546541488885920804
42347966483527590433565680786641817121867894116917162521955997791718639209702
89101310257797155529784752620332038991965143520493286628909904095674845734878
54910693344386513247189278382800098491570416534853233547818146194784939947941
76719556964482114557077179318490229515423908475785894851153739618607167885391
33941844935537671710864506170999276693969067074355310141932869944219795564468
93849314695669851335057519362336233680402985510032376313949932312240962187171
55096601368376791521844395964305238005012858894137292964430196397916264110853
18248933066119021161282769081597524608706108409274546375434627487353613711222
1807206169112110076561611307061582970790872616911155331170439623135723511384
29536618306946770993485714385051973173293177739358415377044269721695293755523
34161004664102647938340022502753857622488665640530359191647660406384691378047
17551799232910644602774213376667086797590060965486588352204728528507874496814
