105968743879092960650835001383686233283667663986395894639897708913610060955181
39553221964493273612813974231291811585436890233206442317657667317156076569443
112120927852599689006243793965672840153573886784733230215387902990180042442238
63082659470744356297623504224871407703006680269520038711464578916659049633431
78326181617545565033121854680866876528352483391452211548893593007988895331865
95749854756106709876835192280074377022893663297669467549372511476058950808199
42551663702103241270276550970511042750030801357273950849744141567184897486150
30412593258848163915689279236599658406680019926932078275159394070540084606361
56048751561657955837322192624721866502877550511522201248273092481914464604888
113431736542674239984298838352372372312681671405990569801124220112337161644759
340712193746150778845064747622387863185389383540590513135758018107684506709
80270052257295157209512684377929116525935523912719526857008069750964343325613
11026305307970720849071405670554533566582016915956642329383467218552823320893
66014084148604936823427487590997432365228255444936065981812371437873505079093
72044286195583690152071153161749612005608308363948504426658844696895545632936
64138480401760431006065694993395436160520352742849357707556175613000627753805
57164155400351020682836122447787241436145082703708137158769030166597216897438
1382825778228598938357473341391702215094541681117304880280375379870942894305
74922397558176232138903554258118251522910108654498773967246925237557650650716
25356581970130579544149831364162466510152261021567979480442147160828427216073
47069804251200368166615834244277574286253007555689005545446235685735182836295
115128274973921373322014466937210749175538355713227920664526878568606600013010
57872532744376738153192625006046950727201660924553687599641946790652211414948
10719239358396226403708983966837700335185733236121089597799844481326718471750
33194697908906233709541194511016792702973776621239287385841239157643779522816
14421250558838993239119043395636237853027646710712355084372814252327573089475
18943873975524294920866871742953182227025784758688333567696840942081114695881
21214620595341643928020248790600084087694266036815909807438595744283370501108
50223071860585179396293464942863759644734345146972704587450627881844437449323
6067153682255949716862746787572123029517498727524092699478781446511366998936
108209236240185101314569342490099573631133841022030931982982591001396787161723
41915097952908334682752615296164828244099548130202684013669239502419695143240
25299950592627010066580520347276033805069172491997130924978465966480599547740
26430198412020310230285181747672985987822805745454464959080670676392697446132
109869444563074564722077775931391419494821032568207296653889358849226054149154
76141204562184401645142835172313789890416088328984866104212548566411312516528
91248762896305496319842767014675330982477540713347084594029207909777789561067
46507037799131154597606095124604232364809024831438268924981125252402169615490
81794059394308285075359196661176629039880600250596397564678260917858050677972
38912343765396453919831564314559621907191961832461223587967889247242000411129
8842805766150602202612013939003083242138706562992158607209063514292173864187
95770950722148824911940055708988602909990326226085649338974119593582462722767
102384690167250298345471562329738401518650622568215483425724749754481583615636
71508371427419848110856173219741091588588207369277462177561955382768325975368
40276654869081946262597218051489508883566130470577817453569239184172709448019
112002181506988765312463854104027199533721810210664038631527046008070921456462
23871609620680343551648998348506257606921304829585505455791330363247636825260
54228590288492399506575286525743618157803558442309922111070009609772643879739
693218728817052426809769848144829556303205926637456644234604723880358719071
115755674743394957707861844011893512253630079367648543968942070292666508718029
5166806662290337267541278266688150695356142202630450235692148383367298783088
17370232551808978611155380842061491969186780667031373608496335184445679917545
105573452790930929406319223140333835118268694323065791282546232260416939835187
29064809082759582797457537420897217164304982806871266763633709115813057771021
42204579419767603401824730680105177738068924464179797105309125953753585465350
57950994049445925657174885569993659555307052769357715151341541853303640944568
14104037244707583833080555657928585234695503569510101424293161481731591509528
92885942448575149569077472011465684911908689614487398102358971422524663011373
10658914402345052199418628120636642824567199788280730761330365084652369724273
115732900089967168136775545158384548656382097294937900017945877473179981996301
113134148396463505743744081303516817190565735351775171792354697746176801435026
98200673424086743590453953975803297058300838806084430034814224871964698400480
20031692167530170614534863219829781460354092726230497554365055916222877565987
56828178542045011794947115598043810873826598472282392417672906051842996600349
102553037696593581032975327643218549216686288393077452387283386270599975098576
63788308110741534609097969608464162314233500013397823646127577797965845448740
112672844007393962135151549488024982821201701287219014173421244939093444203015
74861117517389643582876022705454558520431798891634525332194967275266919899602
4206522716260450511924718940953152863883180993563948512503722701912574835630
30157561663315920539321326502317838794197304714508520768564426907747023858505
50982945176480554687584941199254944792004730395137478291839969232975335923031
68553934246571195160732989658558344856114024922316249628459445468422173248568
47967655160753150643357532712988278463169517973038153591941944638444753113097
83390590511032315533249371359128375715986371431067329331852125946946012313187
11440254559226610541205117156109062557405546920604399089206858106000843439294
98583790008596447270373648103368033941884043713166213330806171423828340528399
18367051083877331757025274475805729562916342980818214702258103769239273143745
111241888225660549878701696913649605515171157209333868844578489551528196706411
65642056907991070832690170335253654476293875465085401340178648841609594130217
8530246163901308591208910819370652789012648557162956499726233796398609967034
88892726169723142696014349172242735340060117127867803135647490877504938064186
53289728790005624909418433144167477542695870158193374376313099576392799180399
34154457386989088128590672984427210733425526942562101479982482916629912210187
21664943599117615663645561486348146731093338414268807304590562530627392909242
24312367976555567870229242348097691940168281620887821028123409905375899423586
111219661997709503842023165585414935191757401090728957584549746543368606564094
75084963505427790506201973662052150035514776891178385315097415414968589335484
52535772324124649422168349695906755143773990249450465946346981700523718581734
69404243471143593635441910121549528357959405819350420691755157449556774102151
54387373205305202834258285124929054041528854627244541063210703907184291204682
12861103457775003498203594372521806180195197256625530391718787985602509989850
89325219855664611113327991436724640643551450535846454872454764629169044228398
112898377496673391875640339749993653193295801067628720658507281084140467627711
82434559868272559644328663024090993936882367952805577824761969363444521201235
74215951434108954594228918163577640305939267051439748655952538214072451254090
9550209416230328390473926580966473957422030830470795623060174081848745045230
1594546503975270562492692590685732809034225898100397212683811840374583117393
96818442007832595705955911638217412562219160647263676243318804819558902895610
54838327263986621402118199597682188740400321083004339841847308360257253464987
61851351723651991261736143094568138462169227354491065540674240661540896858123
112916916920853751347889376344404379836784896910884433461121193555711073297444
54193125406561322005642169851181923362844173139143368820549610885936213317831
90502201867975241813489539964234212390460422661635814084954098092838500235237
62572424945001595475670493162392546053429792458993979985841143965520789753181
93851945128210973619633198724607589856131719048184447293540284304723703503073
66063626322249622137349461799361599797403940850935742640257433853798556592526
101163427136506403448494330827992511470897481203711743359990547842310216568582
63885644492431302298958699894275350561344117596841531406433646102208251783501
75177394589509354877639269867362754948223830564771426300892922394944730397417
87147701948521138969025863825316059171144490976901846421539459719280652401213
115044910668684319538314525006946955122376665750813724591630291231067207358544
75877282322777059314410203915644745678960362798467164446807437272983000530859
69105289277703653351830483145693009323397638224790372771980106599456637432233
1892907514445542599265362849695959215397618760750590943546007407537731452233
52231387421470886084994089657268770689139538130352785321342743038394410180841
103902028956573678290144202552911616261613136330112987184155957562997228600821
88196234116430952041795145604996016109047113295142225838926914856634133709663
27288050114872302361759224659554101111221684981210906800869203791145541133038
115022551918559313895826245167185660950851405121577711722818541431402145427417
9583923912327083923993935605041035433795208769888823187804817067883527403460
9703750491125039433148665111233447862318827115235971553472880535898881935523
5094312587015313357393301864023453917837374732279914393440609639734012689055
105348786118536617711315626821200817361273750030146986372718365767047593931276
113580286788701846277079058912399892389562001050923306829409436107197702288048
42608904536767853893590454431325575560045439931608191349261153351155596969517
69535511412900501070546170046126181334310706292977715252651306813700733682777
5307234642547004178250827702251329251556065031978291916405098821920356372785
13335254763175257712460867836674645306429621463075372825271899018853422870364
4099789060010019642674904171277485830688883080284664631640388102301716613689
105810327912562079092705768080895628139991668306044885482154309836979644280703
28976318023873540840941164412102516397840298091306728743822565581733355844645
21297865965721218847492121769580344710731324663962402853651139994099386265214
104302726330734877291349638814291203578304044700112051716480876519677948207437
24488000223181736307450338322572268171707148423484352353873993829329626809514
74475672876813270064249902186684667509307351412480990138059119156976151699616
26877642533849903727853391885840541350441493288928812090376995959723996712817
76786913420466933059845740989578349531845400208687705226994951212867995307355
82407865142347977190121203136682431710134910800783338054679536571078151853411
17896921681718825361564744112919015837962175704195331329123312434119754440727
88881198347869058222066663913324339717468743990831968739930152928340835702220
39204121307741815723482978922063169855497042836240887017183300892228392981367
27857110559074726795678678057054086463881297445501744144655355468192700161867
64059474249846664804575329761392462704154101937169334758054596510963842146254
78341603695229504676507894737873701193917769712101701313260933620472936480007
95568786331410223477112621277470367860342961978712324157979974253574324152889
32074294558906400777592833744172328597780009443266980462830896275342440409669
41242573444583863381890813946775153938319099528678987402875053249710611782267
7596529476725001774322190399790554887150642457206405556443889547754979858809
62970926235469460631476065793944174674391553272334901676240130677586902000992
79030958481127219363530401446583356826535229241518314284299157461380822566770
129855793001553347523546087165625937565043024491890442014150206142085993543
16268215295134378025071950803875034429131759569340393344511815126481629107281
42810850714999082838657289149675239084596612507875139589943227278161738415117
20712243909381830123856560881171030219494424522744295630502253852327807829648
5043925312138368076821138443994193989829390358951692718016373101212857928427
32055684704352370108322957326510132460925365261966501844765037168814355612236
24412342145991344289977359221024271427006598032257077982782120585845547117018
44075221881279525236203363834132743980183519831386003440836144023049878540518
101031947058946403102967318778775319744112057838884682112756661163580354923878
74184758676418874462711491632114621632983883311950866716010626823357545863507
63731929439758168865552891060916417763710677296237533873633390064639607855075
58764667907150953600922051714527920989073779321384521864524612088711810809994
53622334920726737877218933580407181735521965489851204778824664910131597338384
42074552086041714134528003646784056658114069710155149733908865444727475465535
44228022016592355359313887433620763690720121670591081146225814609039256263201
4899609244424409594264197813027549239260028293304297804356163758572638367715
50407211473668366303519528268293583989898123869455050548133332441119539028927
75532462995828601157298702036583875784225068284431365428290150241977247800304
29975388575184498994219650835025557094394944368661542942712362198572475299445
36810073735076092525561587032511571645343211242848149343187542457950179983911
106936709564925587641515416109263818247599775400531873532247131811269745429178
13637924658775166673733951386522485772022408250812252574420893274332748852898
46209162954454872902017478448302121646223922024740353398333607451696237080278
