3194701778369610822785924661779176492059919899452365088969427395645829813919
101775319982588697435511724974117585258422939570395760252735813428351846734478
35541145873123560331461839642234037535562229335613879636158483623828508341567
22306472881083058294886633639590110451354404709703055133101498064374638005037
26195948703804785633043789822619349684266236899126953549984849730610860254027
112726412391707578107900779402899492816920232326137882803790786010053265843143
42666525966342990826237166295333065119390557685803117717797904659022123137615
108512027695013938365102374908534580912963865285868861233979960012128902819087
47034511287793368438197121764000226322662906122275906761035516148267715302873
22927927480401351976350303037946558149067772101834116019676230035799075205434
105288222330210743809051840246586800487653418235976223972364622748004462660819
47477990227731483436340248089271562466305701830592058721539217681649882956485
75136558103480572806827824409551985459085728505035794683548223991121477155754
103269188946683084568498609152155673319204218329623693237582759909937034396088
42204766118856693143934249393289267765865787007533339406384178109890884505961
93141050126018138908112588434293626232400813848242802365681749417536823740170
37463203383202866038337755647900143912517447544703962359304089908549203918122
83373744929197386690558735824019354069520526228147648052307843287857717028971
22767879993772770220103316935462135902057339571417844691622566993928545419786
2416889291317258043167782030161430018917289773888472004783018237300123799060
42770197694641851598630863712954556534225141857337247918738901343421682580855
97525839751258636933055217759350133094991798898749899917251211974403417243489
97297540667035717308250947800419151849425908471014929408441844155915361627927
33888559792267099682985336187450988531988488543580777404016236142151821445073
20159072125820565509229701496491230821489069276890229956785487498183562145900
76265135283655883616612840755548274668559374730926316607441068702911949858635
3956972356288713681846658916037742500087442245138384513712191885427979927167
77618184646530595439874352893263067322308178645884388154828320530641939348421
93430679189699558728818144614815719431041107477698410362853363653975502510195
31777170114212177056116833761350655576480248122102463022467755641897350840960
60891475298492938984550155892009679937047540317026410719695390162187429953256
13879060166447161461373679109984615454961414149130472272621108777564552464897
84088975417403925321195785635591689716570167418794734007085010969593413435468
39091765205145510972677125041395506623010666781732915311029863628084043432386
47092847815825726397466799523391959313618893248916306898393072632642301916093
36427393385206856337520545644944227330003858840003819974800064606589927412768
39400285344068719284092166702668642619979019053566343647651161947924054681667
60044973299084169312674200320424355772056427476482796939492991566858906500346
103374506480604630940122721331489679366269555068191352022451001003096394132763
10506805018772544967882232650040351562594479541644563922814836304553236997695
70784189593333279002436127024624819318089023516011463907354898941748141812537
50352157306691904568024810079120152004318809142039398084552750750942211550672
5661188787902007356683715160780214635675634937054820796158747781888765557118
5366667378298963838623781924507598723564579251466619215402030889946570005340
64980631522646837134495295023602102193892741771297133712566315666959207508867
115260629820108312830396087472059979267155874251597559137544384283837558136992
9444118455340899404898878769425847703116043591652461627737949593207002148668
11545690542514868487239116506452390609007694322585286093989430336519186030804
48743910556291997551355082783843471428587879199896807797901120601212793112235
92516823224207137973903146547565051927754131244320852468398901783124013865926
22072289293698355770510284936870396776823020346045053574798564819600840799837
64958597595354083933166237501298040230206285395021022671279467763643295537931
49286939843264507449351898142843546587760620304583516828025991281997032457778
86142925321769087242679131588816718341810852341199126164737836047739334318786
9348770225634377074706655668036533514681023262889968773681479583411937153509
65681041330862789234081717959536427474902892999843426179882466376783135054877
82803620337137338634843011741551152957706506202759215500707068996521781183497
30105119971794077428393639655500968097661307122719138941393406345948977708507
46873286631016800319375834998977430812548803100845665783238709303518878954031
100308944516486216596353944202537491751920184361489337458975103244225449657483
61837531768456268396376965035796275521973371427530222538567309668285949670544
87884929886063609352568581567913549288083511694325100575005608153223182670875
72389027034810324477092259856198124553551586811784817631867313404781666552880
42393199089076812600003481969141889891045416537302472311633997526905686438912
92065679033074369267818600760372319715688828697692804646002019696815858916592
92923028877865637527702450389537296685847195709923241443366683912332273245456
9301341779936599693275942431681963175630018012450940225443487775936341876234
62842080322550918464090968427972599596768765897360582893668494858773343519115
14379199656561560513822325974863306621520474435548164276730681513043586976257
12710743689655221927369090803241863721093252353444120856408359363172939099217
91566803906921042250587393373105841704381357624174618000725426328742583519173
57094128433294173465591593699890455022437420488383274376762173529078564464434
88757493270057615407576717908439842666369157576626418781463316666687031335458
101560160471566221499833972753568404464100706668568810181408571076898625305436
97355702026482712822387772938377998755807664750836109863828098680866370265420
94416375823326240724668715189380585154117080861619837056359754412457725530914
72193916064276108098312590510103905456370149835573469760960518871729789204880
82999794723607212681359397019423100853133656137680954058020728787222989582540
87173996111585825607156250655593744685275439651920246417863256700022367500240
88467633502040447582281066402929175521574263120282155844486909776933174861400
14585795037401302860450353957711757981514772706114784522890561581431699623362
102549102605024035921023271811782452412953789868833983553679330097040406781974
26822104247006438962865438619493142006538116878544323172585954216662273419131
97230729822318381742141520819726491646681878989926341067466902659267780832980
77656689659214338561782298677372859330564443264700883378035902546577163399914
41156486491976914128766980269031750124000455261702774665565013380128936959132
1465694604148299386779169328847713471493359731341481943202540289304242202450
40292448577712733125859574744804860228438468888475200232541665630830368422016
90943574902823500357654712667595284914325503672597501585488831548189576512447
89196044703049931461017704776935540745714372825376776787633051859961804351125
99906732989864019661754640225763527915695977303814012653177273699982419313540
69066633979649484858021711374861892023558855240086390065208127390568949629595
43325716493000225294096604947866536479097329140546710592433548723653317257054
86214162532464279629457929309964011231590225404074146488952183872135115192254
114596935354966856667023916252227247657435678113835938529691712625079399892429
30178201377298157239279515270074816964320525638830270860202872077587294906593
23607270619432178621172699719927026761642955741805205715475981755505557686907
4115053314998776242947428049564080863213453947793482999845154984354006583954
53962302038429125342391887512953843075783993095841273206029423714747112004328
71301169779738123075839149989640255009022897886354543506283207207315788998964
8068244443844236988947132817289977051949061191904469876793860116862961205742
24096820879164082096151263993840720776480153318291642339517001917805104598368
51606326027885874265640740732814316483931631065240468323334658619857617077580
61341515368057418832334910210058412131474482268261764713986228609337057121389
16230590451212617317368758167407125931592343522532048348632735439620968176849
97266808537571363799134791086237319263951388860178587517420046739073369513831
2368749555908494518824037090444099847529875502710165809229699360350030880247
24394888685723765413060629079717161297589515211243863835853340159432844703801
83911982161206677658450045746869325036934218947646863770449924107370377532385
68023625697501307256238885030291511342108843683598964808108255279246031762219
65721034484637969692954438498128828263981072537115523051051940750475564254781
66176210348361858610268502668870763977235025502079686272433176531782965270383
67216923627110539248546612754274034089998212914863779868199077680077612022970
41941842946467101312665243488333587396021865234734076602820347923555676493862
12116880399688635257182509821332750381414160401561861261214844068509041782254
91877779726514259606734614458002461205955771970937465935082100585280814170937
70464378125619608092069606530477696338599673701758260498156564845511412222414
16319742261421404056663068704536340477494315103290810772556069928609963052868
87021684240039354522078850123894618913079078128273936398678850853536273455718
26760561061293005790768322554405974328213540572112805624886792280645122539768
100295931549837772149929986944737883041447980387781837906649903102336883104867
51349312065109577639485795847826155504620861171230605548681962523452137561078
88368471832011678010707088203228847928646211030418124599746070989953184687699
26309333281955998722988763884308198273036820039438522228048721861638518836217
90576581837779002866889157395759956046727534698114557758774628062517221031147
77404375988043679501581557084576702767129867978343045983385595122673205889700
13045450176347151225384021568081606200178831418760656835491219267423161755619
75795729636975594209706877726010217533277875651073306886740100196241913620627
62135911594341930398191194147401189025366311097144577132426925334490144551168
65180998719103266047155816614386592828731356663142685832394899116059051705218
40713326081017640524289879258928352897884285610657811753939977728797966882518
67961876866198442041122091582094777516563352618781381415638775905024012270548
33663514248034144630319846942195412306218082777503227227087020489295887206507
66520423392243759671042640510647793312720837290868426420150735793398267419615
114001513245981650975095730170450126196948600386970291184348231492277827906177
3435299822164169591830905533755165365572258934401138430716670461520951355563
72043024238802066065117076641304690825893241888051406272456609693897324869552
87332001418076379787569981960864343767406478898597455875374772945883011948010
10066009710291801662942917954344129642978399080143768505077791460271611400302
82291582269239304835050751794102489200078705844352434048619293941568032200443
90236263208193360366017125769894787876411017774725197741339709473186160762040
58251593383510877108057239260646630549044260777559392736300456614350693112674
49512614324670396012068607678200194325686530722838595891112737897593249571383
89025836368091183130716695475994916005419881790318469190780887177933541322728
99889091832771714549166138699807673240863887070080137168990062133714024778585
76348945440716855529898292590436596066507990323609970594632703390934831912189
21015824969921399077842970160880927180902751166625052937576093991829210785656
6247959371610145845573171649177498950460358856674735181121108333229864838737
5300382192823538389116970041573357044588970088687003186779521597076792134756
55617168911893636560933432680726654764831574820238237565384716211215248282927
44389745674538225864844690341706155899861235601244860738855868480783099179641
97174431409494468123545594395545619488265774831563349833288151481095108218035
39789755503343742600965701075735958364333671952624237972485713977306882194460
7830031594368251089263292423568530082262705874361781800313459679661439463833
110770952305271176390438689789409073244127590441717830107458162034357167248907
56787683254875838106563954460531875420574041039518022457849601779725576548342
11822171436992459688989858845273242237827435948329081465698434672080697973861
105577903353769541856937199957700442888431953432986331879637875849469352206674
87063561459052412577288805280445824817651286948896205822549644936897513683822
7629737584508754919924795662442193132708722399289774668582722616398733216578
88836185834017106700818652324193802811080014204613962864199302673411344515402
28496480840421531800262797559085897063374449429908793507005321375917522193273
18123871476042659364102528694594674185886911894046477126961982114141711746600
4051008872391628260285961443272935283079834666375296277641980542166058496146
77318215126725921138475759887525082639727788158900116362191638596097642588575
39567789378725910521550802252226229117674396236128547376823341574897288001376
28969731443308335394880560561062927847392209770951869453162209334428336471454
1939206486894082654594687065611498991096911240953647605675443027794312775619
89192982318011280218741610738178932652692437538568939016467828290428029161468
42745774949158784978264811687307167386420685681775949106192254500896751843224
