29455795342781708243368253313103373721125196566210730226585464271932799216025
39076189204718402293891790287890808734301764841547052457878839236148383690942
46557000823171208713859677326762201953956429865272699256963124758960952576273
80756493770797197128866482004180255684980754966327144378581087604135264757075
4352111235236532117419498365165540909035661681217546299370183593011790033857
51409337607187113846054165360039143625085124534330688141857046113820968556673
75949012602271985882105690299804584994454916052115412986327325588949739412023
93317546955472825859816203905730326793698697693263166343811879702757611609724
40518008880331829311101227763738288217179206238734945393420406936300184521540
62350805363006050920161717365369261450910455514531522867720121515711815783679
71039354654707879773405269469693419136123832769914636417161295977583163625135
2190116761123145410830100354720029176622118745789935407518276054489148022050
89602514007940644872828564171667671543138947236846543396467294890329014026935
1212304718533053325963764032011023903810669012012149780636629006200289297479
93570210665552471695953786132751409284132353984797153187333725834217152817789
6372811280722668977839032153515632078278776401692038330320300009805526861286
42081513516941661598331807686617250757268379340804313824790396019676084589879
110290608910377319048527003522855424527954101797811828924293943055435349045273
92440494011582692960649832648825713507371380041233440405982110633588641956166
69409654437420464033107012830729320673213070924194715252195707086001307995117
75822607665507459920980696601218243634124942547400382245537564020628888062512
99367649177597610050375968447123502446649120593209923372610412188433066908104
110933853409600340983851969087170927156088097405246171256082299437421945410374
883771246493139416703222911160208890335026361129244892008786994967172884940
109556614528490689462768755907086167092785387669250190847901226603656020187926
36378983966128425519306805631206745380082740609722282486155248978569949308793
92948130726352604913187353022973389132764419410604195903539951871702035783517
107478210086015366180789845191353911898575386920765524710376604758873592764797
73615658104116065357026796592454863099393181707963751799447803247998772637095
105080633495043768282179829656334179438754943647975894800493271322243048671412
97091486893655356323274574510985003813579929642069920422409960101456318434696
62171328232383663792968542907127849761939721310712147881102980066091855504881
103506524182173639425037966494389228539969945972352376880699786552493021454192
100306970909459779846234146883015986544669433290183474152165468173266030043099
19563639667612359825111902391035225105030904981732665406249563779285811790112
92585572649174379360438285154820406359149828955592153902143229290204137379166
58232188932494052655755290290680931803356310327437694222253658338181678584072
74647646857200123720422698103722578470948975699481338845658407848967931555072
84443733227885854033875227176369555204845987160973407774307180892953452457939
115358668680245100041238725973282670150191326508391631563131103311581396725181
72916957936271854821560229622579357541750196858888441189601024732447328079114
15439183213256080728432921981356893708135738167927463838838176082616929586476
79801692011716453342563858567696164119216537303746343680743192135812261955184
67941301948916030781206378142060063621676252307433609512696030643729243922177
28365770217698673529878722186046422966691965574376068654142308699445254314778
110000594604158386716357289853176214324288815349333365165364011627387571865993
86849007879965178350774257180726031316919961640923597231400528633612150482597
50253929766707424370727564777783878053444204784200987820967613074182003059704
3553509198153657447042281948905985487579693042746741343843359399942634984318
63150367725455279611844975134245116626216587780880354859399022427559684463210
52623638407609827163224551918701525466218188115160642711373255013317691640587
29132040749350184581864561673286865611428542248075771950269184774596837284032
55488744445823080774520537617685295104417589343746831631690692104671429482377
72404550503263929057278605280015538986194223087140847014335759545703844087319
6612881275262199985633442856404262932491919956630823195132747365942995689560
52399623804987102570834028586724646035562418968763888322343685274779626289234
