80327313745546140906992460486402229811313174493232983454863546781406595461938
68490614045065061541966527009546268641502219300381698829645397444250607567854
64385973004418321171913623825224774176040629710765268084672595630695945066790
27928025469677762780468330831951975184127424059962986762528601020216630805409
73042636281476935564452358202138824644170614924551779311101890842043129798382
35835989868435194475234312175191225220779573241247977165125686982921609738747
99823721584936462313416712212930244883728017386849904716116724843147453845437
90503656005012706609004322268692438317727175460262356423298849142638589378358
57100190904592082219398820742576255887633097067285898160099138323383346121300
13614163602261309698724862077429460244106979701029134580415337662414078665159
94864712039889481130591301219651927195446118933254796429213237760842145673706
71976874518405108356996041976327605658484447890031786250723140736244055872840
84815741287081718673032755507062477587527727653057525967587415592767039698078
53587179300352247989075530791261737026687719360481397718369841324328060826951
19842883182349029516185228896411924462697007774162489755876797919490506914348
37750476788338382642576309235234850997683969762310645221690622414709820395710
18765662418272102556653863132127021244977635684642642222275527682034363146557
35697650865763010858579961072375063350615807262440741866651542172277509692403
123739459545023404438949262540422405294603656018622174189288556315533616842
105015617810123203423727075457089844149179181808080441499144843678148585062091
68330682088707116343324435897410526866423592838424242604359180889273549568580
44532667856632906740495617414342822824526109246686809514382449039648704831034
79170768014252939341678076334086839385287679126549429144444212645984106100348
61012555295979070841277743598989493819029375053342831750266043758815091738425
69312449728689996916903191118180377929676286621221295655180572066010731957633
111495394416816630722206258687591861353931589845426607212700886670954369495396
37292677951791423704770528051009780714731115076084983742259669939502923895557
29480069280024825453354040341646038236365634039363759841769888440151543064788
115645610364455340347741065049343045955685701472639927063908133761344052385494
24883799689218577965641682936093905383056212918473609292121208530216361552372
368181355344452708807850621406621903620031820491144666063514031527479149448
110659165022865286494556929731115338172224364385116011789987060772745531499601
73593162432446177822941391673179398649913587025633909055832165691004758589123
110889173965316273305082507030201730691101662177725065932198088214068165673943
23520799158807833940854011713362168001191377780084831239538667248560872919339
96953096724289804628407430332664806326359512156054620837817811020231831894012
52386225361442909013623671835638297552998639653601317908469840999939542143857
48832776941696781633723003135152196115554439503664837415276398038584896909282
62271910576497729179490584520856348290998238128994688550213439752187906529920
94060882661844952181231452429147605565526649019696260847198158691851917060045
68145277127309774288351419524530880577880437089700184006325484476438808188094
22857195149789288496334654539661655524937891163608875739529039913119478071513
117827790935191074997017366004539157481358074507874949507890295087039146432
10239687061824562172438367972687073354916537432086998134523829063323495279394
86867875545019666289629513870192930814867167072451089361353350730938179288810
62020522706543204180238498396906219027983958765589569772044953416697669928778
59893631593589400954727898909328169236848681663560900037496674524184144651162
113966522219036292829271275076908267534577154104613091580861827103772008877643
61754642776307713143242874067754371173320749749280543080975888441409386419887
94903658384028249081706926434631967466072940777777633426594917559027335702411
37281977215334220940681306146162108933358992326118970178408978387008013810964
87847610811387215373272031236642429150942660484960754644511569646028571100737
37579340145457894787774129725963962970848051215571827028045592562317183449424
42158932835780001139657861511420066465261360849850666865783973183809925933221
97690557667393317883337185321170445454821482748087486735225720593581153065285
17485486740708248531471639002458037426676075939614245135370174874372779000821
79270798001813486314970698939784629026655876553081764862271775623195549108057
106194684307339231066023753281206825879810373787773830995285507655977906909136
21399554157981463978791311118639615352893958962522872841553177838705390101747
31334741753770127793469680862125375551604223060886249929052048544342460100485
80021150202612093759251528509876564457963667624491432266227782136998315879969
3588006805130324431705265146998491568016413870294224753214864286367011752167
48201719299163012513333083454051620609771332809970984908363236440468369904708
10255289321357996056520216996177168270831607362915013718922928502085806433340
78570643933861128275853818207932684573957156413716534673443228059803404833761
99972689967844112269106588928451348514829025719438930438846889538876868859394
23180472831438429466557959339142256391357122061565547207598166261598190527822
43498438969929440137637010010369448220968743582991954757215896838246997780440
44705924748735858267763072204012812322410895269362761527169772339817502914204
44564130281409696773395850745976810152749330694194383393610736665719288166146
17715138515375034182346995074623522554534221104077505612181528154570394685367
111496329702825118877332861054460157878981868668517070950660774390974110737685
91835104367123977958058482774607144193998296202662699119275285659190339761497
11918582178783673563759139666202984916151329851453971145494875414285720533737
63316084152845226419316840860998365717575973304058353921384005289691158729790
56313997931612159707695985879978153672752170168841536285398114536335353118625
2700615339155736792406598875133264623207018073570233713203008881252369166180
53412109913155956842820790312525560699805686608807045668261122320791346194098
43165201174386688614344878056505493790080520805062422923144275575251888267545
16503387297693137301928260557999630094614846284199438402171216545222469009532
102556633959740345903044623072181466921323122478825958442310893534177187263974
33745837569277274180929254319228204569348535516464029404784242127227937232342
61507088262374793581793506818952827226277300996411269225295391141958922128842
12234938900308774784518283147405524456334063778014611475698154409775249600729
24477137478106547990969385388330640029303642389083190132171858267189661906869
72074620358000111751614059454108945794658093142984412294507172252541945396401
30307692838083718152236300102585395904145533286016922334328526589141265504064
69836279936159880603154588939786644500940299053691440960019020919100567133700
96591403253957343613947571949422923904964820320687515855192429975932632423242
88936112513374462125885634821583562207792744577597783888192066685289719554959
55937598980365718862534109358701359868112910934968796652355815136944948809166
24156097244375564770128071959686935697712653099748201628008873781240985849085
3921843047021740003948954270925618211410495943881167321428887049516534943175
21703245262183370102941153843295055076914892074686232464379040084952975450608
92837780085721388503463898689447757011023138044872010382123638846976933732266
6940781587445387030739449248174925513770307871190137759667035943425129887947
58579929300231719040974721813441418370644827679391085548347484180945111880972
37072232037765672537543885989082076553484277756828486128362947416383001912916
112013444644348484066606556465306770511607858795887158106467264663715418382208
72523435618046242381708694136680850363374969680051108158966100206096018367555
16317859948073885774988669892123948207110268906178983244974271584152945718765
61413112401738239725185214646354672862853258209008315336610852156254544628939
38522221223389150761890678118557794286080533735562302273434229761138138443086
94425755962476024958279362144274810909682430613961901537438397515778058375128
81644517234223286238985750758408832868933528902598499956935101039902668472096
92758245210284119687009680730005256976263836480327986438754177207467218616670
6904125320514186895637438694963237489187808858450304699753651827186798482756
51546927453441718970407279303195994919607270504131370373468983364817524686899
9148848722770906089482434092096795234777096724436551277455024189618787149483
37559071256347559073084303949028836775719394333999439492484334070175294623539
59906376248539804476406040176959574983307149702480969689756111349277560136097
10461126389871018968607794043213303328945209062467243912455206966496366940958
96608308509778738235516650224335288488968112883162121476711603995341150156121
71921564836702346819268401358501536118095634978062927847041406103462701210059
36280840691826867168096897338581145254479107753584264045967129513894835348649
69770311246336980844735155539334913282931163387335117844690209164738594475021
60480970885732387418307505368576506099051402160480466695149577375944770050576
103888081114939858791346542858904833622483710544587747887746000984466997701939
82679491200981592484619766909714757494513306757570518528535860818911566997944
32772358714246807330125056481227337442730679642368514282784935025533484152799
18703096293981091763394657464681127685677301742485409732167090781495690451453
49877059820149463305834079357964241491706667039013998106210666951154764265574
50217382887638569042919918062313473062841287739027067276832832125145371903953
44923320073483588759800796629048332668237282269919505493611799672567332243143
93433655685399630205014415737872576589326425147545761031975961904543498689644
69686106184321849555372323847370048389512591393708208253506736359434814223238
86452098036006614294737377338886109659332734517922841284721727787295849952330
32910520828879043241085788999796185587318060470464043014765425841852703841508
41984342514700805108206325813862740897501708770109967234370587633786125607604
71129721245376335072835283494061702887980599107812478191517633435323193547930
94447237999950585251490756409132459778625337342319522999915331503014419241503
54064776237475483059720724808707365586782204741210736952738732666756483389872
4160815257213640324590085235774458408908159749529433012071210055209239647462
31631496734228344819227386722051739662914650013669870365247705264360509190680
45334932478703957285593335764872836752719083602822665036765062825162731754253
29580263292730187650771863830343921612316951444851912694949497481600637593620
48264128134449023425859230650071839230023477839523155022613571831024850835930
108490509680729298726544628976969630141791524989679141913095554408561428510292
80804122886831620538635204325714787294072408942699073235449073027778521608799
56632596684716793061262629372634739005893964375020955330044817262286176028703
46590079004954143746329599608138885955126086832648526244557528383664626805218
60241031558339147770428582046033303345008171705115796688159203965887125630965
79037140544448285937229239826111005940707160283578959260176717015955910191264
93262612047146282923698569153728049968246728044083607136869339716465086769456
68618487802502205404967743140041278998776788900682210892136184583339780916634
25477419762260332950656751945823408778247882354931195703323457313276420545827
105399686436233760710391431576723317790983826138058510750817645606519227147820
115585432973353371875750248204672451567630864852995992928041749704667444900956
112646327237453881460189747518715875666959769243402969877093554900069247351203
114587027128242458720138056774504739339557230278953841927824372136941180954390
73333993406700896322151770961743409683764467208567449675984099544001311523997
76794660921757706232787925939944575059266899588220657206248842141700374265838
73450079007775925448781708862221915768656490197236808823078592393926412792061
49287061111611639644099032310586665650421462177347271400699434406157889876764
90778755993184690074231390288072143303109356920807819221536375740313338521281
110075948779940438030550398067337510852092824283214499549802842558427132499055
89772095484627216589383191590923691489402562182816338284550650858737544264800
30898010453869791454681108241028223674274293216645718466849194799946376375961
13570952180724312816904065435738351056807246055301372488383757733638358896789
48550640504814937587684632116948680453554705321356407845898695328868434642681
11454638707665035811642560138069451724747424027684887328843196945451570273065
114786500267939803968818113085250678620581894534005699685196706380361146562667
101628910151460552157733959297311692064748646172683160745239010247010029990918
97683193020060179780979711461572557162279184311728208399422575121160726021809
33952238517177627801440588826163078188374006537322118528418854956180238223671
39336695063676804036742474694229841246525987085203010610833930256534227779784
67022132390644502253808261007641840955501523857364292323640860079729501592639
70690212710953409739509945438050830195924958807435085152540300111178419126033
53214069297315035658720982983705458401589295809373005420798491006470147830257
113694174948793536080949762761594005673592326407845398122648719128322963172268
50578673761234821528354948864754034261882161400169183493316007886302457243713
35766092877136468105121620314427526675688660686418875474140700712896155616642
40051992108910973888371864857920788714530809403917515593549103010562574498966
24853216148739908683167467617700849795093461511052890107614441842501120373110
47735312214177828050903191083377353791050934816960797244866409611315107014269
87193961730304622182343700361531639716391465767050926545427488492841426120876
70750394053580402998992601933796322893406693231998334029428256149958928611910
89777577386145036288401633788174050988461323889998737737144409487214189331404
17915841756872643875909856168416119397236923656792420971945924179087923687078
49378819543026767684071566032576383877138688727164813041774279618590951253905
47905324231034121782182485255879529648818865449586546535945308618923015626303
88024499590434508436559428786372527030132241113321960977718623149712549334516
100988037806787338581422986664091955488270160338933477190863242829542834877868
65134018438853625437389964744733877091139098262594814543471576638906817605943
98283819188802548523875137592051497444817897404543449781422211771333414271372
55178730046903098398944941294101085310630211228339241225293396424516514569987
110916853878783592072513721786294316322843502687862060989449634287611148092464
83374748683291317713667987813047036307631616377233007396605492824685257244868
46272235254971138241983761656748749151433494711926664475269509627849553051396
75390448280715978891166097453793023981395827218270766868361715921127689722393
95008863892454726022024252515211886076309141653438861505257985021586976963328
87242997756034630977085340787592382054394095185373524914361632837411500744593
50865594186927823630096241065842402832836810403437682545433464955344426540465
95002675697972812518537350976860611676716016757593176833615630380625028892748
