44218955374110911455120351318140321653910888993449204376813652515320175294634
75681247885266175657342243170470267047500826831817691704698847759513611566180
82268308037519370929591657552679676705908330174963801167242000256602986610081
35794759329042673231274325245130375727969900645036965646709241238381213376202
89131466273400803226958904364148275182279428685529797494706076410307047994368
30206963762586045872726494038076383796668281888022955138189858709993508913436
88279387477880758841708631014629558481696883970171569278985677897192357611832
80486230572436712323874949690108874613707866435535964121129081723389734615759
35287149630514924771332041872847705891868810721500658916579577053243036319389
35440696861715532967631591027493952592501109519730554952093639740628909916579
1720469267270273152661817989669995287014490447833988358762203853599246221256
81645021117131213416514121795298228793437780092913337832646726088423312755523
56387188862325241942699417570667633848966755692447779154264711196176599319589
42464897212698993824226557481181405984224278345031463082239232679592189417057
29208595388856899992365728814889102765067715509972992228807457873911552071714
32924793411623715089355535842476850769922404273151712422417795884224093678214
87471593716680857961282384463498238047804618480696086681470086478144926372689
20294034183846606100844013548733004051602599034739005905784075267675077764766
89250621589229375087117379682928215271198616888298306102897069303894023542356
105738695808749509211188150937569242446011973240855654205750082991240309393354
44775609777843745760924303115541546766259465644507399424893238905999963057855
62787862931215426794677630614193296698639056283896805691394670208577930145124
104188365999258315113089793637903148488342171761850043032746780295660938479614
7174824078864170586075713509234421405406592566538332083258564491840141721377
115630900337274184325408371794638518505628331223915071332519787414691542086783
70891285034512221277199209561247952713503643231663121757683318660785574716901
78939533983024666217396160017120709542554025419153499182429011525361698673541
23346419026085488245347983336650405561383352155669201339429992554228638475153
45520220293771085803866462257737012812896534592399918802000479480993280012957
19755918432040284302937240013065711957817896801405693310072403729373860360089
104668603454285713498003774825550310680895525591328442341348156933622882130169
9249275728607883163966701508196966673309142276054036561141439495834351909883
47515025407591307016120461212978697823629968298821529335155768777767426146328
24382322064050889136530286688831870507699866936186029197511412577186842287109
56268419698210172971679574765323948186640027692324185228462005374406309300977
46472645545141622273584707682940489416217340085358970936883848038343821425611
27357560692782782586089145664358972734636795477386423976506939799546297590266
44513911425263853521407065870211181445290662992891913386306418095148191469934
21074186455368515676276648071813792129097970719544624931477509260085115861258
42321831779697076997163906594813784069514573883318544898659980287378495804738
38796828072061649221574253975938212816501638952277063230830047049229855386712
76684025110720850206413800332457155585732971661425915369321922382984581595440
115051003078725390089123618410911710603362333471256679793287564793533038702354
112214747138400534963703259196394117298119229831321496705721310367167201031969
103499503642119501752699034062839547822050372542801102036288710545721134677283
27377621090639006667233379754364070687536482356381531877111343940906820140383
26737602341644665491622014466375259098094974206556023183839995795772959504226
94266420726285661201909065853672481216760458020701145390156656940832494964825
104673349902990560664167540679671657472527767947358091535920614583920644809488
14962402055918676147698265845140503502688435450117432667838179945287142648448
20797934939346540867815704618991953475701739668963149140400674906270841666234
28321322088255900985451063615818233193237016422860669639750957141105211671399
6366656380226094241900041786108751635349815972403259097718868213154689766166
45565370030595782153049097792107228192161132048177135060935110509422732727278
46096065965041728624027442620207959240419059199340707209813081262973212484129
3435894708916784564159827497047421133147738636169551003441130553434653982224
93334745468943860064527032695330061996430441822477476108151885900126560885527
60348847965492020530646596718576727249544391477417750236019657865359270455519
72260928678317806096700179030199487182415620609661444985242801298963708867811
85977689753176462120894558273568666388864541182267434271622457564311300778571
90802733376892267380962114402535723362812441576503746517281040919802327105391
40284054705283504211906287165543677379062016682065513570985588786060942904730
36889219728731053082455682508053450231162990503927012070102831886119555740346
86953044097897472689270505510812542090717720208778924633906079816507738734410
9364192033784597301351876896456815369910395524141513611562629707075360539632
17786236031328408758730688944219145242859320590645231616327200660016786841722
81858378483197839439164207469930183476391538417752458914704852760287372372092
92046752782343964855947020977463007457774511083423979390205995537276553285632
57668634465851832686911981926591295574977835473078914671369206860897725838039
105486558811833863123045282791456178581534389361707694476678069243410249926448
62834430578521443917920606855057874564313047623149244006136267355657027223210
54001444726182078757158126259452711245801755793292887210263821472842020116686
71897353519267735051286705518016280688909458202748193484177707608941781460190
41976345613057615489710773802959119327932967255872594056706799211263009395821
91669486555469753372119324574326177676629872193228457887470687689474173142958
42164529133137542622677144141290965851722174931484863736927862359019985833631
45417240607501866533193118133298372628356456526496305528155993739886768828366
107353613523946616925394136078155705280718784845274628642433684817108137940710
50480742367558715534049938457055551281038126205546004518471093127826329337151
54399568365132052316991481266768901221989332338853870796855492541357297067187
86913868663524583957230817717141038074060041736130875352545276125014871430925
69218374361668825493811842872110306982009656607422975450292433032673225151272
18731161283925843945719447037142126284241153905491244145051116823977262577809
97879461677041904915299381548665432438678873968797973471648767524516615238568
95762242318982071965900306506872592787611406286117934579004461628153677009444
48013488479834371845864493522339462720373731075184800142114344775926103973854
84449495053319819864117740348862968546607174296553846647941541459517725615452
75421015471364412366779075235525737935600275816882031662638053922708787106905
22200940887124032308621736834526539863847636458986800807614358280256178723361
93789947018337699338350509725195210422167215615619032862186832191941257352464
41988732408828596068101247088550125722505376800726560868858147274158105430288
54963897301533038461815066013180190499818279161749309045113574822360854954151
89193608739720980789451987554935309896446122439007553036906218176976110166227
17441443447485642605176598950638877222925674180176400966367028388218547696568
94841286549377234138720723584332867067389120266087947311556951197066634899916
10241259698259810116348663060761458869313873071647763316531017198369911665663
40807208798769160593607700552568307241531828802547627679571767449132481324154
100458333593868327890008971462172063993767322051121982812664722968238188468965
12428850167732918497098392571045007561017736268896371357720864509746963222315
97394272107078461843835850169816529268687977944234303811352974351408422044304
21237498904689308579575453703633731430059058633536934318614529126381017117440
68457469541145877999422063350807726147222355587149064772959007843442725607568
68989475655878732224217630239196922228919356474649853629011710753234194940938
30594106435118318709650873669178198993477384424482472080814618110150742476106
55312542451566097363168989322522821493571993993899537370460329231126445144546
107993062150919873685391008703993768943548140582326442985264088771314337297797
92392439484934317462635359143306536324968766067530850574294519601421222384186
16455869846416986829144863185186019288221051301067677751477808874158436525739
93528123909417227439188321571560488252893411757838305631323932597277761763116
112608908700738762817649057604282272079421344108705076762528842577218413002950
14278707038964088389420561472438527181326706485301026679875897324084734867921
6300027623611156279217483965642038241575661475468844215077962435374990286824
15929985819056712931105321186432664062594299971668383389800373503512493912269
82106228658401039333502814711116076574286418884114684238057771419944847651275
8501207486323069574370151437262589525990282034135920656629519886636261609858
80779342363748604199590976971406018543561140218396796488170277792046087926056
115624719054970977636992856710795766619607093976406657926073767582477157576459
17793715349995050525324913173861813055982008179716543568251958007622329538769
66755466602083134285902528362367200104648304585467089917013104088011152167104
54542102993663490049329234810503291047115180551508327715368647046146382302150
6117701363061299786974454157446045258473924883558954214357414841923585864214
20926987241220609570373700437970452026036746114442649507816076592046583925975
57429804009726565639755245670530973470050393279982532297909613147926420904722
89999472074943381286639120432025400509581037691369639494923525747811827401677
79465430011301074211221356552667214652792486841542226345384137594349567767312
87700420174128924371456460133016818986240795980448291082433183292382742994942
15441566268183139800034877582473251620597758462202434846367409316926100999193
36143180078685268749807959369340588801462090965021735729541237212635691193228
45464554776053321903028150188970155447620101375639185063893202820542444484466
48587478402792829041438271911563674560475409889113789451853067063219121935719
