32355091887140435832536532348821179787719845181139328056989628924758055850485
84252081782451444180689407409703575891968982917783481573378225056843285750979
66125947120790123181779190932971756899574139584146530316363145961020660134965
114345021380414469167441659479315638087228510646958019040072270191009930281794
92297139636919869021929176452630081842251627314889006336097431569596397001987
114942866472698227386536715422352484614406207916275371824949568590044003709523
96932803627929564480597949089033389107664418651879876810592504269780278000818
33559365971079879280722716428556383596754953081934980598796733933134240197750
71241775939573952544568697794842360117543550238702844630678240911648755411974
74957233798664098535474687814594648948906459237251612290613358514863747920776
13764097714142644129974961165096911673810885570714660377132890482157863144732
112778925113119788840070831814554269684006688927146736399141078384971447920037
42754787472949363510562395967443579334003271086767349023546827874756253093720
8899153225813684407650971102163152396688772951619407222297225947654509036431
52307088911461359064903761132591128352019399764256102280768743955012160241992
16362423757031239069044905203037918627900659510622977437406005461250058500507
13123149692545964201242670010209065658384176124421218474229094898491530690895
89479459223659719705579962882342071298471273522744005767056927203637084302436
45475883704655506862142440755135732813122631959650592015050602743031364881026
84953725621289871360020277424556901033602659804496657399920451567294984426430
48517936460939441192435803303331740058345430511914332410554881789183526412538
91082391184762842740176586088478474469762872096127514962171568882100739862677
88503457402651133753073755060232935430022939155459041387077775041250462252180
37818264962660470439090663325211676327172726889333134338536408085216240008752
2727725551546856690167213646367070251105579623565769955669669235741225250330
17768841993672697572681102213304107278068417480089324103124795947570092287720
62054426133105198338916168937386572806349194521307738996008024869962131137717
5173014476920765604098363782414045547175648702134082335086142487356331222859
78706233578154168645967345113511907630979313010981313873916432207794850688511
89522148329065084104854385953905439575567687871773284561096951340463210648228
1819496670211283518583585184203324645798254322195883320175426977480460721788
42009096458293973558543428951255215729345229426138282575876995035592718562041
2523447009937603940687023478932198158609610692107156073474613609464180157052
42019829789623028652199964490609148902188951779501566530178336267939584144274
15036271826612612033415596361796977493505499223443725303732256229911911009062
50875952509917931697664890657274863099801055840701195185321879615142014075213
21168699159244257048776108594605900892902861631984156113580214470692308606015
48351007968428275289249503928036807062402223508261843443453457313066849527383
15821088460941137294252337405180877078790120486434747386097289393977227668686
101859588841795622020091421246515839092986254131646501507105379467491829178889
28619439261121056165114062816417339683365992857010667850621673863873787123873
20880716436642190042682946747856229149990970480702978147770075476935778774945
37186768418758815979482485840048161201296999375430595398576394522651379781621
5471225087851498767417982156629946471867747720300255467975936058665317101106
53314333170236822164533847446146272517267424028145295784231164994270859299446
16248008601697406180309815757119144094865137105308811996419778469614705246401
113574532586974611011467613073749814647788179343116862378802255591164707633710
64252898841247975183817729168108997074119217350965732481262694510623646452262
82292277809698089750057175626808779565832536615749247898305291524858156125327
14153315789613720935718317982892609368226784942006610533151984604561457046811
16264442412250056903985810142586756984725682669155024880508433700308325380176
56571046611654584194075302663701346062969889657096705413590933404387279940913
1018567706472393700811312574688210531683066296453615465198349787388007768314
50388488600259617041137042036411966287315326445761358909596941558193141255249
42166472956241869026985941059601995460553608967377422029682514279562818337296
53505708885805549802314975034139835779657106962793241248294028110622016375147
55228914876790441923002962623691742656595051365068295744052161321780369691534
57985590061540041317486244933566146280888025879082024502088888431089356866916
90125800967451383872762282377516987115474772495459135094884511662415498390477
110552363125590566583805913693030119683390866007730484306116001010582918720981
90939576265608649933713453377067763268361436361120950663318333483375596752034
28838467416170966969259770539016124124004188339403969822083979938184669045395
73049620123686585100551677702805047628036643024853520209100954239689602392683
80006786503424287404233665015599985085276502289366517555113286512704007767747
28054117387987163542080868868014701421325852330587827967605862461137820617208
101727311158333865159035528729811147766644751914827554686522675474900948140106
85926938612884788601773127047148303140696055484548129787877905693009929769052
107319122245338954861152691667358674319427267992321622122839960627528407526339
12317037475000643269974120308905175163775984208526972115590740059694354761995
113136327881487397687654619845291441047299768053383972021763314363356428775502
23886530001143206822004328765951031323461158222196149524281271421626022322911
11361148887743081789145366745912106434774214949114685806652550386398752628189
60610710873967853044010105724648141826499202940750313661932755330429910501639
102747590294015659603450096458661641559178113322850347477262610958846666486170
47485223570515051475235670701519542420741254856874555359242396777148868786047
85926665765996452067722575478566252234389772380965894944893290747692136829757
33615363881915797104963985268283441408967828565127621713292497379779671288574
58357371407185203837911703464781557616808691357911809753613119500600116818551
102600545563559971001891082598980621844185436320513653534742332357630953205277
5187368270448821977143436498345432565193287162172772528186384092522823838933
18327680902016246741802639213993418572881714157002615101647822928701535386367
30521752596699732557122201755193583318249541743300237652823998338745065028736
13867555184892907544911230779941126713260276044152069726385954941060908340360
89039841668472013016666632383833056222588878357155262736268674015530454324737
10046056735446422427935494179143910188305519039145294299205233621952998215779
16644702236897285168761231106511868825164637776766224635382319969402895346471
50521841189402322782604579157341184488902083374728276273181535459589718206065
47043420640949446873031490874600740569550209136749383238098610670122327687415
65849905925637600655024945305808940139152911112565483118546109546248788974177
59168165443663260224767168543645393674174821353647973513073461880365526903749
41855027003262362211523485338453324212577389295769661322924727497508315851810
47396538707914268947184394947820735352867807660891047592715805208217648240092
35462262675002906349894848492722802144297892861245594058052316215576177053457
95006215827573049515111272492766943118637834123303761092974151314449704636432
38820745978549840823892976083587519054777402870475134363620185025179174072581
59378082704800351725601886504622490387940191762105984907145081643267961771665
112938234038940899425718766918698734080543065989879518446251986015746048422893
77789193579686875650027606917715453074041196192820644371778525922089119657595
23256022123948018911680358694589282050485825631328836522824541534077273812714
17925635022010957176772714478416338223299418549097793180255429820261127858561
111428435093473684762780484112748482038793924034326225921695788282489534417723
33068870946195385537182252414415348601553080576011452078712782866511662297207
13756573833386669453274098975241836169907733508022879889857564848898677307688
36432224334400627398351503647409964237713952919091435440332226646278921607313
56556616513386240656892388074333878111531923851743894104422537035997440240943
58524311049788566491231827132015944489017497525210053070253856750590224008267
28723972764984291831474951345821978139538083214075863167156683693285225088423
51204939724120128303305090957072830091676849323066410782794173461831956507257
112154178242932075913796302553810634171694556795301137923449927323411446810561
21877133795578944286587187428315584076922254190271211500623519071327919909262
41528982118646877939970916958011630281974803781287107032029692492200000366646
14129460465910218713287358254804884897712468688149436961709346097056789823441
105968458391558765635653910221906242266449910102708273501619706339359990267899
91600716580931263477488847747266620967940974739551166752726926680033254067034
63699140612577146780683028222972957528144396670826018715089589586267318719612
26011562155519697289463356988552062208542349592781988554223988901604719462776
70307009027957654831681166723237507203998406938142997724423032622583501235598
43184286125282355734426552807557761820999173463355171677288991671973420764712
72857478169222762600646219617077273965753151071361915320480456086245178637995
88218552516230613548656874695622546887778287769847817752230393289609461287873
94267740643796632115622377515988881441234254455455912797669073709823237259395
51271726218061012821899305482578735470139825691155241999009228673029494226264
8444899454187684245339078034929659136785660095241109766361771884483179526085
75245990578882192715695314793421140148862565882443828653575701570368293658945
60639247432692246143158741989263837474749079216750283851397857886638766694575
113324585495910747916371380020887542893214779958060360651475781014794344490124
10682463660510555004494957573097206253452812949478585926099957286223588917509
61044751309491564234387560134128926843411860834938309154292924657625936714962
86429664053461726661115610313810273464099601421024345558615304524164561218637
20877224125221241352230133498827695225011347163962544987316773737340114759907
14203096887296422542483410179378664999450955260451562412868217017211601946672
107144145507666991918795826094436367092648266571896741780977482575748692498515
79072782950731760369303523625345063044837500552949732446407237579815298746261
11227601134864735377417546585827752852031778208901793661481990152756893164378
89160416446495869777916084846137485816941163335809483821428848721905811921567
89915182130885219756586923660312689160402309658675703357626964278726526934860
13445749752691471769595666198735830063215945168122022418088752196310762913942
92005233989463018145360196478625561670766502739123538640694789212435529125196
24395684461324661667375618674317879995556073271168990857336073834956214853258
87257486884044051611410719211523996177617377610955624515899468810485343322848
7668857139269169465558885875171409307807738680330870758189841596193645379302
104833558707449376509345570505587555343981890487860562734747863324965294434477
3611358714958595508520397115295322658048226288798358423113251274901675766376
8213502203967068641750711841362506593800790253398754306777953420013265180083
5064839962719401767146653656865471974506773959259206776631783504209061175160
97524859914121971031194738683875012488759812809339109785246468840690976684467
42914513743118833177701951999341011096558912447617732357270882205912504517705
110383644486582641278928542120468193714884019618963735430377303627758077536362
77102325442425903141764182661194511538167052372373490719983383730281245804522
36290776820431428847656791366267142414669006694937347464109860107522410640726
104388784819679553777791719198135650891906817035103856434497368598914260841443
