80163586947756303415328508733825790373156628637329276148188465665511673254642
88247890677604816152670192083229767429718016846813916790528226413555505040739
40867646733699427351152295093853772120754992309423151845589128490278507200304
19288518352373939695725109429667471326272466474263941117697626655985460146165
34569378404177790673280272104458150457215786045104384460478795638688184773804
110075047095546691177882899250610574660757930897128601887251348596241409741028
109272385083892037204416124650734474631741517039309484372562732875294407335369
8878785484250011607603390938433253665318511745690374459112043265455331530836
15595960509008150041270342213472499199274669566059976453419220555370340162722
42853321185456357767877066460089550351976999324137794714895477038795789090182
3844575051726749347642973362977231334296749510616481316524318295996587517327
31443295005807883813632572838560365958285997181697352001068721505660086080265
106993341487124482108922595315385915910994020251206245062573640383000180303387
79700204544496744107473461876196488008674882790681760869306188161030337164092
24416192526267618751270837569500931987550671602333272107815914045970369618087
58585070419239439979631300350542477892542477482058538709033704226527068229202
90019942435731216176461447881736008711010820899808620901378296600810184135166
43520008494146426530125374760562044454091265139751542892894057566667366600016
53422442103633582238016356229066066539230073091226746315380714402462917139710
15520867519549480520291169578140355413517178479088333200487290066557120875938
27484124019140973866132045294486145445988642054284698777423248931912007721801
91294833456003873758235711820177376678580202570366946276620411282187865350073
111870589240303200093987019065018926453790259495738861004121482490423285244905
30470997768918224512009538875819486250672913612606507920529482085296013266040
76452459964466841397160644893750274129655034382993727458388055559831494907643
47484579846675961056175263630872063130798392617891591896809712910922773778609
91163709279349104748031209467983847192374583140184718566340202799802514198152
105398640692050696793425682166881430945580889464237524280635732581912364636090
30193389500763048910061838278812043916231579714213356841875221815985154617020
88656339429918469754425247706474936272303450254628977237756569402727939434166
107166835256209387213777725845222467767626247887908678933958719819182062099722
90731423251831982850838290790453164977759267383355182154868449153402716159824
27277938086739975329902961891704172505983706540453266776868485016939132479007
53611121514875088988325499705819162618272968934238125430435336881774817801640
24834575427499292561569903263276790312540799162840859575453288999615802735783
61360069901133587292988619661981912976962353711418197718644583358892753939961
76298290948682803738111571197571926293701817507335210854255527824030983828353
41099428759499646706416207010753900925331955259814772855361818163886972056236
58775051924179575636355639484269387812375834957372411004466845749322063918706
46582790738547835215685790077101488991995634334163345611693658109027409453896
88278273354036850124691450781205719476993177508078857203002917665796321912078
30654913698277459409803913137149103365109320424833167222732223969165105607035
11654100182150388167734298335309846333580255613319204768287094738370363795692
34182604081740988980801706111263907426681569275506343512625632689786256886919
52157994989264184315698731998394666082290982079317993346342142462171487313176
28738917796656139522836365413391099202477269589805396109715521531704746403339
96223451188610173970634592092136973482810530455727933755508951563666337136093
110570763725107871684264048329963908755555814224816989602892674275408336309377
63035701165857561377459098237512508939590116946807888268947286607119500165729
84714778540507608692970386718106456728060710731007753282842726516294863826538
43600257870725769448217260034795193449500759773667246093048349563164136664330
22390650126120800916839099239587629683525592811721037798091988337031609460866
111794492135551798291005039130245068947329997119816159807929484574723572503070
106309340397121040287821268052958365833816266324504702494078668849782203405809
10057218443855333464647779845903952005883902839320214710970251496212850555799
106775187701773880751998181535310161520757692460591291463071541914453333243270
6968491680141027742310479323890842522674506980526577896431778761189179210750
82526485591731884673797525264829846877378095704610991669835636849484060922092
111086052972661948521226058523263046312411572880469924668617422580458804112015
101082584220059257753744831245532761439162301815727587037652543047923351080497
34740676225498332410808393156339167185042182154011798886025685799797692259492
103563317094256450242969512875361561214897815084541020318146869817854463278825
19488568324136053241319468835821966137879131210783594553224622679576944260171
54982766871340820823205540992135513222263249085443958105931526350028803251414
39260892475741523328320857516674969968248944278185038254063361470733227493638
2016566296523240080582612209758360303367000575101419359700280635480410214288
8989096392102131987670161114288612599449921831610055061079884616859403947947
75343066771286553050418908835328273030245973768280371446970324703858140245751
112461419077789988047542876154906753708102241727904463640261675178125878840683
99480484996619284333880920279337658409982582375885230416546053940570682573044
102765708163821312777685390401224647887501192834867521608689092863602998997071
76787898031300389652615964952139971907270912442172386589286554903941084072895
72467913318364100422517592365676735969146621560415455745407587303994114136721
39552143738525806440413607693809902832462653961432800533388877631087548904152
17183305669187588232405543972746465675937108896143279650750976902356116880395
72340008324425704661284214219530065880045907315042606992359261730043491350118
98397930723753875448853273384913225658883912015343650809965672955032268293597
83758309811450718377549394328630327995261196883670835465568320111128547666213
11933711746626331223349323998354468294710152331950153683701317417880379398442
93619273119973354186899146803142509143169549438180079686719312852322641769086
56513433570493670491340087628076105496524721793288125896094253837482864125630
55811117324692066418762958892962083683837069294870023960781250364489888281445
51545271703023794026299106581866249504792698386151248388988443851537058234743
35957077913091513175594444426206462545193434370672363561059246203006118796903
20425570678902063028234045043615298402877782320048749065538479088703613267555
101680894700096298696273379319600123234729906054732731168518520690130456540247
75262888469991186308817093004753191231417584421816299551023413545155297631477
59858770040342306378967593028165296760961709942601184297528854947369345410145
13067078099996564188261656282795818934319041217948831895882569859861248866141
37064056431507685622326753894345866007951874751075445602803307235060351168924
66454274226058039787382042158880496669405245288199777317151138527139461375822
89598849019800623091602378593365954594234234011491898407209636534042121156326
65430961207574958956775132143765337839540265616818445296043718009347477518712
96880524806909966238069759514948485011722162205511214550137974386035255980354
34448227708685650899833644064387465923935614035079635351924933765612193765175
64227080779433443606673093865689988148725338361004888505715165609422449631506
35155572044513257863053573020375918684241398305768094523034727228169800164126
60393488207126412489317805988964250306751329279150886726700651272395036770077
71120420979360939087942999030686770804020872032870578646520726871173948534999
34464278612269047915368381187567692271110330957882385925362852892508425510276
14621552962957027050064046155373605280757212485716999720595162032750605102570
18766204211729127897815842860887026223361641638549379573011588818640957976085
65653133452413930742387914522834160717560690666848478657700922564578066209844
66855465084098178292632971759420021094647682229642004111905676752790178143913
52664933944766483266015193179680279571563345592947896965471468183866131548682
57392998962490350321073082428395246321116293309186776617439787639342871988666
24834793829023116351544323237634307820056335548989395283852379758806599490038
92660286355124050043103145813193477626209470282107181710668659159732199948573
39824538966625525883249808681471198061287271541970167031468259722081662919889
103601062731715351975156160804116013995061664782092656348938185138474277714998
66256406661270175786311199304810991922159417430101547485511897697967937706185
53577364269110198053724971141434205565244133879046638573813089274984212960903
81886357967762754829999996819717425955945014971454378223928188139871758896679
84736679446026081684218772142842579024487299925149650812950345726174016954874
72639977610677046131212632952181871347639026658047093151935903375611799417835
523889854856685963727322540086674503993594014512843290533866090515880991021
5274075462596784831976907571001176671437794681686016908768984785473896876702
83603209026744726166089290711540706659641026584427721028316832610233552553605
64721877965726567275895108707758690743596628161538889222695220028840088504006
23228139941596808513338393015366604867058972575612630932589094324725353974024
35265476278118247627520200263288183658367136470492993291910409745405695974098
14298229095005990151814913622210738480252300519218317803434811675819363475306
82876343467141641614794606950009161148646608616204328474232706800015531213386
105653383084806614657641976554537838204260653058356970272721659105646980956203
8402113612060404079810876249101081280528889416157880320651545939591345432679
3781631591154741894816650654365166846461676073977981609428972050604973263789
24390824953798363919465166929296484471405808080973524188277666873542475039141
33135392550311516502177272123511262765778821802844425759100701824873552020275
19387236702670198119658561851238673526585921998722354733072902278288413007691
20110444647567966785921442563861604205889405337730912213506326647789260489318
65978954320617983906337629527722042059373125226461803513673302490312046937769
98896869528030568344660989212513234043686578729898111175520442387795257028700
2442514855235046290814594445023590334646991023041880848168078945731897748737
56722219912247316561806539408341103804323179333379941040457269679250265930912
53910190976331911776445537292426698119572812055813012456559119195785833845800
84083140314544539409463665205539063344653883259343567438632216810624633718000
50101594523259379770060755726202978811731197208900526177021771264183972437104
98265021703845203376612278972331040686752062546955341438716214766757772748449
73155226404551534074178134527601871035468861097244846322104136522499494810088
69566624841348447319032429027332310196904293579324859382583658386686254056798
53961177949831601841846526917694229232048287896323164559558304312700503369829
54351695533495243086988180433359715074846893820894926817096164436798410712864
72903571232662039527074700222765970423917788265826485932769644229026971000506
87980378205087723141924299401238822809473960858829583091797204659156125937060
38656407331353852070516139960254331971060547705879993717840592526734901985903
105578062974888810828094013719325502612147760245052266237970811193091457185575
57705799096944643903418877902363326943417067198857445411065451704357987056329
89864319679411031321868757245032881496678967890703025939713616613784513990338
30238625700620037547152839850015173421306494945259761279393408828476493262602
43795719465331630829169837647029428584909967398216616510779605249086565666270
90265770293254327165976091735790018243791271414131952558404934726591290371924
106407736468344467104500416526517886560897630638204024643743504830865202042760
13060915717993303938841849824565681943714740898020451236205059191199525948044
56019553677652414865197229371625625094612519528931040557972675262335055246206
78602179382959137999844230273227157067514638069058218192135702971697543713028
10381755026447214530697727102126783439177981383139750938814175974690168674148
10617854513655142752182734120653511573593509809911604003989813216803138083433
21716092414516412471011281930761323145670439773989639817337193234705899452705
91863383093999279941621704539964111866736749749186925578474720770855441930955
46993744396332920729723360237604771076479245008670642849342169187738750216577
103234114365198570889739640595018832338156154134370144146724768537722561875868
42170795905660145362337506824358335173808676535739548599972318561552314815891
112598895163652948752493690083295199933384024518218434301810280260728346167482
66745081825690353704663450006780963005442633864472831136226776643938817466267
83243663249620661533231307031359537714168012113184046379653317265756854265697
32644552557461046048277561764438721586503530148333614008946840246639313676814
64218212089946209856900379977034357417497447340977778565841987501173226045499
90140935691102071712181859903695020683869160395640377618813332236136599830894
