8347991818515945662949817159468667978193540718904724971975354856549366826084
68738212024322619822184701796122522346793365008100665176910736490313702365832
22950171607028124101910337331228917304435495551241859987800165609877846035689
84593890881058130356405760759565689867985324456689060531499679392010100971690
94058992006765086341487369952682915417321578305857900372626190207430894491699
11918449401578167687586882979566788527313468551872823949515512931377081920166
64860394699662912087080358180502018727375184424299998637660375852060049631923
105192981846299278768049800443492842920878964382450070225320169063918855350145
25764868062948588932937933373088307301667447639282369978980991621961138989925
99457102500599263470012730321758106335829606720062205057940664379282357940521
49553897292672239686686817252310202023988565417055455045305308698093224010151
97198028486077826824043531737388289580762966842963696102856190295383093963994
11575550004105470357140645650317948053410322910484183849052642029532140331149
65463238144159294759427356454045288935765774516414481610549478923512406118151
89505730270161612922398733022290687722461792883146942596233939990057605283820
43985337510792123115788261032882188258824480049786620920237138491053574687128
74823341792752558265337248575342945271532564067398738512046664467566490293659
41507911725996805345725633689515255945808332376532174960763631063639795309059
31233196135644090859666146114387777165617383376721332981669109081041357998825
70438626218906850069488385363262618998659273279428976476740095734849613788079
61319084597852769813355441731364931109847390499930980472965410063482124260046
53859752067694891882539417616568691771613875996209438702823749346822225100400
20714446552908092890327187263208557710873749934613785940838983447578939064263
41023478908424411041714932145265937060389694605053209934890904456205770935293
82970001881325949524931685590574635729562895829376358700075906169614931145737
17370691011858177486715495140392204067669573839209904890419624968817345594229
6986045281141542428390215692595320131246044420030890199493868345922319495107
73759430276265239749551884665459627786351466618518055259295436010175527384926
11545669229870590908593133037974534260344557789585826479575290700546440246918
29457309716018669798626871412395743948357128125940794469775644432446599087951
77358508013672689036817096782849789328247442355932498795630520796956721256288
17996969384107418532832260653239572751567415654658329404446006174648210798507
41389133167591684367771508651185188563781673253536158246581401329553506147103
67439262860939000809108855650307769078621470031988896582644885583066477357036
6657693948226841186632629479898310720472823633199068894200293239430716744395
64685860320264702522847326511415021738199810088020538613751842190595191517809
104313428264483261496874415820008673991542014755531218619934568186309087346559
71216529318083514055853319750006969525204735696953618313533189276875617405000
94317907726909539854092616369250344969095800751411604558505424252465439961771
903399108387222348135469713066798279560238426568571129463362076656794779227
96474663118030066774382443682245734248529356239291818440146302908880078141997
96611876498979879164690862720360172446465263450866172031465607687710083456973
31517474875897762583879057833905352625803996022511512857396990123454992580410
3115501036269682993488574606296808558685494988986431328488322056136220654172
54410585020057451525620071149342653265998135767142525979583830959945487448862
108291101048127202613973071479494100111450691322376427830284255132028906451633
12028338118038435577613609432233552176328974308346507857124509306081133595857
68247502409698829810364971891640427271787820126526004312845055355798135620372
11597994383097674163109247815787221494667450862178631681001227863075539878533
21032941447691687073191613008669416167400217292062057809287314298907784445985
114031907978217334761504120340626021307789329954103017395585710505006752204977
46875491304496187670810577965755625092152039396639004670635464676515988118224
62931421046785351014212193256000477721417507352002750772565648175387922570231
28862760058044170550406330958472136738785048978320895400250061401269235140763
96579668122368618825165968469337002094012138429566618421768301061201764073907
111111318671574061015437365389867162970577615474441892019640135468470351289716
6640297544056162860295141661217561551546412279844851265753194091036658334008
58131458894500713083878774325068909276489126043691749901612801385547004898469
52916196805631677840271262043408056695674866092055695804907144193869646681177
67614306458507336040073312670363400702278147403607195176496458309966824176016
71746459712730890465606806137239719588376108053696457336395040032340069940580
104714105542086807440380239941276697269497520202970095306750885668444705168775
20328820645565330901783269049301524591586609165537915638836377718494980198285
24524615369796253112480061636215063215069858048136098155523913562258738660579
101784864251459282563744557078041297351365781848553891411934560388448620555402
12253337868325232131233422345395817390225596725192946946204620873418896179340
30952178196297992854408839158686744004578859107238459140036208751589129322057
4192077039475123656931942757645849864497920460164942146104951972655527953614
21416676766608181370995707427925594824444455598122719614692694429287252594767
23147598503054500921071350887691800916984047878191218737852905270044872062494
44374178425243034550869557068213950492165771878894208338811596350105251298557
45105730652578228323243722020342527038388734183626906891692740638581311190489
96675033736758801274150016965008350552144601886324059350036013487707382252612
692999160167753388726264728596738004354229991239123097994973040579014505630
54007002471478554500843894150077258240856778285276416875256855227321484592265
112597395214481039235074312597638716293448030659484086378239099387240917351311
53451204312691762059918773414430135943508234746774307828871432286761184570516
84163734762978646591337348728626041343888591173867345598673622145431458296869
20498484155934754042936134999006942686121880866320144997075506534325453931466
26352369328191068424586014440386871972124881554019456806856577127318888000923
56438283763318815229538190512646406012956633797280594641000216083854190490006
112964485049645561055475879990971814976193352615607432701402599197068255117957
69993156501676432439219735455657918036207716099824872222958632538535749090764
73231532696385419639970929258879233550646098622246297169225251664278193608555
65758964082724754090999407818112602276755589149111351596225403349573191445846
92004641355071958746739536914136538320944252414750706750464015917814498943684
38958272147662481563526907990922065506847819471109468046703543790914052540937
32420391072746453063697289397321094995976312571582948130468477911118252536254
43911291945184329660989943073546317326815750004988987012639701746194486284942
41888013665026633521240639857563728112649317715604229709341734401788952019444
48597494742519923055530732095391657653108031992184350232640957079570135575242
67963752160696120643029990275266731098479972698104532581945891708489389044383
30970008770820814640874533583651644933155158269277729752906421723758990768788
109367728470798812312934205875783652661667500050145899693566340006411872995193
22506193576249154085461039472442643480419340803800279186246759861574714831151
65090489889815289077033769781367227579902574947618133178943112623906873862413
6119638603313674902995988106254234353357732414750041317302262105189784624411
69040865450634875025632307182883352740406800864626240762261668906721959468398
35485413828332509827986158616569734027949403145295018253457187073981838235636
20559469261526374967599719323077083532406519682051312707739088047328322568778
933386261346296122888611842564498347196180417795468997985651251128860610695
6822076129201815318719085760481728349532224622394738103315682394136328781585
33992178759928051781639424033327662752937514627339865912435167543289063430913
75428535857846875495639204521943475281441597466574059623152192736146834547999
82386522272210487875480319950155815508187766158747868178243495012147092950565
79700138915946441819496688394865379173293904723226178842123497165161477727505
71141013190070567321076714684760925469221239936224600039659456568372135698364
60896426140493798024191074049483756403339050969933518126572304670888477708352
58959625066894106532864138127273088133244414687115155897711084455497022398129
54307778723722646983911792202885519305218815328141775514195827659676080331327
68710661129252418769313706764394891640751480360779138986603211855560064296147
112016680675239212906385908620429172024095070367497996065706199308177915000350
8597196864859559506423266163485074867116878682176532393954960221325054666408
47741399212050169117888327467488632026278876600464322296950366609946703365341
55162754663943533796542735163994025775253596217041574352257273814157111130404
100863765290720303920114990048782345576704561363138786942017402899325801255343
68223091870814440385385465601711500413205456708356005070594467544250114069850
36830445736535361970445120610172795008751875522739647709392370482077348249716
57610353122542256627150213408076414564760384478806708609466881553268064193593
1058153116047896666992259926397333259466780429137724950503761847057429977794
115435600370286750739255652877280223728784497198230663099278058397736985893791
68352726117150323660700110247907356646713210245237148704096160288962447683802
94779346530914373898727544678655541193050781663589246143582442994995012517347
86406737885751877546929142154932086142509454244880871802005708784548834274554
88939710667572530574997364921787434425022463654651666189226641328234401621528
19470615423089031610039863633783662027051782038725513984569175010196503272917
54291134079254619461405437520121208098319264945712035392944500589447383328381
46911713649573981622440921587720822255757864198874874932396399574348288540056
33283850872983065215566020824714838381109708239663201013345662704931089884910
41686437198670010030223114220011799603900875535289573597351515891904657132635
92287065433684564264997975493977138229725529142520215869312832643195657254918
95368889602356411023963102442224687455333046805590953586548374989700542361179
94218917935711955488322200917154197522528321500805008859713747173576136592253
100220587020632258019247704170414492631870026905493325973847592434368502340240
63660182402782831852990093182266108615522264570825869794646342357592172197814
57999569006596862074073491968563883641088243128406358457508024750707648862793
57315560676053795508995222791201305741595347123740596538730883514090338715329
41870366112192941010731298556799821203487160790534609823253617824151544066226
12574325079359864359134147778299099563277231443005506705922675608510223606695
55072178413478908365179197682169440024111600699792061056837418289001071243614
17397228859336098724278423391319703685361813228520975341723968699293146274614
67707603495610100878822821169556675664758464655105009898829187722794281623533
7711057166354907457129845848834772234658925517846075423793482228118728369286
46910316677409041476379028502714887046250791343518177716367012228734654259604
82373528892295101613047688688335026243191645747436789827436028679756892065401
66406793138102387468074343864658904058888068493965645651781293287568150007919
106276522460068370509520678860712831134649916721225587831969388747828742647523
97880712239441032604092565304092500976507491160400087164814553224500133742446
84804235203617320883633309225179864406741301108730526493814009507902589792469
77086071103352710907673939648984240843698348460661106378447369273357495036900
44933727321580031620259809020440563303549608391750462896815694373233074260610
76734848692256379615532613419819263088745071006293794228844133289410052311036
11914012841097135943501811497502820481303569099478402769440390385601905382431
76335830757538485615397473460395671286790006577748285822712524209324822663471
44929172355741593947573496282247008528806087379462318042549263183144604421842
101717916330446110103011033878145651148062078223961239891721712897679181351897
94387914782434723942918243856160048196485850499944209502940236676563183277290
69631308453572429046882916295605355547410776050630223259857500813734239017499
111004654213989439342530307897051570828391663569146946582349571581046101614545
114120234938140349498821913482331955219290040470515465464761260199140603734565
102603655257700630141455530528942064112050477659759839455726104664357083850074
113879364857503550047826917485324029178043043920553552106485651857083769979678
13897985647930392197811019728694650927258506875586712723166759919355160890230
11421263247363075763280489601763629835165693603864794588511743033635631478611
99276476758559245107554134939684222125594828498789619935111528239277461235549
86734319962040858097037462099513129736193734043291226456982305456721821514062
93973555657383150444660469369394175995019255687410027734422974027849417559218
31099724977979491932223510479594421851497607119183841624281081874712773062971
97080657139595797561919673606713943204952477950563219984802217819311594348456
101581936850391112584945207427509907317841244070912895626478072666564587561224
105918711166434031417083295643269633909151359353063566653382499993778936859112
6205244406354505044064943804704018939234860029737654614123962811042240979821
88980121930962288511548929846416066394998600362731790894186848491172928168551
88376059907631514512933034056074400555882350037420825313373343067785313996384
101827888826108396203097251199801177328555993317223986514587669020045778485536
75664824776542761910546688683290274879970347772612516564386734380945391149076
43088651194812068263020946583990700272830891350222663523671909915229510586781
64211311404416073547860197882828806182844421155495267010812017811483354610975
25899460817063958727284467430175846866172902055103838717302782326797544333648
91639179153592181330976882080817513593557367203957427564999338919695198037332
112585384374735799064616333309600788754999215583337496854988638084298226384394
115127086705014073574328741002005548916222616369540262208790247863456403779012
59593950301326363971059248067748707593337040339830038041338999571831305566970
68074899407935207254291513331615074801489720988679914505205295736317980806365
85799837494147580090180455356567079242559754061488143411577469492650278947209
33009081642614399510149752799247054467366854250292598659523548144665724753325
398339071662190649802415456884402883840946261417451298759012781643074225152
69505081328591076736607366213461643357266557810652364785693135881455389838867
7520497710142394358127101872706108919778813052190712361808591593168767598622
4146369996365855314013922101425263890421174229228157657014195760984757803695
15269602609712774092863090701021138784653193146338539612308119555172827682351
38829679333356519444220238449624497126781845123456306788657305406226508061031
21715636259523149279820535983207296222914295727543169402848333745097423876446
78959568392300253122740756901207000755719302168553781723297601035393661060421
110072370114561891657013775033209561827783351731869603618739483147683412346839
70181915338663968999835220791305783127165064693416817077786521249700583214220
40941482096989520825025468979771223932475783003655915783754808705521779819596
64916426075014399547469779912713103803516531598786552768622890456591047930101
47284737706522346071032743142640400996569380104944194653472851787686142729881
5048575137745230462342522679889338697426090936203329766511107429572087449320
87057427499161701194268585222973404042624057648135503646359446254493713630253
96737238620695417125050862875416866912533349359943553435530702002806192222954
62227756527323592397164467589433965892771134510123972483060565561526944413127
25984708151584853906130594896442878390775690342874112867029931885706148028819
85391902453650472800964845498188108883787739099669374992706115835568670496071
96537247196308003792119823586482991955631438621235214351073288362987519407357
14785984635353879725855617234266262810264483796457654538803415426197153794454
27449128179285273911747482721768599904822749540520941078002855204057689988064
97779051813672624284697447431911910516500149978315529687503180839036451917644
111147265175317927721482747158495932965363327425376429906048858007057027663589
76573496682005119404406730799723259197217001042004115757761527841713983693081
76251388636816874766313330029730247877050739945811327974489803650986625595019
64820327218939484094355638115190085416740896028696890173566433547156153366317
20210738190024841317437570642838431370230025693762949271947715795340045410325
3447564101944008677700301657049630428040113946194980291767681895567019113629
73804067949714390478416756717554492114378103841454263486377443566334159321124
5410788682593157524465659486558804694446693813628320463278435789792900969694
94787195087025971474535163146693920565840084657698053224583891138197906971204
46039233016974090196344465375704225050312089513912302786049523807218827773726
82024068224183308336585795059370094471745763702579377959888428307292252738402
80357480327099447166775417363209954220048898523827567089605421509190813102008
59432169717812854112892136237310488584261018469891492804844119935116644649568
11545940397904392242046562014315707059052167628850041021762210690407945844902
32936862633838301617289725936305459147669624827078324438795069804673216364182
18694372628750789636007784820544260840300171206604120897816643111347976198715
26368760021185802873905555800746595739599360371991548234218347287244029877329
6120422009221282390857927879206703142137821194012095967590238624270339109768
77189231750245360291358409855547463535211551392449673567253743808834371647743
77618618337308781370754812516519464708343505816443478271203541747848517157225
64750181060362954760232273687022973737527887614166819566318278865781717877018
1194456568149810780532338164674913850322995409482692648737525434042500248040
33385765329262415193481178021341820288175553195371883920987010273651759324938
109518222563954322237759242375342929887129144000952358440203519845808764360388
92322534025759207406854024506173582950912994072938701376807593143664673465933
85459281005913159694566678760449461353780506689039940596581826805874991236642
13039533445765760902444122264321551877205059616771873653690614580956394706093
36432871522138107353742984642577765369128455820621564031856537217312188005639
50684770765140211330337428619581352010687975980320439629868847589635552173966
78841889243640470745827921699376463772427715861243434013314406456180498711163
99491910404090245253813686902019658080726970732502930454097560834950820312286
8430548093905700209084178116311190152909980700228686266694191900002691373439
62865717189022505109725106052228600390772307628115475248917266131066371886429
37605540042534458144007937285283644682831792297959911677755713255117283766127
22580388804687150957895960190145272883886916489932479116299405406121091996246
95503858818397611766557094148540118553585863395961344964635774786510965080578
54226431560395207351547201587473891029665507101587513658848728181438659295547
56987851201229035029730942375307272758870857256397541849107978380477466854823
93577329181028700633162528090007529447228876588681822959291199586231944572848
26667149881659217318349200461311499720498332557960475657586208400557288501206
52583308337391264311958499167930354406665596663945700376100555689505690973685
71053984482670576424201687979883568224239328429253731014157463955526679726781
96301296626613192613898161220120130219899156556482646965991926816805554699652
41209836826189339437376156207668673872274280253458935740081844488144710564637
71846183940903860486340563882740504812544321863334081495643147607698953219557
112844061324835586143102404079807212827657124871104978660572296582248322372425
100948958997987281488854049083067134076698820440603595986251204634975472321753
113176493632226711201272865132219111182738223918735014630564864381714765206165
73435087965019424216097234301162268985397484592227343044137400157242195191646
57820681158448937176138836456185408606535011310843626015107513722030033461482
68812176440648643766491894809188339058371469598036893080792598060525417764026
103158919554927172863018634222958895759929926127119658803271212673291284905245
62965975731364430290626266029103272757731241101639634854984006597363243442178
924578841481797120894103696318009423438987151710344688736164502253091504909
79700347746440278597025182039919155071296142287886194975970564234400690284243
51804971675742822227250165974824881853694006801000495392463012840717877218743
16326721866476688697809446011655654927400363208353996766965090564039831274862
101481603610183617046490095745626680570835553421678469105784097742483619482233
10326226046847136440691986554463665454220935140317842493455312422027203168554
4483809176590390149398936038871138321891940042273248818732162955081875504565
106516269438738180978945054789430857600357147486416140984677319641676636445083
73911440658649830613344793693826054256505723307268219883014571848857388517635
13222504119600708013861427274799519181958620993916126239570129075964240249762
40473252588689753750307088255126357278021753624492216851311423056602619399611
54809059589879735417972895898793152964215951960798658004463966121882508970092
112061176839563300523153760983212129220721890217250536429323058888712460940308
73052745877700864823191794466065536205085192192425140243814732043688187181875
80384563114899901405523578429754316801307865337821457238814156843946680237574
26245721256196705081787143320069331853091385379230303932706558093984035739147
77413572965313902123652077705764003675637303731502152345408909596761158155128
104303628703663560296609514919020119609532439174380008500639140253353666413892
10531444942622363236364884251606221999952346841911955159917035823753707419436
71492514759109604436921123105112161634420851080130021103896986557018710686320
20873763901585121740986911939099132977243324630818357680895722420329957462235
47878883952621382003974536434758466897217087105599565773410642550990478693951
41350292848334658270373662441874880760271160214843040009235940891229630026631
67019440998716135411136790701429810656049990331450107358948548584645292616454
94523631752094076788287977498660358214792795616278940311099808806799955850000
65850289125887353703081759695123217366263642956299434949642980698799018961212
35548922467714513884041983572123574269555584314050427066479134709710134115474
14353265732204468021642474653656111606373761260073429351927313226783020155992
85624346576237569976568300329555538629789211937621989861775450566550379236704
88069975395969639888822193221765850626402379210258629653307998885097180979177
44114438361862848973787252686534509309832594443493735867196633746397814074081
76194927436882045521283774351705370360600831617218425088511089014247995030087
63921614999204382487340546728122719036422213066498778936529408136151977865794
4097930178952860094248531013282782215397487095945586858437933507919032890497
9666182345079881624792391099898808675729235762887658115393826254546349358808
83595572470548750017594597575546977716276349923195713914751594261793884564791
91008615290493526712813468071047378089929254599571308260352926990174968677494
76831288003180994167108917225583487253173285139377776113404710513202150537661
10616599563944259927116512818903466304091840770127869399780418316299842210103
9491797412030127931545981101912653640686552356151847521397465721926006258039
55903041037709499011778525213872053037250285135224659903551775911255978013604
104349830582235309692949160427480849900918176200634482158465813055458004871852
1319059652692556558170641926831637473729253582489058274371736028749183094641
20458875947987008111081924800118443740850769727117570199974825341629242939194
104220664806865567512209818568512629359131696795040874365927362263245092315223
110481077910043994777775823715808547283617462094761708436828033868106975193497
41923697896334127722558187719045867539780090535424877865175750609585284068306
12240401769626451751942036812458222596978806789052727500470844108797123616590
2978199313233008719150761895490282413624772489358938410711322243736019126126
32712850729450624481483485388232317593436339422551738132504869989509148336331
83270557565429850477765539368262862453639780319687205217397941528693750691733
111227235130911635759188497463655645355482977321327054574184473366933831526281
5174671393259262693373466975383725313580378585001285513025093223031399715376
45118743480049178924304140281197916021230391862433206686853513662973500344396
6499428974262571131719001359342161968285158665589857170937448014319479809230
97839230800354136538100823083245765939758680734925099059279619915852827894612
54654470999248638651979164118882752241688861006411921569299266011742505732379
25286015278716744747684038818129971970955261977217230055340444723655714681513
34451128883082427577429576674437876849244124612109319149015209351594388609487
6607690620101262997369555046189566645968512760512000069499163163266237335390
38997315304896387481305238655096467174722371553030469033950882352195864576316
56352694011120205024714055421222775251236639092583570177221453989710017771221
30599255102110037551685718921213363051338575609870062960601133941219557682350
50298519893352895317265795996336400654726918560335859306577885496062581781468
49968782651047545365233843697774196644912874935512752882022631606399766154270
34833353173867345318697547340975452763030231616771933995411026297928022745503
76723421749527442848777519284301522429479194399974593039046976054506382799970
15138007079204313128805345525933010304763119671431628250416527688625806174841
71203413246842965331216954828450155699921794569592395387504974573992961616982
25764456581928092148807148464074408988330987755818432352829376363908816659496
26654022456551027776410234651493468672340710447578778299082211407925080859366
75467445572627119467749053224031077460347126449006724680621795051389964555959
30051092525495347495855833578738290312449454469352025686134135910236587120750
79960051849572419989078238242464388650153097786809927307881416665943189455791
84786652200364322224373698709001192384778362663917056636318189303559545998240
11161163421820505766231811020918984338755727307369434926882751295143226254475
52629610694443699771701544670188218538760679162284135153707901156024758103902
77080100848993827995080043806097295407706569952682500270293549540042900542425
82135919487220965544555711273898633396668922818971507318620988290832501630370
71257383512581587973804078964918104584921421820199614392821980838235891301087
113304750300492463467951627841842078689240229198935691749868196477249722756424
107090239261476743445460280233074104518666348561697505682473608586204164083384
35272573012196786210268399148134768015842099358492634505473535802919782361085
104713956489873914374710865098323229651626582635452407106261398537726211149333
72935904330669774374133863634703795992854114052645408646742797447478135294064
113166787605095373157825735704617040246047898100384532266903445171423521629053
4609196532860784199757331197599821817974770534977147409722886149096072088095
104110351275929007642797724055267187761293765069042698719202299257774783197769
29212596744605339673847312645809879175995187939143158332868142196832805728402
34462434768759607856096329951484636264416788857628264102923687705439292366497
104571773460634064971568358526639586200823454806739842796025775724027539505542
71438328663163666475718709473404781519945337282003049352373560873775099567679
109473967466258651058811167125662283728986557995362423967841336737509341372490
2082564987484317315555291540767678242687053216598770984554580625303038132459
57175649431671143139103326631524358786229879402380721281709899400757625100428
77294264710037546682521273735964510582719652667609531538941889766125154667260
75362705345241282337031593479061693417432320950646572191188813028805613004853
100437171566425579839355004558656254668821254798807607015518924330174226704769
2706154378667960285609257398649297555471059844093975813428574126683793190652
52133204746679350871899800639075737128537507953402975464622660194905412528678
55708095654404317633316848337770899051720647344158416322877765683123404255359
107701900537488530409972398528258105594857762073227121996418786835115104064278
111310428791622620149564242050264514771692041161674642384995712875321748511863
4336827162095797647997441932171032398876001280895189062945201918209347609643
87893346609884262866332900415156571421635317432703350034963391846734196105456
93008493743749910354232896040156620860407781897609734302077528089745820432066
9550147113310085161185145712659181967808940047144608318415897251793796626691
60254741616596604060985563590954030375429923942858844619527421350232666026810
22345028791138557975684679846681793816877806934171988859815280192869376743146
60438927742859185480933996601115900163570369698267307580191514390093726782351
74276264839158618933664400467473565185775263688217817157237554236519655301634
72278773949058316570122276897394569389081908927029540240112716263553629393814
5717462707522251677343763557917222700725081394128116592105176149631276875361
5821799099258069156125208520996309386953473880939322457471483319077997154973
99148075964540643939028000861164633275649597089733539015031974912389376513058
65560498013832016571421468158860024478337441719465153329745008878231727443684
79453900590284671744286101553319070804367875087839463462130114441527157685218
42057956635407347446559684142636253982777066129962013463863718696507119576047
76050206173071985479217046831063742335048882726910295515722025191457417934333
84046146041784316131379022896465986821583180024649634414886765944968108243961
94041299819117467774936762287306566879147567192721889036829262462789543741655
28302112450129379756503700929194879502258413247445825598372672985634063994429
69950376337115049884276122389181980181890831727591007201426295579253717144060
96231221662286112097294803379970187095068024567330067136324953648525650513442
83207206711201043060552599866816665821676753579735042501575117572356416852300
104518671304436163188163089816377612948586121772995554869653516623823778781941
9735985176694265729922750457640389557873391844776830492811094666910397498307
108772604376117959221427235310067459168629115184906146622954947862680981271709
48699280346191791466115932951881628391103401676023958329093406932832607124891
83537372211293821051675069660430375582826695469937776446156355697684754143923
108663972627477648290320002353719209794710427133026125751177618732274138310032
46217511363840656924095950910044487874820729523450594094206851165535695307114
47408754945284156370680768933590100860541855209360336071460244504109334101680
12554956468656404377116473382276391593600126570703466476073424103069233896993
55663679331679622762440664603844547689607041860200051018765876171069160984159
40912083287105414839059758994514913113871033332958885458965877585922930326447
19990376401937848887923975315014390369905215390180181486807011965992146506518
95899486210427553893175568486856704791485128018530413502744795655170081363912
111740871675655127498928802915635346863632104743660968023188510564249544673961
6845119446940496188651129315198492260016626630384109123449052813919741440570
104350026653834012312901671723251707417840976952859320556920337558807432814415
93779734389493438510614593770383939180810701647662967320876210839052310403801
73001703014591467360317382138415905624220782615699859495715271798754585922153
95227224944718693121102088521728344228214538457156713869606175545689658864127
40248925356142515497398751708924359797252270718544571083728991549463067729336
109405904991347170046616477724403704543327776811703154980140819332993969319009
77460168600532417665376609714763587859843520830117013118956184386852888517924
107974523179177199841135950352256947169957654762385096539963609142278070586419
49092283983734550187930154833160676593328571994980180551567426270709654247883
48048493089430194055688390925166038797546827898577043340660515722868132825103
90954149047339451942584206425098040851143189289273108250976195686488832431667
104387872141991262493280561069801233021552211255200818682464006635998508794837
66420401186964744271562655976404247028838654910416355726178279798698593629588
68856794455481634446260962462635763549209634315113594944794556093842646998389
22322748380577792571537794000686082146089693999008907293237740955701681356444
37191288330930959776539556879183709039927870598233233119441446048613705709060
107977491751634121848286633143905950868068797405075618332590898802802873467798
89462542248361049036590674675188663327676730542986146725510100802606864955548
98927292651609438639236327513889554732720112525765128875188056366849130312853
45800791656025812860106068785737730833627014946775421640993655470690651058412
59270013210700608846882056150160734484360103977597595769465874831872240094454
115267682375366654926042650047579772722549138165617030301845954623933944658402
98886207997383010393278970001340007080334883013063043943621279993825266156408
37210998187650960817680914812138390548564747061391189834594616269160731190717
19307325444607513131753795024848919873327780355985658127333146826428083078456
3437228344828850336051368280152593621746123787954470990252944949423362476668
30860636592585614144277893782072755340679893313717203209418627787299626689379
68668668574037205662135145327811297086672845931236915721620806287334036930817
43401683427888963686366732691384581590684322819573605749333145654278844043231
73890798805229308445422013366105589380393684043250138349283020075836932101163
61033471322870790829126462435999768784704596933720507258886389446240829253904
2527676822011374526278155846274393828797578361712084223578229750144216704358
24914139624972605612426991854731239410126558923254499746946762162396043016851
49986081210359550977174688423544189345577739661369473623347606048670339154931
41277025967896820686507469438737065299744238345203701100466795502001234725534
106476455715927951641783173374657238006274174245728377421477388772284710890911
67839741453298671241386925913553638415769670245289626856859153633594800648636
31087466568818329491982246820307525683271836567034787635272497474455540985931
64396476502500252972836692570060268789455980313479266848174046628343107291612
53342226560485062270550972652043711949088398414861652935931770073090086209457
75190313321159281049921193188297644393440262323038505676037162475875111322953
27744853860814421687640298223371736568344054925003669374894909124877063567536
60949652049934872629686853259697985848513330291532896499450585824007994471555
30471030052922348258163071878394248598576668409285512771219061041759976507798
103178127377090960949912222943971261963504486428835229628584648247724652382027
66580707446427335582120209408973739702244087356212278683718026823250236703738
79148648050674369093865957268928659605699184246498680444383723053255091010907
16605008001314898417032416231593806208440258639059030104727931307428081155409
5153156376392173509585259998671238777276572594093029674912379197508861611077
60687730969149962380275693065843403789138759472024341672042588904948283989870
39204109024538779769520878293140492089287558742448303667897443890090031246970
97160697097192309434458280213443760407269124914596456086450437562618459810007
99878329309053776420069040870951087992366340589847822256062905065617677153063
59014920973030005059492531515645223709385313250100358237025260465868264075234
80072867277014254145051345302059405687742983757719900709226625852191071989317
90860800209119970400317304979383693980527800641048391670135217334888413434832
90058256169253123324373705598050485236083305015761679482706304061927835368152
28505726150786755631348176365225813134411533870475037119548480495277661829636
64782295849182670995334766426432586816827269838313326524875590098846533102704
69651183275966758743598052022195376822132096935813499003754580822714908761222
55550697649668396444545701990613284784690080339735642342200070324025111395553
4044274713324452538827802715778199214191956865543406016538674185039699380641
70913293058793544278799276150548535455379294980427056987235802948035663960228
60551973738034837835560460386603018728521160739009805326223204391670817816207
74715215113275520117369048643100418834854575118079745448651622226174101242906
85638870382514441449424413507798145345846078714615974901948658168784724415841
42649808048139637558188599868951080071677373531363783056847171410652852148428
110660308754597792055206141280438577975749348497954535581771221488738050047146
44848333796461804958437323844837981459841929804142489395933234605094711859714
10891610209132794591611040153278701679841492057456061921599382354934378239739
51752615206021590868785997355081018934428487866726561536111833682119007879183
108459647225183073436106127556487125500343037275331654869431011275540603550186
84418907700917584344264914819749051032959171896501626641742045315989269077679
28868567342244178581874908667816446968986029503930707804518935704179545633701
71263982129043558900558345305705955036772933051561800166346721530392473028999
48360393275389820384311628662567555174126040975393888340013080443791252065733
55318349019586715736645105401302532340086695804097921378820513511816284208725
13264681707572240575150795834819671210848058100540723176582875789109107637400
52236424082849588293071567872394064882314364203307552462557710353060979453874
78815153908230462397960656096977399447920888802090828729855657330734583665814
107189622620111241234609626874039562923499014310212016179140808691925936679030
95577605227912310929591601592911754083489360738544223508018268620235586323308
21606610517666789701505649723855729437680906917058831618099304647033009922658
50472254079955239420824140076900685188228364983205479064697725663080829256288
43402228237887880837896229665404156074662516305901004623127069884104344532174
66247916592848093944744148148636310856669182899868230362161888766725500885078
54356734491507271343685028821951296697875524261236288552780365391352351396489
72326021285868744786975514164680454877697490723344741452373805814340151460504
13668664409768353678397388938881414259248245520402141292405488013020723665921
68320725473943679405577164453149194223894345220314245590687589360678183592715
115120192390564303193481748490203735719508954802711746478829319743125414259157
83859308971704177175425955573883198252061040458918113844248711016971007078959
105275758785751229822405082629080298137300929488724065488835980044230393277902
30224386606020081969340189112731548665539096724550331940748273621661910770636
12501286752291956757323784006610159382050613286603998337542439121137654571929
80902695114460693759388654140704665372407036354034852816181229734451558066950
13695903083611629918721512422600601888944996111829043098659536064463776930820
34841340294585432231207644430809118281757988888398888289047588706568722397207
39492247907637795579533232115488032265725132682885976631896371315960124510027
100184477875216628507343434274288375256683861512214924915056562754915362742476
4417765537795578570126538080628726783545958244203154175190386957652289947133
47688915762392717534212300425928499977300233812840591999323164448803497895236
102654827004689793796223049120855502013375813797409612011648795422266042265738
55232246331403653067512360696640530280939392549005819234324244863694709495220
52184153743318676846031399862089824973101197399086869632699823650065460764090
23158141033728184123205504361007598806227198544849780166283340944935136377792
73925229950907714887365177230409715267223819452889070306263280901087141289094
95166883119172953558885280862574067946070868604115392087490623112680105389823
56148175221284687716042501698287954491605768118406581497655037218795434827193
81479501340955268586736139218479643508188260308593788690374420920657236745166
57274394777392566304870966805077153468013055361694346947837815126934660710328
86861598431541560932155322157550222323997243704498686094147309837745333067666
29810720928507043343074267111241356351124390248812729579912166300915268986603
42705309435543437342039918140370375573897937478228384964224139496136313987503
14337600087230290731338637864691273051107171619657707637042564174731856164995
73705602559640156141249396708485340570746573298606476809064678300582861890611
79434858223280782782966392541159463654031761958953345008547899428239141586450
88108456883485519203547988670139861789816211194861096564495366907162155023782
22479676834257324949729322377227149697245374681253609404202968273329472422989
90599359299804979488842004377790300172658070302449743761744352777727195548323
102488086785215532828128789525166183435905212303541295391790014759382749372729
105476594885995251532249493786822460639831127540906995840600663040236581522190
94182625425868440710555538800653384107323002588852900753877586976275470000552
31358570066952321859162134124782989534084374926832106241002905822108285706008
34060628701188229274497459681354366161047406988549518644046736465033200759193
68039748105569760560458397240902676837879022601493138716599909728412344007678
99357897647165108843080636435933315074738120567753277816131149521124309531197
57686690203658520863803289127565117738914696131671127758669577838404202845078
16393777931797596945266159773815601220549138131744908811043361590899388604415
63378120589674076710339694171101530802527137787150310154473997927448661473880
84356431066564547138374586772774674804341207214575796361844184074639309526394
61241225040714131194652719817007191252958954540786475887571204272668695307842
309393550676297592938653585278315667156376889094549623982147871690617878342
31159677530277761765736129951357638661601653392690774347985045249309577413944
27673943620961305370537482597845644511424683270029860105092424817972775303025
3506947472417402064788996182596341636280936446118480204421249498816836197774
70263360529813102194257821004444328419591894776525503407187694594720999070191
59417444069875891057838813093156130211222611156625451485981159650072314707512
51562750200071317295534657605278258978856273028787125991020551358493638515528
60296914159125440598828921774183854375414429020618929036512155044039759683630
75282414513694818173884315743323770879927684608564259816302709439874570050633
61433713957169989223069022821897571744012550004578410166783914544456270657587
105234046569404075987300992460852959725670774315064700377512261157124701238801
59817964906715368520508053274125913559871557898762740476397074681113136986956
74114947172597523994259670409422141479421996516160135132747936119075615872916
27873929382566208570463281620146632731073920997190871538750515339131276079935
30978524984173908624949891417799648908275775246548310800226194303403213522094
12513674025916834169146918683236814495475642704017431629085799641344160547773
20931457970195761539924505251296436247481694317715849418452177606526060060100
22718262557604118329361686232740502378854344114626819988188232237161752733369
104341297629596861852517285851098273573715217135583311182619369012258249516752
82180649264072234205426627597625526729086898109806775888173724954269750143478
114376799104982876512845334515715147530829161839866584479806382706892156360603
5512738148214125361359992468482438467476994314689438415614483277178053029357
32598102208571369941426193443919299624333831646520795322165360563783315978043
57434809448763142963459081513530870590971067172733522902784562307473647072646
63667329334270521377405835272979792406369860458278868478598004815178683646034
15916952310173063854709592687312702716493095280710179152322834650005906859237
65722601244295984700119925566001537905226221393813672022879841986432570764572
3637435108003101100804061166434038558398598034897471889063348610273970384097
22735695933542760952357314557912956307287110645128702654487624529204923110672
41720213795979846833498060049691703584002138371840683955840417218786219376709
106034166683908247994050373075928149887996768651347109678477523122248060262247
105040661057095516045660938763727005039788072332358910930000183151583134979
70658074220894554387390428806884487769585946560151999858347944112644549201809
62047279210977941023413577657206794808778048912008204764961978007642689637388
19843894076187664474920101493900213630583464790857526164657893447013017414051
85489284459813789986200634062800319501429810771238992375267416651218419051558
48165919965104729997939183106052659076934735720432366052833473993007702775
6999651574244012135594734980986131175075368838724920201490301166582044023271
55999513982135044215774551727675638873419821646795893396362728702909771178369
8440438220853336421179136851380799853604432454957273316449171561254136811172
5719693227015770752129835898471123562629142343535791333977914313930339664918
102510928654837678815947713182161311528074539325504787174746757975639262530305
106052168980448811393036302670588216967058305831580844312782824201221310168079
1351756529966367735468188114355809255650195434009419034638185471480647913026
29685635968087707346591246881866483627422836896837192469867075884747063755978
23552281609761823472528246642634487481795827736826499626886833261429795970957
39465522452227901272952144706853243155002509366740036434754431056605528347427
62064929871400743568315824165127082425328568984776279962840651403757797869251
96816827729923930102369028445811527864301464476498623933581093121811345645140
29106471610733440766532249999177649716921369819721449886205166659761722618294
86399203118348749895738547499605450494505876883016310096152529585493570057640
52792447750910717012651380793915451373451123888314277826916361644250234950705
107296310469682098899619663848180871310281095747705728798641490142733817564467
29253054006356280785098254422238302010562711905594086033086374740743635253213
31599169663407428746133740643421903980365093998310123437236841275141250025673
49633995713641272268019292058481458725354970505392133424677034288712237969773
66078264119678159467426853712859638502904750822189181606518844363481147971403
38390678249514522117832601751187832231272981450591486562469111458292449207189
53522988287094533285274354603074508698635884599199606752099440227329397405644
8516807571425277587643919957378208827233806281763835211909647177983010651367
80569883356056274346735132884596945750419503313476343552143045085198240374378
97947969669264676403253710759421766692621421102796703431467170617400433412468
72180563825980839398119547138037664935874538218706858306646105376017297223446
61599613316505435527883193584370904281199918215994443484175986299329758521600
98699730810420778665630619778478926534956187186180576595835358906454131000155
58993124689538259754891634365074068451402933549439072308077399785308434024108
34025521431672340623031568980259322723387902400132422686965831959781508568978
4051062994027926014816389441006129299129449544185095631462754484896770662413
55430930840426561363200012204757971792841652115240170175546159463992711857452
110859416436636669023954349489684620917348304428729880423882700879851006472151
27229852229763957733761213904071105697913781715903190198248025876443960654476
59899228502908047626661057868940222618109052395095525062571040575655562819125
54299551104769908896283170576974517522668053879251089706753838151082208493910
87449050248991096705125153817192407995641503515345898171859517607378438935753
103204235091056919244163266570147935324794558230872908777719422678888554179936
88290353325083117904871376468290746779792277075599672637234508244355465209970
89132065612235447577030781536253702316927933013287593546571935412157836412744
23250114358780222864672008194557273266247981217710059382404918112348716464286
99545609937055811670099460521598020020753436648882577551307521251957910881142
67036401818287702050479059844004330643856431792352804595949320734496912894453
80720673004645011115903892003584630467595292476550124378094077835001952629709
83839810107948772542204519300357664293103023099586775134764067772131443709757
10530750815144256504347282676672878335481076972119782095580842156259542572894
106189931176967521196362881015773746563091464398479305775896754227264696102961
18869052920198870501505244615488186781606713267524639853247126256138390687933
16784678984918649746782605356725167564025674931473171998745655084682790116050
11062707956700297667858556535998486905679236618587800514968130162575597864539
17363645827423263190049298400177594002441938974780900129975692719548470898681
76664856677611604281139289551021983400474702751773169525915699106854256555368
11425218478972519502600867529394930609986732355485085179705404753206330895864
13073178952431879988369225252801088513380930013266679103185751853093793175655
42157544680551254966886615809111246299318552361857458886763213418609106523485
33917780250611669711308779658172260673436981824941898408305833787466567191756
29834027677577305372435299534594130252859501888540683391180582766760143591066
59114616081377513669654698749333597079290073818500551970400866292891882505409
20440649042279021513481994106743636107292770632013989162514213480109544679191
88623041851032557822780619956821650611825630940900066830108421070058712762721
94789219174557979095430532382076046257337407085533312316361653613937149358151
77191189877473642291371547828100204761936554540768911137675224353081333512905
23674118603172027092233747688135108240094137443781944021087177979122808975067
54746378412450269695445601059370583837032784880980449861643226578851003060282
25953966140092516187811413129844278306118086925242510726087335508431832442357
32397512328508513646046373249811680727080125134251282527524018918025858662394
54010234525984521563013981638841271148951601597840087398314623914125086943559
30992522402451363987239300550411392894946090087245910304061320833141257912125
53892574826396876148207405379477925874167578961880594858523735205466486176393
69006263409834672913953785773267018923984575352477097200349721641091045012502
58353732165632808204967113276361294560655328032426868858576358767978436501309
85484962807249751943789101391761922566642708908659172312304638432117278567386
9749134874521745838726942562062856180580497262073579930307371575151097131504
3240874713091580678701669242354778332539989761987014105310136054047446827788
5572366604461167191634460752464381802510725778735234130696110632482411166404
104013621768423327642866651248228857662882059781995110243590237800983077754094
20857111228388765810754929690078888930960287033137742030956986371492779839421
11551971271539470893550381872571707857232199955009832795538165048826887944300
30020886170168309849330299027702471050955749642911178389100984004873116034501
16136402937646643679958951109322894995489785157705863578574606879719609485603
53311656183963598711848175540892070484401747353202133006675459866838154285451
52808339040233755593684147442690410604433497715658766620832995960143350857422
41276806169620740145969443993470653837467234040019334608979322101623054198894
77001564380528468647117980595564919039743243546207345306473469596321630127885
9587807360920901992670006904755273754668123301653688873995781307444085186962
87962504176456196898696209555554579716398128020059448304025609561269138143851
54269243148963250384200065766766335306038736876086900834327449708109470403629
106573293453124571810025586053966901655256547052150378967458058817558947810106
3952604003476019070429693872106382979663243896090396511874405980270534671687
59880720640448433329045900370867532695480145371714945199978162808090637273671
10201573234140958519841247589089172330788239572745412260622644064924410772352
89438568979427370144457131757851237283990955035584974594320479186846119383374
30634685996159357587843318110107576544985108859644642794873807902835364716670
105208786553326381958211811381161476835232897920934027380734931363433363903383
75094192095249176471821523353162181087715157205332239618746374686251625820470
84789033960677857389871983156740741718295964309760615318215270462634423651924
37718820561959852558614198380099601149102497270220262922408009520105187189074
23013316320627861034210404943890650525349876847375149203116571457314182334489
110119960709016304142634576157420412036510332208561178580708734442160616349680
106273534282117992321053516509866316011833479271135090849977089037491657811209
62168214024658788479771686951790987442088162197416065682786105946075500945980
81937669934636041969305496756270424501193818119379870927100319745159380642856
16833650722490731510446126075892558371473148093718967196473438713443960072635
83497084266744397318262376805677232090324957052892934388878380034038044871973
34707486072466155288833971760908254760501263834133435298481070926326445471670
34728241582068293125963324432228602475517267214126489349685031411580554814151
26807829971843283182512635021402140547239715125201078202063296388996457600885
80545571747003373809701232390322886832926164344525316389329129862880362231791
6292033214798714818183012387055009763904590000555959874364581224728562310437
51826386213713067243407877591365096126236812236049370972446896673508100526497
67874359120125900322352719813910010251420824157275847961257547637590929071073
95748744900399100329718354855226939257315177961995218046146752912734170456334
106972333290619013967169451353048451357368146510378000440889941720037151026614
16084450070749124355847915511994028647555900906246655101904336332485205639195
74466433060432324090778174024816302857634499729850457706530571424581888084741
101872304110117770418012996990466608127139955472816284793143378798277763332046
96271965635597993429628320736087784004884520596755455875432031657631620155247
57789576136061223136133752936933848729127005782879152909108692038620871422340
95823496093923882287606845120443259624076140306538551101939399469165055866648
10673673633214279915159608710962238756495679526083814580790806147416906690968
18479774664603344271433535721126940713582186201238718223410241945661228958486
52142761609783224030854846710941629407124328475897289763364911859196118569989
61844744286761925506000519082733050438611331948653498808416681701173904892098
9206802557009115017127566712010405154390791233439889252120469051288651534623
10200964999636439538519664616694578480481807068765144849076079954254829036485
99406605177747615231294551224623830525978732356257540234878393786587728566686
54166194449439202797525026156056091753625097242153893434266565835041601001573
17641110997098064448882651621682172296727400928369897372326015188031312946749
22131078317820397739292595891184860292764352431708184644105569224885396200625
80682840012798313977419429032932139391374128047350179208267019203812512157930
27603143265940194112432311264768758658987523843854069115576452199500994598327
11777992239393164403134413721490072122077490254191138412662937043899538069047
24951934177760425617202390526421129177934726556710410435800803511865233901374
79883461298444749531187277156810951885518808258945075431959036848558554107146
77876675864444007480835944674419710723850098739637687290953376912294695317192
17985520631721099722776718943360766628459778605717326459320366281928989802155
105112309151128140702008204455877996378459806791213257643166943421111325793306
26650289156217906703616403925868419947989063823109409075666326621393700372421
112038978608882155024653384828260901051674037984021494988446075585838908146021
100610467925730289703477710969992916671996787697094975706458234298420791711100
52924856085569141016521975817310267633043675561944053489895296786872834942750
57400762181662920455278242647645947918503123840482996225665418944231073854250
107536492852756956390212722245325340333471351585317188716875077827423449242825
74366296039498072521779626759784826637705145149454425792675631126072124674125
108139804905929548385255860796014236161256305813528310761524503766635124620526
78079790229128078379186061485006755068530914238906758277946884634160398544131
98809337476125083833233919066215424883550245014094820486207908368880233740943
26596221028007504065618498618004819381307704099753613175012032399347496838533
95407239520568991811524537530464642570355090482876237302491849760379813800803
86491961882936857282067944972745002868931053728363205008532690147683523221594
47226034125808705408703178880596775572205660163987141288712301804868842338559
10306274283403094093752795155996265793967633244194630332885035798146182847041
33762473869785938648268996174449111378395303991027624750770852062133282338350
76800278431981972541315403777072573275707110928546149388815116626997012568643
64689801884886928026118850081081002059388952425008997468111056314835230246136
7805645557200989260329444563751154421747470459785306581257041297598321747345
99637509396239013619377150167698871209507037514748776866503746097747269638486
73589298163694240450359331643023059135842270355222447994710775877815179051348
79900271416760720467687222059119696748107562328364166484702326828516496461797
65838795139002244156946890610817621678303176640425119212679238134830357449510
4107402366532872752001589124460146736935067945827694111780896594739499243056
106289416888383786673047939506027043224448956750130125654436326557903133302183
59415369083850733608914133705614122498446979871386648668420979233013377861824
45400756087753860429586866460498020139960002536208675597859438909457879574801
70794446031128955180717220444133395731669585869544187300196125146771781460919
2903389718238574820332987785554915391483405933090770580558832277203565934883
82494863829907734497189726310984047433682924810531911275903855286124194801807
92641409487216915102533126738063889344732350068989118373183952219286165913487
69545133597570392283985075908834137085904364391994092760825091977980631862254
22774717712455169414536661982310746096263725248114071275538092477989427282821
98236747888254231281336866408083859826657292083958931981488928198575216779765
34914640676289014067132645577529036630033480140648841191042078564803819132292
48099320339438547571078481490516839715153198536722999264699340985600400855595
4664315181444025878173166292758418301285603173165521204290134467231272611708
11783925031227354170934854912882342151050246038273756281793965005034231567732
23804764478356177122656145091124337439897220496648200395155259203099177327912
96533797329359278001595715452627755682806583014666314938482903974911203789454
27407891049522119274580746049643619524861675505631982220289192075253943771941
45705597225846822441110356575231237840602342409133712660477914908772693554845
96768687417456739544824223768588360067429789244941730373896954192655807711873
63353888621337399848504661661077697086531010563871469347103461694958653534864
58423226314068041935193516070868621301143600235653181311167886546601082980801
40766109254216017218628355655063930711953302956368307752191702507475428295668
13105830353341732572965786314927153399467710587777844743144420089869662470501
34349142418636503984867409816293223035350627521554394841985046257948840216163
30537415647459973852726478787943949736192434347966882599114247467200758127405
75482510614896261163226045541810181356591609469797213290407620894840014076086
62658424250899417156415359875088913157200293548117935276564289047369056356319
27316332627569665401551902112426956577323510926339595300052301382493978873737
93613848780119501157636760843386461823767045964432444127979941027847210115809
65213666989828680055845089901059024575180331759136291876029448264472048180014
11817370597616223834327987218488720466125980293869718686408834035450675043199
71193923163061807041085167799035025856504844785493421503535387200435733912633
63014217226824091125071212309464725037093321177431933111840402581731813780701
24525216396267620544975268807106676165959912233494992738671221934303854964440
31464659241544988207669132774936912978864943673227936160773894525066581705411
65846010526262398050598787622365344117686205739271701235039567092446424854280
8620798473110729246307882239752586919994844420044432664246580807879746781057
7789787391336309833420275766242075727524670314405536233427443579688780795458
68524849823916473446080934605054294338890380472061507557241210504353461791699
59074076479252592865339805403293158019058136898651103962728708055224988219644
101025063220995217142735116337127643098137946763370116701906093054840286298548
48211595652911435036323223280722094715030563331884818936819448104612021206316
48920709463056201440875504105198248087888443047147934769975159567630248633666
21588129921522775773115717074324512873042671464399902025276360505700445468650
60303171934066626607517415609132114003595562199868320919229699098678542064207
51755396346623785228028271012281023779850713204701530588114681771264682855368
56649942733955574241975325342190036519983816168496765085129770742320812091249
34310094043492259369154193949629711681408379377408949029085857573256271359929
68334391437402089127006520837364356489911567268636074556668105546081470568702
52123117846067291737831741476238413755277086055588846699468460141923072922482
175214988272837743341691377771830389916851970399194326977419204775558611915
21081106399391237781007954242275207072550590368390008766772848148832236356615
95078248379927413565826095898405032792953255705765857999797406450179747457026
9654755267460973247988229204530929265177250224305862320387566989637556355141
20172477536111384552696033770257413471104395938992795014422550976211077132233
34721922175402527963224742977926778466920103375594503056182147443341075644660
71047817677557708011670064210081338007208154455973178650489377971681077085250
32914769857532977501516963763271928593682830118663919367293239928817068114405
74452044696890485909988855313837856805459895148530186934513917010749492810192
8597922102086676390611452156776612677301964399538349562090128213724376225765
30497863327284786773350537364041812284816400520501052651629559948288239056866
63300284344424646903267218104532443055180366482055699425869998031416748385351
65412878910223203852194271168179969199769315234420300770475792032141128594940
3053845740552955176194726380498656565895214604413497528707197644066259812885
50829298450863704601564347276303224667544516540867568025349558663277441352580
53953260543888889299618509519422777458990028514503223976506417386653485650683
75639455797995304206450957095639323774060487865245369285570880348538977457252
78527752425441125827511093998229357835619992651788594436977701389897620120396
85058535417732799626774099304750573677933145183853813113327454900265088582933
23451103627687691948203937271109896135005851477344519752792431845858149978921
25534161523775874844478317076628319479992960950526841059716518772810037001142
48394421961932205874987148046962277654635075518702614928476271003572914691861
62687688009365464149772504163840930026930418746427367616918344867822479576327
70204240098137576846967009005341647230891805034202156695209630942592692261425
52100411629393645735594787500292288191491009383068118769398906653127101136911
29781895765264034471210975516627491463467892921533296055026511716642906456608
18493543372178705492455104138124615700428522061873856231385819426652781199578
6531037985394607477662450153178245529234729655429450734299009058153468906276
56646342495805258165269044778313904519820245182803067459069272039552130986891
16453550451290273170521892677735573709797294298410905507457064787366545434295
91233209962198088830397955088082176216371805024697737644275791300804698073876
13843168698010557203695551103742430261830398938695592404400755747225642489860
114409173506488380755948908967549549514984733255014690945743003623810550761285
79324786878989656200215052126077215916654900543423825726558296815800397873443
54881918893213289240208550880083280667045116099086365298039860855681105767700
50844586784895536737211971038819021213113768230748671711615200307016932605818
5064824076886913787079125596570899956084975709265331293765533520399978699998
70736257901713057386910720561735659841377636646252395290293070100189427045217
51756449055810091405855967305865183901111166702169087923695985309840103815585
13014405717084142571405427143570680710554247022611344227686827550627329368637
76914457421934663652453433571201641919023345353096791678938243685945708276456
100090742994376066633584135947686165728462804037336926684908002201229845773672
114752116869104970183786414896829217258950457965844763823830293690482559844294
90513379092701992014798748070020709607019897535510796709922722520299751584900
114234950374951305838096562923805546850463967411193912597883726419148654551599
68534108411026222413759507596171580517392968384798182425616710223680494491564
79297909655864504426298621604563330795273895355925987839693052384943048322591
71130942615878453263378126877804022810314175492283823085814508098621395371597
48200824611093168985632629585280450088280148857839998472480691869790212443646
51366703988950322925531190900879173660539741671545085459100958193865694470665
22243212454143715087326244187398032892316004295519490405213186277222748328890
51913857611094963355638753064718863172340371627405562258939186629760594166058
76107372202475279238739751801140002599242414738365032254425031789278253031572
65533208693253412497866183909964387940951290763300554200869975305353290204822
99641902044528708342199501596831187608468828188034235069438374267772635841200
13836123314178752374704443628037494262523552642677423592809022047809845702981
1301763323045212332726079401598100822512247409822600560947236585938782580205
38684636739393971166381415713068797640655461177387755438076216265746187146799
90187667395089146223451684533650743155718433022522567766199106157060153157982
1336883072682500559054784000799728020017422870900019707645696630004144337636
93887629026500339406342650329770460343879232781661451426026999410195970065947
101246017037815907559368306639350602875251522265369200003387300077841186444302
45438165505625662474505262253962516488289305942495358525314389241383932273498
9088063152953684615858183418460641441428529190008604032549181199129770924703
86440138426100077716985390288876831024767967559293966009252656692834050495516
31820736587518211587724838658534660950634150368363972837399800928301540218402
111637456011390011477533282263087193652583960793101712705045867236431187912421
75032349315317496099816374204530496251169705710577890385506029205061900235219
59550676476797103577955717292787793712224995965137722291531029276949363218279
112131082916091743671506626158102719863211559861639332545630151341854965469526
86642609523262104398667132386594548742907585785825112532976519724361213367225
45114248859892542112304107533004960046631512213958860560319070217739747073613
52589290069641673755440628110259827936835496607857695989303322630096692612061
77937273105529841798994869975502336703205959352973179198395880469561849887281
65027425677259967003119228068337018491002770260864433545341171765866584231153
20857676433975226959167830047000966134875176840248228251319725337010080602605
11602789651916810737735728618973455473043637511240526810858931691890409940313
41601800772121777371963019631479611011674768134382019210534960612538022111843
50482138777679116043785449020692422573561848348760050590260808916290856079553
227445141701660514443800740433204719309300654402907507504887526050486126269
96756763812519747062440565153742668114298585555278854405558901673667009987731
46231082651717196874879649219454619379981265097201629939194382338105276202442
57650757396899145151965869755542227529700461641574646068149784083530671109416
85003884586262738736639491516221727759013450720073799627226117039943051007841
83568718595777503123750581179261733104485262948872421675131331029505733050023
109509017583344362357238115637191893224153078617459750926927705480384314034119
18609717495677226985576415521268213236069733298408058060733336044906985816107
50074350143832764844726700268206813597147166488920377130028910636295547793986
85042905775039620536943819168403533439761012841321126788938129002890026290638
92754956171176121698238826101524736067463192221471758501461753736257882311290
112108021986059055583777609940236572503920889876308214927585489510232999112112
65300412722647383565118055039542949721911421979741660172008134100911789186773
48873318765977959640903526867925549562321259312606335141583239630233478464679
46397232178238615035325494827639079899699981922521289449772174135615884699774
1349422724031091966371012366389417088147010301100531706391535538256159520362
15519999692648501679257466966577636974228231669029123766757406689716139004160
62262941126801027692559145521610697505869631549872721594436912820966309068327
108863331181152020795724374537649946079295117101110702765039507342942389809207
27349942761857851169691568258601103481338867833103596303052335630219439822074
86547283967632840111528698573111212397704788547610632630102062699240514188549
83289778844877962897622263980932189334915531440408210995551538729978626845901
64535484468361238707591279957786327838405621831114824012088945210778578395227
26448252188997089927683256100989827064450001204291768109443974855485553184081
53410420810503876668251798181765220650339470480744309031631169221781564864147
60749734598250166540876125002726771578143250266349665766232790257972821759988
100608489512456334316343415225381658364024318600602989399135368482275000546177
15742275769111437047130919672790999381643486130801957458240677412779199901038
85391509582779210921137903498836316298705739170991573156205786736589636350667
47481922025085358487744509802283546355842773153064416808246181818658577791957
99251055744973344741159319669049886192971477622827933136299904379897787222833
95624693457223077265320110987633382682457592998648053063751834016350483050020
86070178174122971400491193908236320072363591373033942883529241003753176965183
59227809530139434955200554858570873888851777751790957452780898584882310994763
112933510677664198818361355548587970731882427091804558159177335832480271947640
25651881763895805804682604746448122163161951715250548028965377705744606626664
34868242624730475414210054420954741033421168891952205256329692303264336244540
63808330885292203699649821669380415974415092291161885943175227130630938691997
5846788995133911910013605128593423807947097167250037260839367662150523903976
21809066585238651211071198190379699425549751888989935303263368525774994207918
74787462902507393280449710325595733416122124585835447578366003719974891618526
16845681364651540064752472232800858795036936684158936791750129249440321628590
56456784917586781200343074337424113081131764891048971302910465043012794992117
33125763694821534739783819019044958009744840576097491074956015961456843976026
17172012539371112548937001037438148804963510690401683677935490488170768037439
6485063708929953362376848596072382317716841682646204317275158112549050372392
39211253477958961567983379859383250496898565151018258143371085931151771266765
31178865310246847481554054280401044473708599925086345693773480690846425306744
97852996458995880649147063692017105377407362720077916503070852329914529631283
68350770243841667845361590005372537632541897492516045512345862605436281159334
89330103622375933180690696665144733118745575930621860791850831776561229316363
71907497043008928377190689530019611330576693260223078408386219078407685897738
71524293732574379293585400017805695788597477230739193380673138244652602851552
18098871457490507905282708574380786231581966355419215847147486923565931814059
3968044043159766815315303564612533345969011160215414309129728495950912222362
78029670548037526613720615943360614566086298943144003733155658344272592974271
61530534991664046972938825197530068008308385843013945432761156306598219035990
55032825936562541600992467390110592015746691132523101124071579116931169505362
13139824009321864150657906064898895448679912720822429963217236259065231674176
42860637348564520949380907746234159710254553379717336480405611440433214289679
111778081930314553749115602401888626285511538038825087303534100994723028644196
26844300682468766369451688074491230888837236484386562913605955943907248874080
103562881250734092803474441635329880533729682607786360477764202561815464356057
99041453040363275020241205894487049408834180237399785820388434684541655932702
7426653314774860537037948769431961806046156853500918802301404087852963461435
52735771359196859328141811436037694459145940650795820400083551196847977096393
91980937629968221225463384429402382035098038843321145341133506751573738127829
65632517025124960203086019489159171820708850831379715972773905077884687000185
81322105353635568713031043909951449367325478949894937213475726519101446387466
12948702522195868497447661288967358052006274926551320857130104450644118397185
114122639413518072231891085273854042158395715498567137271141076076892127743782
15012346873136565079511565153087520525110187074749938640735174057359934392044
111217225286913564406190183089585083622449177615683799729348798758181992026689
35067073031759840130404980576419400475425018020654924591552999494898266186774
105751587380855099387958924158801156805090094934071371067845075884800941034527
24733019948358796052139889590773560383416661039456892501022481811662999546428
109812416896697807936629257272318067310782526933094081435169395706898564613218
84074763463145740868355454224724874478110292411420252537320508550062903316908
87508654135321766256896444797816330168566098226879116403108948511395958179115
21455691249428398852757717358437674488262534715942748386317747311261581953606
15715780280438939661820553561511186899091329452100712549652778568852286042405
26939716046698355364303723298661748381733976346196921178832068970094714826462
5936663689262434946021377984601092525573471620024048968984490147358251404379
104987462645993454659162804464134857863567104560161069568253392520349666640537
4678907181198162138884660382557594514553282006164566118047713461257114535521
84014940423128393617879313196561814365094718093906957785035730793893849004124
12176057953779601858960284539496976450894353033812233198697904218777194457496
45679239716172789999072557838269921619238999478260079965371710052935424158621
54382820008068535744806593714714047305292785484924510644236658429306428408144
53856951436660455016568593155908448653776716882771245567132165366567816930824
59380626538130922647218138148351207434262427430691401620353607248696195009375
83400031953250356309298422212755747713002471935068130470153600777196909400467
25704750274632191382012147741129366097259402652870192345816513121886907399247
103697324632378253083551226849175156664594976985395561615949326928980403673567
10135915639593816293691879433684342533599940041205868813359465446385398224255
109553565609111613749191568810928386862328268345275992970422127968585236597954
64607799056773366601694069460159098280247506877735735045752504992464495065133
34097500250841460099065501527539339386621040237107008559995558629977012846796
70276489703852296062400173392487974280181294946146253087704303828442588922570
33022994070097397356149813053503384447880452294921582170845319304583067010784
6462576522796584912837051098346330129293227748836121565335509423591914298318
23448027849588838429263666557526616891023579553665604428766246757401758232854
109894065076401197355162695286295538674894280375809631922935999900662936497783
107920638296445756648007422602179519482088410259309101260829846645124595930938
101994754553250851137965349400158472022819012155302658175155805618027787331972
33122063448105462488858890713608426256770617798542671395837638117025031613395
37010006429725338440418994128792531275163407546233239362653810260860510411712
82675667435356762324002827715188691940547759204699077939142227466641683944271
78596143300125110582127024607944097901373948160210765600363339787056559220939
102947043654619520081698242681288735173137258727641351644375981897906609372192
10583679609295840606414663686629734054408182656440370603123075032524184123406
48824444656615401948971664099544797894182451461973456536420087732055145139747
60390704307535163537532186412779850559022923277215930932473287125728789548008
66663184740197223498378360733613179119191443341876297645732572264054298555418
20940423550486092143664063296332242579940442001297811126789461395965648888144
85007352299599659652257094264258041095552382343566098115747074696383504815242
36099594011800931982975536017319104002302760289958199869760522840194821471708
13821507040581156707665664151390195804332330897765505173646123398899672460463
33936529294309192861632033909314715688325142350460325549237723738112581001880
27282020524936244676622161877742755878241937797751384604698966790409141813043
1607591337231134189470518380658486517800205713008034330029091319275389466588
39918018150424594588739215982275130670732896973816527536845707521640936970069
102053910452108667277014714252112039814002843967507578670986433226163440478607
74058197828010420397693509474666672670959583921207967886053594263011188543884
92574962354150987694204574199500939150660142221061967507172475787136133918360
87910148534638258820476509332083572698162320422392852211252172748412674736420
42446948072667286799032322564689373455928749307239395072455503974914290936030
47156378089389127390686216352816173827701502162246035119951556878520227191267
76306212581219272590588282889474329636502387448600071776356618403720304768924
63766568089288779202571902695374276688835122920730909443145269592858339734109
70655424769294708381603099984822172499777197752131459550783241299311980320961
109661491564305145267094245382829036570379478697965719998128313958478419388637
13685610270977371561196702598329381494976476562207800306669125886750007405779
108775561856680639949172371401999741668035434642475452160623423028669002599666
102267439192501135511885985151530191614269815034438398263688535104248431855411
54489863910566742656970444183126780879980329974253274697310451765921188192539
17361274335054983957603277910530558338847067953101870238433905294166859291593
114026093693306967404750153543377163237415182305888521313194267705201343046865
12832216528949411276426787816689606818968936866530085559184171859188740403041
