106796918809223901069835037251259905151945087232970696321800864917369203670755
607738772431594047148119864228078480498603118186150753886952584116300039945
63370732542934107688067124294395183615017208778600439796119017332062665991985
71588061710615650802031485433913202637668280350353826998455149021401825716539
20172402192963232336988294168193451565758939176260658486744435716644362866574
19152966995511776712725737013002048288009490202833650111068863902066505815495
17836673210754881080599866484831871941569309309402999719797581863369914809035
85298418903909359967547981350090915887015151124668757304206097948772126502471
49310330512661692678993100592469003224879484552883941990246838899979682998413
10862354748638501529118790250148178611301698440823201459640393277001605132081
15269412365509738828786777918058266353169081183838445843793572077456424229141
32708873146804658113813160220921524408905612773509140116128625706581365997200
95911204069932053384424484521741489679195030524684374701416150719771597215419
77689902806739527043717280737930162766576775666724688470401784692010003821029
33390899891279156406965620912840798035751578258988534867863427721220748086455
100615718135860697998939938598064125625502943063132510363475550085151286068132
18649094161203606231707351556170222921585751271182127854022606126035530933863
103637617418031923185993358124718071027439835539895346211182390536269086170436
103887044029419704434103304983131770401878223819551472557849496239869773268413
63468667867632664885711833021262490207700070501024618314920933020402830921640
68557878798596990265156314860414043695619485963612073023806226884005342057351
62364872617303422370295124133857924363717989993877245297319062015571608579605
51331573610252523434481552544202024525136286755979072142792368169914065005954
4895608866739208800452769488808679319777542605958716729081669326589588012409
8460901082610332228005884934428570555060274567855473381433004204164465987645
76586021746833523636062061856651881770967504382857740600948620518902923259145
91550322650277443799612902287900140680455167871696881772829427037532794094786
59885897498479789977884390287109479027667571633701318719695561568044621798637
6261023620019111850683471522023233670502939639863308547134728576385233143800
111241454347201225348199353559455072496560626432627167027094881962285717903731
49124776039828040753228414736029256963091274526996387598168922269198293897596
10935082814054631645433271091643040908128301418532208057588087066374617823667
47428927084490920749082311246390005994118171933361547186317378822571416986949
64364050972445736902609778681294055371501410506554978278732318393241679501838
101852158966640348979719379626270768376261583277076703876069731267992000963129
66798209193122842422263246379835935141245130858157287677959529106017044870023
24017646712421364503744106250559665308639193670629364830882760556114052432567
74666687502257007847644054285736813785983921852242774904026636068156644020677
36396823581633975215540966459364058907608265785608923287186736779222262754849
15669540954144972496290237610278825416459833838469442253484921060956354496784
62682550527966308804839761235184294552077296485736338623650763839407092777161
15033307171880660335683975802737799963279015732794156662952018262340117079172
90214969549341769028461431483473075170848457975658173608463760131640631062682
65412321726133282991048115382811969221392315580150069408060459884606638129526
65187883071915790165542489098262568983384382285100608509658761052527130730571
25531597612584208421388249327475960076183369728399768017422187479639711849360
56466268112486905024061710383092727616737658463770251929859300227311862291209
44894904013871841101057112355613930174981876907738136241929075859644714166420
59159086464777817888194891589713608334795167380048505703495070639825942776820
67642930034017416710821305709664817111022166408258761209837230198297543929570
56280036690907021344392488747440667846095271892029599939804685450025124625896
19368443826311462326634154515330349392451755834338033679481965000951404962299
74001912892122632135769570601254058373892539284056073299399708367649661474015
63583121517010354251090404395073921741336930567038877724935070920111787909558
11310609989149092248578562178777115236611331261296993322774615681429912692685
9295320126538684090536035263350851263113468253595561144501903698188723314397
87218454306202907859375803967439982943668088865665269887657989872193796949557
14505685295447824059316292705134802858506947880201739598499563068662385927157
81833071176499939579821829821436472368327092808725398445571206508385392029732
64201337610742361602146127822854397810746526525087456377874746393958404565225
12940533611727851876523717378549626155612324746474598266576731058026047112420
64448124053160992475193088699073499717433251616410773603049679549959133123511
32423897038122589230228946338874898552337802011953094327579255783380209328112
10227604144070714060683863685795979252343764914526510261878328763810268383707
95134413366554496880904720974224454657183524360688046009997393767461276803452
87089092918747188818537792570987705274066332477795804952833249090120791682687
