112146885957479281890347405166573932866028014785373636472678399233114014969129
87689523456931188997653627799636696426081096199219766898318550185403558289700
46619938181605654433330699105379571331101303941256313965245146589787250218581
107443408639532913463597851925584904811593439642486649781967350192188040028072
16680095354789637139784621081048054480310172235609809806281786867844967373091
104556168488453240355218016571656548185063592639067389313451688622440962879261
56329218445353407701225582740607612364668225765472763774093677949089858901378
101348991891315828204054375288231680672536862601265804387354171166389620564482
64121741018719877495437023118686352666520278831612198693675071219060345844470
84645308330203676878528908375562001543217651070992371508775767742014276677932
83082547325868395921837860080277879236983757604212397854194022129416753096805
76271212471284433309244157514777756120105824292460939115950437112713630660540
43763792258841085343744334074775939127663329031974305727425345888937873355410
2215122931840565843446765167406714796866893286984322253973497336853407678580
111152321950162896222145708390014433022727190626925941146963734785695703732552
81838173751655801688926875691901743820477187870123464589405636903475231394043
38793121389928637121686287044748259224812015908990458605993885678466753034083
87068652697887940020809418672721669103751244590104721735726484732068478734844
106727117503826721292156226871267948757124884456746653743969995928763416110337
79164282582335373648689511857775276304919761102576489254935357251933548736052
87585645847130658522547187566930892426012928069359418438930745221489793474232
12850905134463821056001284399045543489530249305541972809365346527299466734796
29643904597269255500038642355016278763151116706274358796859560606557186601243
85224222719727578282464624378017217278987056536421122561360234326844362502205
59709622851783190583319329187530468653507743542873021087770336653699587115592
64451201369588657656891753233477455479205296216493185493727240824856094831872
70131844566787917053503478502034212569383853156223442771874697709246017826742
51271897642234281414704273200158114657411532873977200838739286922220794824583
34396549626616054361002839199351439557249872144323405647414996181066198327427
30256755647317721728452387689331567318171639751517983269933710718452123925640
105854658960905730090023236501781950518921853129445847208701943385243717005692
106069722150311747596709979877440657084170138915359675446138510955076791872757
51355080992797942361211745383667581877440201487082582629875397825354326023646
110256170429617148207044204055322547254475063740401719463116551189874786359545
48593752697886301464933077702031831917090981841701011895237693050828017337266
95043194295343815855840789563155021148737275813409010445929186871135548646448
78521781766314864649644583189518084588116927650920370674990050292421282367684
20045675640116944726585634665198523679463343730768415534618563422886199881757
712381876991350402433507901053571135472906870985188931990852629694425360301
39429686829956914434162595089257316875580758815544167285396880075619433487898
110625199964259323140980543654726722959615122646897340595435953832339253947597
76723927535579835359832926479283647698323457833142458530634706857551052915149
18417498029853955316561091994559659747369327410805515020056647417068733575634
78991495395863000428561180066869148015181682386635328709931460164133578935412
63753905170281328434046046929799579431246619157956402174751657793213689817770
64627675938264974711417362300640262126098045723232328610956480502479132511471
93060214633479674743858504212725787287917713347356240511581503004833891586148
84802533417469087906335467897409340754109501138393816807689301539749025288001
21495979319375874667186184540894167146927995940215478990075903561926437545998
79720234516506744854747585475109382707751531379279506950193956931479851088641
37938401561462945186351543243079061856224764596401089391593753778009336279047
89217110048779085848264856467229521122204796956177489529433625535405449618844
56047401215483178324016498770623100615894688483059092464251398442445254998090
25241183658710781139014254538795392478625009389953262165053195075063627750994
4252019763297201416324839314740712847866848869619548741186799217127289184802
91685327251679709819098075947728696408079196520583863130743672423402093470429
113533645730059018691067791931219798979203350070511517239265621042272076899469
3123289414756520810941529057634825175042133726539889479890869585269843181408
86212857539323698614097721338223931861460182276064764911148509697073662327716
5898980717912055411510279721407448310949739832372966462438473129912527912341
38553646367545732325671356704494221436537787565604920607462082820246284002563
90337816101026803552592972462139018591463374590082250059637822261270199874203
57697518979593717895321229937212173604123319131308502078347004372396890200703
30666833881570091131373128734791852387881453848088271288306776890575292478447
20388705919435943261637552508485304328783405607463838534168658742673639391934
6652904577960208990711500955280679090248542058826018674531527074474490528520
92195356338763610533888866510105880333380364496465977910603272967358679188081
115564814870107681043469150559311116962996395437490951436304650368227422467754
27457731850876214035502477640811904233399578084183407792907044157519616506603
104004122810670056541715994717026695143068602844062528334220619878168069932853
67138884413500314858083047331520122835367570436203112122386657493945841110891
69999823672579652419903091373699480384759000712635367820560287631659674398405
82406453184827865421032922892954178209885732837737676314377905188223929715786
101491259570964133185614919834752074260116170960340867700399291114835453218729
51612842153558308402584658672953771705416508271788757066147420052737369890460
42064800968819862730603911433449369106295376216385327733399828190306867040503
99394371090665058466335968508336279981587343027094149330768844565158195980498
73013795028737619246912694697016408364750287544940534439996157022561577274217
45896786151909493038658923430614576038389690746094145173869523398155720708948
1940850896122145643616896330711600202596091485163857282334190921548602667120
22301907173772183592173167966348498862363827529271185070066762952524483157378
24049436787661437920385882734012852811119794461738042373651910072241329739659
36296006486678802695812957260879044594756988514864943737790332743292980942118
15201251188545266303570237871642633577574250810742287612496606424347920910243
39054043796026638091639601844720062452080131786196404636694544541835702249806
71443202637199804692095020544572592489604375260438457592975979769073251942764
66262229945013214039082416832880009596400091122735521082109481750227166441250
14280550671444283871142609109427516176926099896406228786132546547059044057760
10317273358601104555713547523087293817855414928252313516251886667737152537068
97105673965322619843728833699899388537263964615638489330018410070942215958342
108998399522842002405082285832751185730083407640490756957535892029147166304024
75921480568848715379939557191444881707147653159666698456908094920097132847911
6032407276762925572340309179324966863316049492310958779233872458682253867526
15923750516759835806227079090940140649884534205730547469187425719303767090856
86448255381424404483415885578813677427343656950180612949181047143923001201036
52342772906693812620689167276425087864289757198264176723988365894533684125708
112990539317496473732230602395047443468951273540881665644048467729484256100338
108591060284861450072812812715123190090285445066531360046821869474808696870290
71590794556853866475653734256687015058439997934209377356921187644114718413542
8978307527813944574124341861769996641795671667490067028092463891612712441314
31581679042481384965144974149235527404216191072564080431856144283445725302128
70491965134100777014722099417273235072460128036514408094118935202362965875804
37852793019076655977118491895427069843331151433831910854715767513747982530748
9454784117494834133930345111091341701292248444579203439663833225246692922916
47366880013300031225070009347814370768542845013233696967074662602695714421617
13825980752163137831521127404775810535374410142024023906418675291910162106385
37245657655089794720780880517464822851341962734053241541876898815109883982345
24295300641063075276890324888625530075772012511940972320799292111009257830878
38815893512005508696545694911374695210470689877919369375221911053966856180205
73400975798917983717026868173917271693140482411450967354765947953203278805882
37885132655550490842712232150355110469683845473902331771737921679663559198804
92181665521818250920920766545222541522842686096246763730832738170902142700345
115342577555150512807795599560840409895088473673815064046780295214001459145802
31691318948145878578591044942028579533632166256793124328545098689405152289569
4280131930450604046298363399184499535007369084724656178772389458873049400779
96738958908426855936399939707526270123701988394355146094533563606124208073616
27152363141965180200665943539985887682838904484485337021580474769605415042213
38779154060192487707145532088585879426773212198836965840607611835008488178031
69626428527238086449304930198213501858810858709213216482847619418896720208360
27449364856636967795012476463626531156456013511648151766338116254880165026562
99326472034628421487814630256181072177106795502874076901130039072443993402255
