75958567526555351426989406451446092883876521738637893970169856569729309772091
20275728542630893043606773226499211940467412040632222102269873183680874913781
16854922625549944374486330848500413234652760112835904918588289243568786021251
16292450286957860220516399523190613812271395665267949356833910843550374259716
2397617742035826052172139743420725568014716631031907119521310965094670107421
65807519928028531218550489668826380498497504813848583077990696280139955764802
30676899512875557775152658875893080282921494369658549892705185121870583656612
16121941643328542738303600530147359533011885417760395927587324898212221413578
42341779915793829946487730829409569320664321879389231241688551668527003374244
78107357706013165335044108952155760790352206218230132400349252917617030039177
73948566899630608441424979069752521353780148545881345185646724748511351869999
98868205931252445127603841673664217169009189878720328101616302556221723714853
103758168168419225338387975442929535836926120017181737235271254436002639144378
16631682981645429928868785302101003319741249300094644927006718313412186171824
52518292332859205557682362833009454284854992897754199609392148075576492576131
90400941488083920242422677371504719790339781045428997473873965864083057726968
8227274263376200767833689639996272685303507920914103608039929026580403440959
96629616183742055777254651316066946512753218415101985282990381812417412585588
112978432243198197161008026881197217233189475632032696025221006843531164525540
71913419935814973504270696945413040162862221977335189064626271209213014677247
60744199016218454938328052056372805517676979632869539832252954146867974900436
3728331801683846129908799774105723541300019310695625467543974486098370815361
58842474524673493537096156472227471783276733479938007757238446608780228644519
51099536903585792350102426382861228864315522382238198482435246983051173351679
115126337917396722808454663876352920499961400121719423055572528799344653470987
20663183242475156930544780796311292579142406965992174480561099504905487117306
111626434752655175945253142377032697143400567117293602201069185628810467095013
65367819837979401518657296029664948728872454632047432045479353731228334362151
39208097256882581001468862996808640670305512808425555188660363553625586548559
5572479755565666267602391745459826163936168451346827897085447805679663755866
87178026853542020796215028038519317704924835253761707467355419090467585579884
279320327171087648083736860522079899919460640892707734645121757845417909163
16967349704469208435144024365373667681656669374879292056921014954457516984514
90378823331718859101910865562144149126592993836735167668796023619801609295478
71891482245175235298253959627742930859691880659856199204600474595058735598654
54805375238818518636875272154298724157117817874420776835884271845407353512168
104268038076590299836180081624669421102344076741848226890956336193421714221519
51464824118145953234954683493782294040214150684402330968730002802167809983885
82357036182627909446871381668879904442346401906616405231643601470942793156294
12698501780026126640198739030699165302974773754477806049291669396761047522162
90742247468080394539597199011044827086530008457464357803736743273014843497027
68435511392779055845768062281556485702760210780026980362204728590753414156620
3319479404885984127522847127924691989929690244484785039115246055458450042879
24079376344631873792683093649933785553578693865540362249110556787914194193372
13177529371677697825101742073373353448671752347555546099442307482141800259591
21510384939480202128413047599045246915349249313267139521609960729523059446801
53022831857901270624410905350654639520393057313072048881934772908943466987170
29493330310565367892286850408933302473682711684738114973425238275240334156378
48138882641611377127835462520134392725888824613031258425979073469005050866994
102733588969159508687349870795307634487528644262244311857453162409249398904560
31052458973555913662069414214994406488246464631896379308291318749617379406900
51766964147892702592397502993990486701047087812275774413760915633257823638652
26146197741003027560262884622125398686953074915166830110412042940760544118864
47958767357040768480362449514720335419959727737744038014561012687956526341070
99159139740340206767588791272438850259835239824695517067977921707098353481085
84279397693184705317702596353401627713647863669308774677446063068583311053057
110848355947620920280992745203056637142609663277820914555024505734056208699426
58403779109847127431704050548712678197713672125005979672857622637214953715694
75958347115496908642615017787967505569979802329215332443130581577754601301402
71639299432998444380656744516607202937802060599517290530606532307395156825904
90149989794268311467482001209315208805545963812477094953471916921612033908995
74509880881461138190017093458252804614462882577880790522970744278463118486500
