102503678413386201426363638471691478249146474083003990896829132772607294718245
35735988171494349288458702579938437709147015747910953734972806461258637055138
10884151572112830283194077857143730404681582075124696525248131549379500964979
71765106408110203568528521067146183075287895544689068648734086565042898266473
60753208071838209934131982417544448186052810029145192984663701954321585691149
65077375641117743535351024528547128694691145961649419175077306026502163749897
87102015387931413585667885115254059623090818539370414717753912579277034403178
100062743038772792492493198806813349665322941102381897218653134801277911433310
110022389119485052370558305101526421196028680940245235950207249667443902874146
27448984440157142132505073146324087908623418693039647304809436985889898092326
41878196639707193707138543584009051976998791663860198561866791560269175880514
32928298857649853944325130678840776715082312879212599510998707241269977264447
10603362662218224619815354137719902078483811888893763866002863455232403580644
77836407686614353119764668545438468450497191877373233464068316148232854948118
63836930375823774576155449827986150473182896620498596784192860705959559993420
37964803517016036407638939315377676546436220674481469091486138091650934597884
94076767835954671254196457206722857889523801994247900687710355757008879883673
13200481393781255812049012622403550721215090560303179135884000533989746822252
14489773429460475142110870003600844226052329329597620227613389046381045227874
52743059510562773341615230788035412904404270882460095016832516614558542936960
75380412093251483974521224912726267989048477343219469075230645804175562899484
95978351400313949262670171909758850088952890863208868991438872933648685310304
69871095479308642035619891900745586821327429540879021998500085036081344596272
97731138260621577115018209333959224102954534265115513958617857943372566513326
113656562211422740548233523786800049104094422736082969287292696788579643979186
88659408195921177455668045907806714994215628699215778055150992183157896442829
15490036585856981447937132328536723497627912835502342374816185735143016224587
39031685924859216141575856875590012442296783521812509860766916856224516994671
70630123665411670783962858965357313989168389712457166994223011246030852817052
58115997878245122320547714629048690299258695216632935441072663363235474311180
30973664283226736879936520286482941630798701134533197362847913896925805557779
55270237008886511295832655500716766738975105573145412041784784310646315510717
37978959975665125513182713780220105657630736832068571704490185679768263209264
42774740226384526114303389810268667701828911032604501137989829535403425383112
96961588537959505672009509951456556546237926702223924479122568195982609902742
115162573134337894567162598752399359084892642289291896405830966439042487060177
11489296127252306842296270787586161588832294988669298738159197018684056294061
4244485042568970900729134544346712276708935448684363605227579956374197666021
67244605159690331894934533006815964468166422329093399098744011699532066941489
20962839569318254166981923903424367997629476745176780111296163319383619414923
90912002550936908289940837221923430939751835145225899014336704891159556713597
39279731506475505681475191320989985826685903593048155525778337501644434619848
15771937332696981184916547107894856510200639649883609322166927815672965406160
58226415932684242947855320677667509786478449905217652223534123469836669786121
66056919392359756863260837034361875526438296270783848508877583738294502869675
95853087709463110823128646998385383082934224864184192314037342505594401669839
46360599298160951394121960934677252170237828064625797699980167952812049399659
72842065459658083482625623828151902453779812690116612204480745404589723154077
88557331725028521667838378657516253954163420153319022642870212257678788909925
97175356807138263538465014932751933182162306158161696836793156766891081163687
48773439481395736867460804412168827166274908710286991112591266311416477265107
5418351230758886808379982940462597940863921665895093880040474406000956597136
60198610305856975987558911243275420125641190518510890942626106421272486923209
34615145887964825880284196485852365796885258221639068644509026015730731517587
44877499016295442688455661558414844623876378667058481226669019565384906037103
64299402361725605246295268985283659847105040445761489053088623841047350938953
18272728273780131163138509924585218547220348992872430903059229399331354897524
28475180253691967881314262927922807158331601069017800291747963068043027615503
28740823344532457448479713535660459126264576676280596382797494198344251553661
114005803238059391569478583460775673723420066055777639915233570799172060283116
104598991487410990432820568882352189219678279860728567340992660323118071554789
71943660477687096734811491645793496764999595567899086335684343838179093183689
17976369238764541031072472086012112869791324088466955048735639164409602622889
19738253538879569145450267044378958367132242346422247612549734908514670166023
49105338922061782232814097169276194959760559993026365474118391190910653358070
39552292500397707830373334349014150984185328547690624898794529492879184936515
47241079793343400638200970728062559152949490064756024217224343049362372811161
21578763869932019331207185288185378602799970216791871289163495225118953276195
85949176608627301157071568000759090236783396199056266135393580191150909577124
90808849031964121433313631337131786706450030065040578737632416771736611802532
82478855554828432349506890914433764132056363480228604490890560640474291416012
46074293858758824686067471960349761448484843308371602723190667881713970413501
58315722657329085177100750437814448052461720494059052544030834819772088642765
85799255467089776623349488970759408841218342809625062155916768888167619308107
18768745414360441219880732403170182009690254214784628719624313826649195029602
82744109149088055841634747745534329340674927992940893925944579227396103107833
97190928619359442855924981115332283917373927554611789304540842253470491977479
67342495616439939561208438834883083646483888630376646028888221319141721132067
15095488048857490371471826204120330118811999054386784944684518845925928591276
48450192661495527802076848345655831682921970329409096425296702091732200432672
38420954976298029856184003247076749593139873472406500499885052466620802963425
97645387007040034643719715339479492972670692704797093347390474433159755834191
96977110457101272634814044851671426458186838032323664277864755176905728831323
67296233273585962309082762728785867172496185975633427498526731074038957743560
53696920831546074657560559096677679893165904340097913104245188653564442240142
74482720121221647838068834484017028501656228907753655374607876354729762743288
98804866360613725365956566865285194274078521630991290956646019020247631870497
108977211699742370861489716994921175942970650805125943098677602571164289119571
89505271048648642848843074094893211020274979199413343974315712973614779319926
94612054394978192523953973666333627129488153938268693384374198211168140689992
115476616199695274130597639089351243968580268475648357381751479204781802290739
101599212633364447532358271811056875226035816219147111780659883228991425320759
86741832338951824825177640119876872677738564855198965588025747812590163715020
76552421701608988218716834830503257698068694828637864818638699153172627692280
72440890365646556247866091275165353464201846354454872664477255949693245788614
15647489806458657066601218794635762275521455067186764171536272834099923209372
18503082203375530385380892087955847577482630307422301080805620226435765314423
65566406856830592165831780884256152975537093747783379659142675210080312630232
16422920934844350169067616022287120591443357315779301755525598582840490889738
1517618927377252907718003084540516403613822396794794186868063916521837303101
65308632920598957091012067102818778842565648576693340771331060405739357612566
82193181570510680457764142490847472978841984335662731944643865958916456883653
66232129579424863175808335848942772133253772484734332140282035511423247145912
25408195806101554995228259865179442605322278076012439282905657802976036804656
3009440919101073704063891421710738932421378031264096554056880907833335062092
10327731892569707818698537467365147808484887175838100892361648310740520319261
857141017055735922320919324469415014305419814339110349880520641806340367102
12937038766938077950748697167349109719185616770416146780826307425107463449245
41734241840027117276946319435390092960031690176792865791896384725066783252526
31409931511064347957531328265615872620972965735199779317687630931105916613911
51036381962689037883166720295565902428990914246596193913611006561539605381547
52484812265583576125292465804847857227808576370132222990555839819021899156586
83893279714984625868505123629342788585508782526434937938005097629293551580761
11676500223504337494696197623890559915565827061833646365865379936007474113952
80963012691949884039068283206784267215689316420224343287403467214681260987189
28618057944994745496670756188584935068193543048455044286522907719026648634774
100649986777023651766623665182817915619499837365208907263460000400137924975531
91294556046230154812741896188580923386847145652766160105256918523004104345439
57926062053879831771208887280699114840092266008370569639431863309115355411697
98238652542844464969305756200841498833840002372232288314430940398596380242348
37917629554428972997716324292025385685339897644866071545461917312508608459687
32358596376095056098335507139362424967889378843445593240437985922487912883805
43934211216655416993447479208661360399141744704368543729138251740907401194919
32045050300822566321130675695057713804726798488302675427675772298522000435563
74303436282040006068679235126595474096734515801763463995904999417393849041933
55297870706332360202726915453621900471999981412225923247869699223379746726911
14018931571166728079989026679265873440769809070826801219970611986092551096681
24045621282438351439588850582555907198550030526545177579678147282365517711142
27167919480256506255998736179734107737175871170983296416678275566912275053906
18021168442617429928859045906118581090699457922949954820945870179781696205537
40177087751298878501097407083240756277778783017943367107082266932397085875780
87420219454283109079982250378689565081552433571583582711893633500671255942356
4707242873556170135015834095305531212676094257844634417393540010659559990553
99548904160051054408520924898598531314789712399607304363682208537574022476769
33994008671650576605373197585112548869546091628432796421376167247863993332194
37025511846044114661414732794233233006426645977895643645657776436270410381708
91320046205960092439190417685972764385837877396622071699092671699115198519595
32333256006446262156227173666507377247576809044622145189225767251558228878550
21034350149652563421424450951115502310386515374557387795501402247836479996101
73982332094911969901691386512337293928741807627723123901480734885304091574583
51673508509443208816180115069406522084921517571947319051598791969668283745678
30117961139986472626864221738445842797519751660226006383532542368648785761858
84861510917116773243247117618941537962197814899830802058800437745286164087109
14409765893617619249325329704141267475591556060861871667150126133776976828260
10829933906513812324589516011811332287508310865579206349556560458435321053498
71626627038186865572653849708998650017442267908635368777748537136263622913910
103586728511950700752168303231306803012917801494138349372079896174989500997193
82861731508144115064388506008018747635747443476883150379813150175764960014766
17867599550534767225569725178587900389427746251643851111314229578786001397341
21124288636093121519716652834661290875305793254182334513127498754470393995490
7974292027427620145210507751525216155911435606231727634371359075527780900680
82008029735113442960007830513618095969216106158665939706022833024679449824524
11476070775437709832726671249278840543822167803781029843688552592981423782509
101363243432731294114336861589245269395911270688795889036547402931108714584189
90397598275457971813160460958997502573715372074308838671019456322079549379822
109714419546204530744489593403772615665536591212072032793383640448491423740049
17322978738430098797051971719743438533473202776975208238601218140466012288431
90866180112255442313596742325103511730277531258537238034410349479058359534855
113405156328586683469310452193988544844931538388186363630111266529025199712050
45509058250079379977557124117990979690367287862584629412231854462053281699302
109808696034255580364362904334013756100719684399219918396663382412350082694052
101780677177095526108196857126295176694903267569982920414745380363178109304344
87469789931971019561487751219319861643544225490118458617648701973869342268858
108766071587994916193479668452572525091003103147379115633335039460041476654474
52405267992948838459564531749204785257778683502797622528355160383999828030879
1347132633057787558006409625456334211541414805269305776878416917750257373726
82052061762938881673997706312064018214290984779972032675910100681885926340548
60897094805593064850897118885182203354126949489030307032551981911777135822086
59396215546482801922552917623716888681908103229113145993043003950531602043361
56114505995325477630777437168999724458713800012152925695259569963848990469183
89641588510471518807332065318162217459183813509087860692142557087411447303859
24545562188835579522211277351241945456414601562594605344375167374096126200381
32806975377492489797609438197591379044908337228471675705007428937656174820419
2136526611114932100490962531164410968844720410002930045066013038775882704586
3560326889973754959517575474510837967269816354266568965382653295616313763504
84606496068421589733133106750926065482700522158427201008249229204882259085096
4967714156530023387222449797706757118021240696358706740142851147774786902287
20979927246509706340773715641323014741159646150702227831250811001270788120724
2187011396762613690945276347549597421271229873059381695119217080971700736437
1509787434167110843519865726365141091577583402414238263390478517695106871493
112723894066069671794190146892543597664307463497016794083627493687230315841911
61783004060323774272784669153529770602646621912703540697071083013043255236236
