109663162962104394232961677147918662389934166588608850080801500135600007039725
104970936284197971330184214814793018023630899490538228518886592907810545750293
55625493908172579982919256810846399955448374650839171444649962552128445108378
78032965771017808447312487023236260435119102995056094717068900519110929579408
80339140257383023039720396258265347232679725047941957790413573615176467360500
56820717833731751619332079603192309425857407013041718811243035784106784709597
41326487044754202628678543791311298439781146355989147166944645926091181174906
102436773116457120010207087965071412528592597622410347729994366312779024542712
20141519700149658931748581101638775046645348401778985273431867161887745889878
55441998274379687865370484580968585484230802301413888455650388668458031129304
44439088990938835215524091306456882154086242718652287014045595444978912638366
39150628804888042308727143689563850588741875377563791139751232082238858031928
37788706276035050921053145091463417190031016314465479471554703130531244177821
85765053952061869315925441535090304745530915142043401669281861021179432582585
10543795006643190496166521380505401875404195017936824760529773868073749455069
103130909862063714082352896204214198210434714118131601106967074172960567473108
3488524847763174290517943573076265760866538296516698087699938610437339434760
42064270302373696166956621975381666831865364302098176585498779442113076764843
75981098880157094510131557282833088677729299961709851174163188553831079636154
108453581952951430498741856363197655803694851290312120448495564899946220221357
13059726494123266623707233475868616740748111607406148624097277218859807235037
53549432846107306996549659156297720381693959706227427249958339692749962650942
110315421758400263635159098322112113534586490841640760444101602099453866959965
112738522718884937767079752970884258355312733247457886589584512336666611672923
20645106333273236145880495616986600335165834439211821208189237734642480357390
66912287338953110603332427360828717381382042050557484897534959137289891534968
35195244706966197798639057651185216092010530651744438103317130989704089762395
22203764038466088713437131480638386935390125908056941454732660690603359832969
61222026964244862224106871048093986318561777742150440187603248943398447247417
90594780174085960129505148136393480906630142175012302353954745656521082354295
42566757370599150920698806905465890158957013544871204981892388731924803103477
88372621441624030931720444932969144784597214927637237311588450025451444818238
99364454526842723078662278357704630701584835634583216452395865045723769615759
31715197430335206156633215056113537146743602407711159247538859736692537529757
34627001254825007067579843087021971797595570364862503152805919230196883737989
4301530450577231613640651186129326569837857112734752897006486948653647124446
2025909215522281264851134038244039143075616441719497343667771425794989733596
94101800257248602172822622030535131223187187803428882073994454710282403955001
30094181294126766368080186685833988264071491089571464395515864951826523477954
3295703198011784850182152281209641402515063016094782376778508483808037207492
113751401183272443538608838728053837323071475569339275920170889524002049354648
87995740943495341068751432596717760680954446080639974186304849127545211922986
73190752654862159638876521156466752597790214952583145044138241401005243163588
45391890672983945769759638716915030790553614833024631463202749281268538544089
24742923001507233516264355147132106792496372832938615338056208318357740818469
27268400557058030784189567181358325391627710642219598758374592885880872190052
28720899175040728614100367230563426450256995501382183856789387452961455033754
2329354966350888045006685433399142496328989543117033893183559317138471466049
14072265629353492736837433808325190226854760252683201591892284784939963292370
48426079714935728757646752523299139720849960620942524895888954282925029284374
50984465454940154297179840756132268972894442891963652595910666844040061427111
26632136042113355692585907378396525450262775692395449969599169097035641812290
102263839135627631723284974418860326135576202735501366938065980208089894145849
87427065169500250044172611122725544189964338537029447494376874395162002033610
93088302817071996237425773256718757090408529711091780295080191364151741399641
60097935480305021147036025991814495645075707588983597236675035198289447980433
39507760686899720429761632123372251813132443000257887823276302980075410501006
108360813212902754850190411041619039297876631065376193380259981071574309656149
30215669159343128254081580262881301593861029146991989912850492401093984339883
80920894493912287619538079150282852469058058952384512750899766121095039516915
93233318892257708718690202926675542572511144718063624171512416163349181324273
1374218266040420968555243448946975410556676816592711825835579428463540099685
47774207550749539435589997175277280472253858155887159981782032149024173447009
35920547888252114380044137728741608230092015724270145088128893399020076684364
36410508762531394705386949710074470667026299258824093769351535589429851064106
30578415992813532046924298337498098101077845454419941149651811328964910506837
101587227212778249875011051868889575316973932340026019938658713153333676764086
12850992500737131226068456519645356370885080048708235137160578425093031815889
33619095673376696100242849213789612043140035964340360974469549076774078654321
12287821820343578976881324312274305730897705301897836132910847357522201010204
24950277619087811065570922200656890104695546594633491299253158326095614708432
26599159031809662223201505006310601217033733737110060644261270421304630130014
67933898066543328547862294697869212536805775633104461331050083757641311295614
37870072091648617897266501514277518846237759131157604156182500340945805523266
43764828702270010306482992424577471700614771593067387661551025307237341216590
19932818675517433536971186430216398193097374340900674608386992593228797456820
34210504600762692896400987583313886083281196688060961404525332067176089171772
42448804701899867001925615497738764946601511042517617334584063232121284032185
24166149571411480113408182450567333647337097491561059539668286958946965000094
24275505844510071593920876566299123783385237025688272212216992543001342231971
100712314848255911201620972340240255568959904004084823751879983381430230326308
75796572853741238149884507623006195221073968836730642511894069263400869198801
85417434076989159637608310307715504812965693053676973335306855854719897034752
39604305520100331740045253548074090942253873315349897854928247999185708645762
24845973557476860468254335164230657264099613016290004858933020265870639770077
26585464631986326956259876522630548023002770034126934876559915206033775761202
324718447682024858727815010319145230396716044145653452802160460868203364307
15623812786690351456539343168774944990676463951302071127714217956887996453236
82910927341161239333778251832467098728866889662573241752469657729484345639505
31340436795067792936859096500878106070662903520174701071587561876810523776648
62229488022657905877368102008599649228056082765030895150868585006022085669454
113291976678420437542261062428480943572935426450036714547945161102370654744811
49765094140292976139040314990716403458902326345269193573288235764257027154246
15113291234642792383151658347228646623476768036005382829196072748278760800093
110619472076750193764960709738850397921520638897516351486810010119548999395156
90965615707970623837441755272426927634923514380546615407855517551667266713557
79660424788790227783534033299510311127127635224455865403450112411649188634708
108956611787758145377138714406355539509278186543438681366180338227223783631271
1546461839956239507848285786801423708952899386561706854138335043117672976507
107766947101246680971908602756677273999921662156917630440289024385047204808229
10142788634654156919661955925654951493333467913496884316883384180502048870621
66007784806179198703853292128477365474031941861191359323169569633025200944881
6421184955557209223876268392628374573905272654673676696200207720906921412625
87052477001849954436399176736000863112306712964846799764810882537771654312855
46245850827952735892497038574208738898904045622896800742187712464325464466829
90270765918955432299744468254113294854257185330836990032994597473108689905390
61078478009316997661637473441368272118732389929060391284626291723162256587697
21640416426992821265861754249499361487771400324846688472242794044717105880499
64527172874937813729704780669429502250736935664022917633856845927935703084470
107621265750520018181755717363918639279467389200460140621752872514424463264371
45588290717938567032055726626337860263694332819859452322611426997296820671515
