42568454589736452471081463742673073710444680076189218151382110710008827515531
113254336920772252759375000293898608002853837135471453870784838045782346620055
94184152005593086118210356587450390522515933719552580056972111260675250017470
65084186272649720490495310670584241933015686360980516309351882163240953438527
4950369363333228197485427019289646799117050637632586173883354315186948272782
24112204922947596479503950285620198737299632391796792523339662373132866243660
32970552648860571686536168267242066371380542609996760869671411464730007319533
30613722561177569833239216853888434559029873878679232610456154085810381596313
53236211537456464141521880941195790989900530208056669000692181916395424644036
57453666844696893907603315173416960275720797648380217542049645959237177404549
85900470666620597385609728319281736126647140289751698559245585250974006252726
75823058339335132637159302319098834870631385358627930535352800629912091965297
36117555060520168805086188064973066107600648613240973517332004970164995252072
111757542779538153081228128034486414191843477794326959367827282791758808070585
28768675980703987058885325639683681861737502356538091458705569904993342909917
29024329442792750297458067376746896943619174371980352474798393759250858710996
51106893869650060307989148652504115412688852804465793260728655308057534073561
86689259870518568107002932690625248329013392635378333332283288616474349759519
37942802279066423865096576363777407119461472381732933823907964929304597474117
23440843656685071685467018052328155710749510323723165515374758380011102764542
15640400442182759096057753928592405231094688959404457890783333550069341301934
104160908748510827143140437680068476126028836897196142205655632579698691693129
78482212097287699926005290569043551643173965913601733796307656203599462913321
55622523257226681682206915390253720465109405386035795011239658978090419570650
29551647217349899867315682293815557082349635532558465183146785775705971863975
21277112831316953728231840656231191567321966505922194186979646383353221076738
90245671635333788465751680992367315336778081589953399792439271564496428053795
2729536140319499226679987793840506303842825241210186576994586275601824550345
69833285487867626854318594768395140835161752302757938827097066615887289195002
83515775400374909146852917690715508348009683801998612981858580325442399563378
25535857933443146151842116921474948544138109713249466064509446258617575426835
107388821321905124277389168535124598833148998983264880000915403150155150948411
67710162740913145107898862270380559936666790759093021588263145179170692848523
562998728626679256044255605613740938143369105228398604011939817176741768748
78908164865922961677271555237645695577549975186466878841063461036633348673384
86783357450888874547181105501373250606606261356528223159738697671121587470391
37653371949669286307727716379889703019119311227951942592900406669995494858016
36481048876772804371708408555568614516991756858841479851819302225343613927508
78651549159873115114577375549289255890360755675019370879713979388710697668679
18145101263945715502180652393676785605611282329878950607543121667449167468372
63318063615508086847060518254516700877139354470466243196947640532036156645653
58051503247493332153041125903120960716849278974484071770943102085039689812794
20862681269043009659712538530789480000894937417023240590643484656455513232832
12930008534065820250257327519576318971509965104705392287628980190045232587056
111191779967814103040130798273468738914604509280567623233573672262307335885219
67904499126709140251687655439159042407307514369647127628682236254166209443085
102065193965222842350457598988867143562593843186530187608279680701545530293944
23501394105235626573945922082836007099614914470269075342558300231035440952803
16608712488199471738991511414482299621838966752768124292533996947987983834148
55779663345588427344669908999933549890533071023084661955390164344525414944223
13316639284496107030322377358557609924875152699343945133776863738236213566803
10785222235729370783491649610633061468045532027835638592954741627886138108818
59201208511614688646642636088494260313069634356962480848012309619486871136855
8023557637970230090338092391255546888621784092665483134295500618137874974673
32769923380861406778306256951764711713654644451248111686188769979945274000884
73185581639816512417772590896860151254287495510801741566618135462430468709731
57070818612415140948657844786060439819970809729447282240905368526292429161126
90949826100166196036102491354411275735191134048220247208156863210187642858822
89199785466745273590388278117302193972552973772414216019295989601495870710995
10835883843489974149243232440267643149569929679331881381587983927488015780143
12555446524508030384818196225364449494059885273021846584103749537078235747124
66840381138462861181842917265078971697629178479821741405658877343206260162465
16413989324004127279993553560189597482770202090099477525948309711222154088492
38419901973832028403394721175235661906182741152359522731960978678048541463536
1429019122003570316283868757197663045564400108653188284019718060567170486888
16677545191020944753635612632005698001399494966408466021901324530083606398761
102173783766761255046217835094823111965143617612153962783311361550025833077239
54613686885853527168430765589566831239111759446821968944214724737802901455721
9372164306410223558182795091914309876490723142307618986799218198522319898362
29025976388311907319483396343895266508836615093053124711412325384156360778111
46179234920141928346930916161407648822952213478349607224681110598169516902262
70205680773617773334099653041319730756597250775656061052880683464853215342311
57291757410970112564498364589022241155502179663332281665887304036250606023162
73759516904052038055606502063360859791834429527915330052949443739529113094953
26878814447756101696467154126088302424837662402000516094068290464969866064262
84913871401122053520967692882578222004142182213026427210093874289074806898370
9518994395553767203194174694993894898957710517361773495470179438216546907105
15217609334518125728959183902191033455104026950090795427447112942077185912647
80801989315831660896001346071161532325668225133822775348351271890449062210434
80918524677257667231497732262355771500160987505341578696067980729792299915354
4150992691176899984780805433723741821735272857805383217133026811339864062058
14213729315419102643004072277594354683217764183964355907787320713906489700730
84648932565234914396309419306064839686188648118300876397414200218870320617827
4467590011554886348928253680111856329283518414683493935479056561351333514570
79859251653519747888212503226978883733378049184387757409102954853785515968868
11582457899276705963420330846064498215398657762608444390553839520380554114791
25358523320711689882030389473856947234258466683044511715167765992991735518103
86161286279502481311362164460266928714177258820522227347970795351661096517019
103775316907041639641591517319365555846182046695489578438653699944838269656245
79983054930432632951546120370907154393469236734713167857702187927701800680274
87150060019219790004856393886055707909223562916459466776856387668342747759248
38581760329139655486999174134165016987660267714996406195049526593364811158775
85258336091625862689957790613235122549395782815226893664190356116395879292111
106939420508305186078969899429509787267278568380985495903825327212341430611749
64864018859350054047683774085221836161232470590720742859117015257067980087913
77453396740506231511904844172609877181687922226505036983082805363225604177621
18265012482915181063672328290686517565972238198380851825351133759950913769700
111247817766634087084129513307185001416389446434213126883853565735794255697632
100446702802233853162056800456512475505433951231821544192581549632443565982008
81296238086185772057774208993330939226138401064589391486056499435389416405056
46842449367790752155627482857677714206823538736407519946278080105598520984877
25071980043743901406398905648022597167936606450706047990634736476592611345797
11837667020456882561025008410969508979308590060023415639568952865636077315104
97658969283534152900326451709431669115895434140504281734252591933352198038671
83204111139496510060682765292135059873360791993477878480088835933778521472900
97122650147703361884337405192153776308008269021971613499203982403336484704879
17030623626087274760567363346951974489373358008020496008920873060684188518219
