24915256226295795363186007561408353966935939215279554722287693988724872729481
49710362130650327216455969610920873972316238927754204747054176972976824854977
32069919082481668457028374374547403694612610338927161469638033927761494326040
84297617307676503556390855292418468872468902932959143934824667682026996058755
2228456852584746967147726983376654804722149946161234191033057978119680576010
112506103658592294135584427479751110828615758189702271769780785000098903214252
72499036025509025674754414857592188717006748572280555540297126718976086957363
27211562041443009134766778396024756318199587091708635381281519946014391715161
85113802168415574355298582892847222915907946505067238228250048282239103728277
115608254116666767781543671508042005399611209046149387580228099298161369868926
84740896219594398153060531788345270441394412177502870238763654399463436268303
66264035360230812846964328150631878937498548714490394369897655497895312508371
17056255227354063380211378719417242984354162000226413876117836968617614383433
54970820508597589356369309191455880835157927698059787602593471083396814513676
67668218184315754038688694536215043848008072768168867314734267747376091455283
53731627569422202743992456729898956474542854558831128819750170738598499651576
98024507662270707524942239943081174861666891717711906436801196891581760749804
41321414844761560717810724479634947809429482877478666270257431323171501173997
7767343232123093860926713092674857854774737461762176874527824379573450280871
114412407745416641512640143602707957981313582970825944289095115304396685386615
214045512014388914413931262748526480097247296107576769950988182623174799952
9697125342654351635309845466202755997337231339021152788632604823203712937844
106348365861829651379980665923776753104876401578953453074839494182776193501286
99405391181045881036730811876539072366640427362257625759766278459028145861800
41527003280444776365939352559578709029543192502325661113968678664871035621038
1765854531589009247544795057063942174216711477904962993639895870497427450324
76873053629916787972791082272047736895049438609340901318001371459618128043072
103923636024581446231206234873705898650501905052280205407690279454182817151602
37441898619680551182644593796018101259801378233335623985421790466160440579005
97681711904412686919114085705242722242847564966621193675283612437717814116269
114003548405742543802408360998660196374767614986288999972488962131894969822076
45169907314374394220520184929742679563929595961175746162212506503324150066581
62266107114517019630670833815957616021370092789894146352014688159563222165279
64582988906848261667915454559597512044066179549886835480637095640999853036700
62341021039484183279761887404460185319719231079846082199699981376702580684511
94291461657242713329921395412973890960988068063741236946916406232520283757895
80078641584025721608884238557957477857846780325946517945880068349242371259193
59426434221998756051853126830016213630084233743998515208339287065579780715370
101991086943373313428076440024240148208208435670527160023999228553887726040995
20023958249571480192564640867181202479998655007651474331788236645191377010936
9306492496468392202471895738804798241384311503945136427601991352734093120546
22770430290152496908150253089615084581967502606605023198179761360454266611949
76827789217203851704199195084789976457612564042154121411274635851753851583788
91478462140525221819234908946966079548493078319530315826779994204370814427113
68124846406251418023482066599396337460649449442317113534174820554443508351094
86263643510546954357252377029923021101229666838877739806302934273235463231371
67110105537389599654778929641096498827913117573256464942208185731282588104773
70403804451425963544769329002804836439454047342375084764941482720756813670508
113176454863342666003760597573816118201198687870273823096959835241376559573287
10792767329395804907142806645347435482785643580060524879361704269794543967838
20230955948741688272883712502100719445551070088936892906104270809123674699881
58665073412047381975413345301105351083269394796646713036818492637713148156505
53518210714084825818274908684466314587896964907315332386331403790793074511497
11279803136206897301517413980747769815151037402517481062074318938464074338179
