11045581859617328335185750931583073431000134744011343587043613418660581777935
80817413823884140703561050586118532968213839135000931204854204964944408872378
87955208766635276287632570303190841747335230375977835679774340958502448725416
71201170839520233262526619592611650999512759257693418714112413346419777264200
15606083898549406313600154338682402158216766000038672970713474746435637023706
83673587291222412153585041219540853198697519018478904746917255401367387683595
7171942064771580333611782450310433001492446748455419758708976162930956589822
12813562038592185245408237712624642750908201534492824399778798132169004207620
58082829224913584116610900470538308412820256382678779103747332909369992101176
34240448430074748885973890106124154535791064953943228841815641458753532320611
106200849063686019062980455963886545672300719168881261429221608446710342041128
19328998251681650651313523194170338218010744458962179606983349720846851541762
89344429285356880624427404002707919934350562324473409837664701856484900621424
109173995538898241799313292810086763121690087743644976959174037948116897600388
110761336884950336418806227422066303949390910736128847696935323256656291139585
67217340881780623279463097531276406469652592278405325413695589846977748527982
72103288183692585552474718817081368483397825771343345925265233584945058694839
79457734315598642806374731360566737561281236208836126133365355464781540359828
5196594532520120554661529478117751383020436973579849628410309049563939004783
15963996457289957171256120900816757228533738227416418282468023841769367914878
1863388025321746554989796262976547241153524319953648816098950699269004927866
13928317406186729252226302522807275436232631181508757443666267350221584521003
99874104120880458414150561201227662515514023377227635556974306431933150150675
37376330349874687394759700651679494869843694785093215829515556726764485094051
46107405273596376368276355659920986023808462823285917901101589408233018107318
53895393581548269359154375178477252943735178464065332549417529721109527395848
62832940300902299259470093222121345172275536185448519534340150480292391192963
16277967144021086456259839259348218951705126828883317620401170478065283797585
105625622354729452519175722780064342621681591412410650873150705429399092387274
80880193034317967599173298304261656805481812743327982184069863532406007759945
107050484537434989772583789945841560346542984625531378588926361503239070287755
26689265512249700679508937136631401248539567453001619777095596107401371612162
102916270275259416876222130353230767349077366869514294313598114018648854070854
76842682248919454093693069488132269442600074160420202112198331273848565392447
74938036707153409517981197371593455602748039952105064585357367177390534845352
46978042372932929957402703703626635236967529186422224005447744095841828372928
68905728079943868370648633709283211589215845591771629984819090155041009751521
64288971898053411379736032531173936837224415588215881262726022653014794657269
48147957541582780263203516657538903921290367184937342754309336005717001491822
43472918531518017376549956894417103573687744989426700213045439503244680984201
95806043752375795313113795458040744985432540934022549388020566149083946269850
15933378558542121984649880127060437900557403808436543079452253628237191195397
18142046498139057190153449378209877830796489800375597103112011913752376681665
95597232623123491938936418145861512117184262858250028514149301506538675544612
53772346781641352751383677983599323241529899343284199312201207476296855017591
79131525886566071865708451133392560782399564726666650067147197667886234051179
47996546720380473691783129609823923117786418338705589443204266825707947722208
55771605465525237383827242689715464168912250609004217164879287474516052345026
54070861805795453095203780287371785352788875933328952325579093832862211823067
65498397803921372798455585674187578157428520129712765705233539359103432651557
112831044433562281126772088835263505134755840257277764042071735119678263522747
29236024509707492160718021063578813682323409403595619440531365661539740161543
83314990446678356147008676553111514783734298736434216520975808286928295499168
36010542673617190167086014676239051174662223713360526329303815248983911508540
4304415367634282624746105533088036383530025479640073905752550328197752092961
40961237587739329189755048466147225649548780752950428266342063280466389732231
103978589547716757932400003514717922814806737860218045570866210155458207134881
88662753578822804665200619304250653703827371099473049514366474984728394853391
93189456297701210155073847328574271888989298268720723023519623309516277817724
111442617213770613597949898352370392503234866665348400667959652401821304900565
34740546363389818833493744532469818798239357775035680600746103030336972645940
11296410270925422247661103879113299861524278588014643971138125427059678940546
24883672121057005371493886018526889592314427611562660503913739555513315544232
99387379506793158262511951940171035245771359515545791710751665735599404961791
47723183828177147429878688419867025875549098178729735231989319985701050507780
68563798368013984711531289636013995778469799065791749761539956376000408480500
78779287744434528904606507613604078934699144323947140438875495430247700345044
30526622893091819886767254338684528486108194432031174879728025229353825951465
58915832528314634636939695011728869466804029077989539349421569578745289580043
78648343479722000322486401242998318993797225620515136767418259161463650131853
32595547346467613743158257668280436908150740023714456334545454835665414560323
54473065752970292670857274292290692232299207776324723237645699318496981175169
100825162822059213774410933095473356578843455465420864031863509975192949183557
25899432638811348758687870521821481763782180434735044891532007000082261283976
96232268361108064561546305535312907402546371867725770947857976164450471791872
2156835556272814223309876466909545934810993963922501452908046081158898607517
48810524894981646282444630632281177959589195935849669983801068896535360909728
31790715816244927515456650757348218956960334395798781855037644913908563977897
48161408928485525189406139465666076340663215433916480205516618680063009671632
101988508847387112716293620996097126459651040200437641783086719473102828074775
12249621092150867778080138071215521625075893434746269739434155334467909696753
52453116836687168542643871108069485376140836112618017476969171458909262026180
16718074755351016770369134838260591460312561426544282130866499580524224208340
75777950156188119666631157779117343112567996386461139361552690805901441022298
106105402963393344688470429250845821846285615399294313208423387444690283277934
113181742532987526124455601866071390996344804508545964381819615167204178133831
90182476522668662821570384508076170253442454759953597422626773036729026280124
73001707380134439894231180791487860836818639604717166979412440170903527323306
34431871952945180249995028371106609783590869522727348581617820262866857738220
80151306882995728377264392049393162959349107902436894154786446644320513931651
39765346096885940367507216251544788128451819158671862957658892064394028301335
72302353727350812296657694789815214157772972310151832381565318045372368720625
60362246779538543868393289713932873440945611340116370812116404937128149025299
73556939946371524203354544489266518182451674760371028016554970438514885242569
48124500213487892938785289294636775760081074572192225488283723230072857406509
59027583686957387151600335813518129213221929509134201958339347287062441013894
86577963520009300168162933826575564780819046577332278047364678094974380196289
15118398529627382892367989440591836454820805725642035188166733350652128450320
105848618401111169126423807588917477650605020564190774688774713829496195791469
8378768939368119459424813160978156762485587806238960507860844467090219104202
6381249270655371191949895945418712093265422798592068894699025045855080293191
36836843373438203283412821080934535970333331101946837647078399082876601692984
78767946857025239564191593186807159120202882078556875239530005403540598119959
107754436903768547619246100765451733475924573432821664512586907958957617685073
112049610848157235849633678165134024814479651011917643538423856429728626178198
64484147062756895875721684096836716743266211852516769322944006250631921413345
7770814765183048926642187082698730542586011690075422290875463894414246298888
74460055976022347407862661244654689300934253128864732818401616395401669744732
54661145032712256247415963663243468523639698663160260224024853501678667575912
99205637606848600374862292691257154498027027328066486643063679284790748256549
24167540986122676904966003226819747332903998855370998268667049605154935143374
33169828232155064835547959716158931695850406078907375580308517732813005283305
61057706883347889508079603562244490084260281915136237174934965567064640831348
86892693741629318643248128732447383549326286932089475900619747702498367479313
75297006891220143806815531075809165191015126639537852121439180390825917187813
100833870484397906476547267440976453847150345667266643972979672540196702562968
5720390931562512949410917734118875976336768295148324974413355343995418968596
55013402794135798916748202142805100647184488743584962356855433358172621842802
73990995717191376112011436473412691837065181698968890576378969623240069944003
37204548153653791065494818248289900273460156186614505460010847680232173948104
72989826972301968855696164104141792576539188493047353364051416512784793164430
94408813599716687087061368195773595554413489497624501335521379365948934296338
70905442943086067705798984083531253830472815348181962396829064054101329331568
10048606417500555436518408022723562827015412512615449632056423172973069835520
61587012130500957307247226746239961359362060811412930519695885946655365918245
114370853122590864311647143341009815285626971690523552959013499385705802018661
3949394024905589850165406926108235269171816189934408518608273234524225352247
101908039118464765631751957215231733449011782208423550064440934027717988534663
68724260540259188837755056039529642547204697491976396380722323138775531458916
88438014647627781933458637204451952494585381493850229629639221937587838502491
16431609885932242044574741154164020434932452352107281710350617085249210420471
16944323245934889603743303667294785017572641299271525669521098948113430737088
33270432018048332313539929040135700617273902009057705602844007780262076959134
78167998733982918970592766949461324969216374416716971188360197353971389394843
29381684576249956965940769399557762088770811200518655205924953068397241012842
25657439690194599431275772453308501499664458481956139032596278834393383925188
96190891142989568235086010918377430542268315042784639546876748530494808225389
111361546080496614239585182607758989052454731720103301780211431842866382190575
4927554203958811129342210449388162125287442696047928174447776586644032247440
290526351105695837630502720774743223703688425516534651130412026861924479484
43540915862299755049822888820387394946372657530313709621697907233441038750971
46519782223325229274699220829302620860170733703016268625074548519251809642261
77778812450376740202482570831165141011090667308045473189567787202056340656710
114034698357316178966772662004057903925172619687350231272575131225921492438616
1849735315203228122713781047480438014622796853772250487637618444039894382640
114700016511379041779698388593642238469289132844236968243364136782538832984072
26571829981256005084751801881806468553360157201217232778848795017625168561824
23048406447644770541074225691602972982057915549657642082874627936718015273479
108126660318696246096348649967677803806139971421605219450758799868318420679987
98671856995707360480507814979435714027864222506571200929355324672600549358693
