24666888309530659946466374347568859002403641963491375702890466885355150670985
10667340805361416783605356010683697919467770364886004443639220403930596358294
115215586400997291111846118888905585297590511946979211967426601756847566979810
61621517712029561943812937786049613657939689752025448345272991872588052048779
71200239275699431022098447774932666050000892898455168999994552762649842652877
30008179507617195591664245151104363421435216459405318360869554780428171394587
79821131269235634790985702519315217026238654779944946456443653847561001628895
89912268808598818248243423400127423954790226738851460450866805586002464334268
55633068377314097995122112028315970847306342086855980172327536224199903835479
27089416245276755709307190883180999395057165639194124419100579959508155764439
27432029062779039192050789924015920754102243065842617477388728522007542611970
92722504889569196160512815841488672831558238057676096920551656850491754951215
100751752835875542824579035161162517780240292951103635422678368427466894475523
49597585991008517181895245547613128953856137778657128358138894969947789976073
90092977211334925943082867974934288705467905498298127549577241061633451403665
20146364858466441337114576511753412395872088832921689517310995556612204485853
6240866725681817624816663957704669106206178711430391631207563465166617608023
96345561540678969126263595567434918185657869534577598074720230039027241809131
66118663232557322407304634155801083597946128747109553833361127096693265900665
12123001086941233154849793920503247210364184291755353658551501631156405975702
64842977355815648728622778732690508088148680862251071355170689362870547073194
59938524403641189042988059185376883485877381475714416728973606736407070848580
26522453348169094502879775301481048873307557673863874865290505302149958903022
100124211629340574382697432058016116993651741747005947420928939052752115849938
71938587279437404983654998752064260554234664437956122291449718801490894896141
37320107160117419727734464656987560990288650065120642527595473673190965825454
44309301872403086848388087311667932795542811391181276771388196070071812950593
9114068250546379460631411675056904272066714843210910740097814633776853120622
62385993724415207044291981452794613680293961003480509419037251393012931089577
99183684896328534765381434261864987972319566851831510452795013321799846686646
102150680385717771403475447465703389654268518962429517017010377606514894254606
104380467664857129200276357664187066982923940450380512973635056051978213521108
94967196980770955373644256971280408963584103929820624417442271881879726459567
15999203794742241794083995151314466488621261435202571892830854755228463285243
89737247722294134570000088864957222615911338001300231229541089089159235082951
40672773288587272816519809092000834498713413228918559803563489224903954819145
30305867880869468505495014450322895591523878910103961493593215518661342036394
45398324062678464840321821754086182760838610070174783289302932336617440583980
48401924799814031627029010769120637132359436662905493829379508592165123889843
36474526907141599477535077668980200139008364024297107630803020665645320542511
31521071941570192177064839206909873081936128539289496455483746294797498745713
91501932358834131039914044230488892819913881221365348192280813776915508667457
100674956487983335303126003878195898658662099735339206097625247591126915747622
111246288169863399564186898353760254740552063214770523337444753889980794549324
114215538487055316638941914326024645725790236808420766313447774514011051702636
9278652942788899179915482223863041224530817136792425785537160207438241560715
22182008379152684481204039184560456311650615922002327757511338955661065073662
80367165610924191816885805841007601705456386419918710666856279046916894794603
28850429636016482982956403441991842285036493706434046926487538866544297944439
40415915624738122763776909798962495363123707556162369144803578758908619465063
39615770950252042192977127275944857693974988366926816983090621360460967285088
80996615708688141399093184654815159218337111278555880530950719462326370141849
9195292454627908376317600919271263485241722387450472968353334126200769115051
82682575284240423732708080061929091499821709161197309755956705396664635701580
85348681674827052330594858872915573290066008073035990568504881596677696930673
41491586152270073571082608568537679700674505129467288459948637376187053241960
17794110207146432262211953130447860533752388818057603911139244936107327686515
101817014933398372317850967162861792018730278005278310101170300802844241714641
19076865369463657115291233956237664948020198875886037973930089327446704241409
106172973837203853874710498558365970365739552001640317932961906328451261053995
7558734146377414699804544725789095362185309242108415803344392765911727003719
15855522455208312489570835504955754607693063908374179180194152324034339568779
59267735856168028029717342504039881995171416299498802700140675824837402908724
58373126720108220454209716432252366538767008955032882800087148865352532107851
60579742509882422594656021651323040130818655726904684484606004026052268247417
47009602555643945923083122519526009376004133147118273920640530572512614962474
27266610485301138432104787400313216755573932922072587752012993432037912939588
108161743745161291997694817859847407482211433914056171554762307387145687801673
112178349240988184863893099311480757188165917071925617989350240867509663918412
53194037444675229514211623803512491715387652680813213496544578622846744290718
103209724820396578807298631999845883978940044033229335501902621478866525893618
59929135584816911106280621824909132501487607903804356064158539050175649579283
68957009812364667992118300460185535823323627320058158194635321102288388193739
18403609404016413783000497947222840774955201682476432936309571881091699380866
71601818918333815218533662359959001146112979371390036163346203356206725362351
58997099754964780899564057418331484251655059863095288340077754477650693760772
89218342992204176112590978825878916129002628712554015940384889898576441714895
24106628026979434478897236061617078726281129225706117080161101164178350054708
35536602960073726452324801720410596971373458233356333540779735399271000123664
108600938313843531949027573673647194918076029089931437927680599935476598426026
90459600639564968700683680615913292968936435982226936931519868853323057832846
34729529200216481058162761246690631652913787564552767574483873085003582388674
4536409485190092631682097803259479558813035241909958889180926600724701279917
46092631840767358865334987133887174967145490146881480795976559155169098356546
41175883565685398215282316179138895725489133065811587695551731181264298705431
14156402620205852884262147911972053728537072557836904110020337509938309676092
29503307133264730066970852653184916714090002672390225168511022296657939947548
52307857253865269158798825208942093135245295873273899372255727129789250389106
109782223990775476272365440504655077035690653106193113725551718833283860434914
100715929256003619819043050207075246926380842830900029259733287134556875154349
56070133936905989849412165773155974076509818010254181049598658969981278862541
62347798641807305200101883948791727325671688285198879173829086338503176870591
72882165132486182224038068980206101337446887000331853312945999530839211956614
92638791426410398390516449495232454964086452038015858940943196856444104020256
6550162347421215320756843593537576775215059633699377646543781768315567969927
42382019670101285294075398844694489319330882600717738774360905647015425247313
68238295598816688874545894082924847974731902447743770489815362624677204716315
74320407337716017383725719569072268492760860959817883064997863343551626699397
98533573589365396529369636532766394758758977209718869343181339800588993636070
89870842384647525433511275931983913068869788456284825841250911752997983474928
81095037297412994083527301073417753700092988313082413633200683951434769147694
16090970424064357117820554351164835536283732569135492938087357929237949472657
61795923596891625763179322969536782576557913571345377341440409775035286845986
32306072896826026918263283188648231682991830819526718913581276500761612596982
71982949176768781058344981762658987462992274675347781021771682182961750094159
89048507962026482201879695044835118504508519207819165960271673044141430870752
9332421420618880234895590775596320478473183399687465961307495190625244936407
49046631692629833934917907949464193189883528864773416828855931559179029711134
90446893083494705883845348010110862312086268922346981992894077038189814673271
99649634109028273674610566695693919581158354889109724232900359463828775444383
71312861892818647870511840329675293556462652354601315944471328412606251343932
37170455166723003944695032628911943888828822421242467260940010980589000191446
22377262038658743561972001514623175597433256233803839646799825225564000280471
88243447910503890537947696932890083208526553344215568176534321779130886269526
1707911261008789668177147022567428049805645255965557130187038608880602017474
67115592911079444790763620917410440412904570640386590657522467870135492288631
113223271943536318581240548320161251278623539098643667645672914945080361331775
101002553868368776282729610896462704071079254952468174377354550746972536841420
31356710529390028085228125402651857608025438687264404531954440438204784433667
72297287313182696056730243618228762770700153605827943169078121418318423943185
6363962646097144056331526974474605944307592483822771246600972662537426834821
69045264328192130903647110083889089602289451573845364600656790327885993599866
96312700570083233357713469688809773336362116999414617083226775002138956386817
66482865727245741586814925876675568077715872093746039457654457546911038756104
41035612511229738356068297187725739636114829849753660524116711405269727985268
18895309789439127545120698107320852844482629012745762375619083259965520487960
104110212090769960859392807798045043435834468385018059438367266345682077248639
98101418821498212480104542286137143752324188348188132166273688343600460406843
40412064041110108206141185563632954781696038999285366491118919690004484255956
34582067562684755860014750521898351673498471712845707560370593797122373062257
70757215724089603998887333261885004703100046692523657420134993567374087432273
99760697744142986584710133200862759999372887617389338248587522919821126795527
62305686747228950816656615105042904929248273292113141014749775145091830261433
79816023641458564278199883163135597672381691176831627848624252054460571491578
107644738230433820962024715847194220337747008289914033931194012546748708705814
