96486069928377389720815182188387441647456028081839448266946915433102526912520
90182255018280921929718299571015971052366121331211948873571959086432213350500
97461364956342812640359634576947155780422995511302803244634956403592239954221
98850080248591726041375348560747534290232085938061197721437942990287324491788
83344184112122378642802693326140863819743512076547584753456253209493816436591
18471180582677680693220165583933761469200789900800781279430082096770119614865
80445016134763006776558490549619843372938719857024009975269374004090054091683
42215365707028776132930099561031516902892412757433127851400015307025266180924
50357761372978198484182640540616693203257711682287623079063443776159896937438
72185878319360221527792500439288268205817230844626548493076453905045281652684
85675418980940359401290329723790132635089575886084081540061799127377671990426
26234819768554340547236653838959854170255762554517204170153424935284451827219
44571639866896827770588143450902201281840381461963025559203895842143725263990
41181268358820840104893955331069890447889704896469589436069045749738036802133
102925217318103280373059465648195558159730120537548324234981859522846117762430
64639634425446558820232516829751048964150403521776974340552341531163577827153
30139502733130424834920928928456852022758801249119874212555735911682050149050
54657719791959753031934702217390659458160538365842012268415862264928759675123
96374219735165911689157923324801885994272076495951175022509797732654359545732
58487403804013782550098945073221508070426749284136976071088061236443947388286
103919414907186230972973082132705556812705769405031765543555376328651285139160
83074119844919614300000007999246297711558104293690961758225882200946050722856
17238611286044533017002458386185491507054728481605356848880106140337456726167
107476575765730835737880880370522764898864961310230766156527076291730397490246
47000738704721919230031881761837571185870236961087162777894186828625514906408
106701772277845543484487780018346127029112016226663000873054595968305270975144
53661900488479517154358280054735969717305102130671793909583636340345011148062
18168426597837686524474635637997588440751995072423561656159658261075871882006
3646424622470811569471974371529247177623529899347368675183928964357135509190
84469347558731888845603595668789987807888158958499470497119065073825619671786
64494558476850053210358544091138555413349245728349946426525221162057776400485
102786662344144307314756727347661755199696714943456222443972242769922054478832
59423142723228079514958365674059918281471964516675650168909130101821358806622
5682384662101123151924514769454107380958287255675016959707786433712742631541
43589308243319499430377150939047009345419301917859628781415193478491324447649
80923539362544195782553243246902556549243711398243229225586003027411576731199
38514874008021619810558805332211002058522808190227721039848935402780206990192
68473722742653670242391313982942880263680424437087763247279792452823375829514
18667690109735454372817133226945426379287410921868087549081853917546710574794
87982176352015321213221121820367837326678662568715499307896158772370626196485
2067243425225439909567501755493803222099136386385390899176245067585758919585
90903437076720589362645936262842068387328811185393991741041597906211031356828
29243398382005302780056964269878924077098401004163772107089200912324773758689
113564100864830144767469374603771903069148677771505249523846452142539621154899
101834236628944442379493488592150012383672432456962438248714272422267372166359
113524332541339038479745025429880794892881685975040442644793644546848509361100
8009853521545859714367676987204760209810245338862571143866169186087918708906
20482841435964564048290649028140646437999288815163955654794239926856649545073
22135382061801014990491904544468145131313154151709819496589194514013370834979
21664855614546093926494633395604286304378684272390204668111076764668590853796
72447101582392442809454445785106583974470269624919358156317829311693504465670
367219491032086432759830531784982643659898029799924128824655535029597587655
97220429105115785366016849875808302583069283476409465370939120875662314225212
64574254051674954417313884868305655142164469171765985850345516863423475103771
21929133047641092344640223930896964292797211911804299059545075472172945455982
62644811169238795824468841438577225224656781941810022242775662361317902301946
103039305220809159085281549509073540550490081811867980401561112159559655848147
86039860072872713394021865503974587948039889415880964104863449106988693595321
94054093234551462827077148296653807579613059978462369051960520538660373990622
85126121947492609642528710592938207642634659734546791281445882317001298951207
68975173931460286495528147942906572793177990618949850086313982167228822363294
111042727681177677095617805543927637319052554209120522857922028736744239989729
15987687183031377203021244859977286093513172350025291842172625529208473143767
108919533252464392810894168436619492509139554584925666547815243741385150243708
76109175529996816614549423408156214622941584553898045674674199107260128770988
102361747025559829436453430914277379146960598895106191038971258176816656421959
114153360462962918520985792359026429526264525846647778893556966565982005124911
26740917524980045390046561679555450061555446128416889152839359356054195225275
62198268998327888167628029116550195585793245819073472966333579197889631327218
38867176632912222847619774328032417066137446806451651909355570292604341721884
25258100233015940562493993603589025279518285280090716908149063105067636755255
28029232733690586677726297415424172592741538613665254821886230256299770074607
111827789425730227532517927568587367151273950910690241924727878070536979989418
66446279974446839185678821495616422129081372374664490534379379349823314222938
25355015842475643741862250273034194896376490393845659140797811064309967624722
8955734702757426396304500003137271775166588141624743974244340712498529888133
108721202474115441146803902818920677224273272655753763269706113468977351643535
52018091692372518875443663484403045715533060473723811142250528050123251849298
12980377844588897359539922914012729135568804367912701918173013517033657656215
110816259443058339580062657224370802776766337455299566655018508649099596514234
81741011763079653458060598882174864332843597327882512781019454410645000019111
14424482985726727751837867270356976833004928237192556228629492209584598853646
112317899771171859773879898003648773198490137252319767255213982202212197394853
67055086869090697432081714867192789794936428032108655352609980643258235758587
21010606309972520976947006033641859210457128372975618065242398278622360562504
107415546848749659474186557042121800863772287173861771805315881514454643989528
107177116609971368452097527406316537100619776483407129839028453099761631199310
36601418718514700415783524593154186192275827675734904807923619393589543069974
88138107325145744405195785168617408875437802197935425502346045908108785454152
45604835860087588356692589919222250699252597457847821618394350100043365086013
74362042413926560073687913752228998638956850753846182298197550548283904406255
22425260127661286971149379128817010308167447687267359302124857772561839460862
60681352580393426069163911718651468156692945727030748068083875131531771363886
98004756076782491070728945033751423633525637372015864447146567910768095629097
318765067353507611155073541685423599830597524975315377728127061774316753250
89155927677184438121254814969867290884457513006141907872672888565997485645929
67001097595211612185718796343721131907298952718023729085245869584308337224768
53216252724001906175567344869868035049680488764280276747024582045813509693789
71113891799219796742802331264203484616562959627932538820580217043573796109052
93588997346058990371975087352502431370162707452518022561350643135990061950220
115258709659927676573205529447172059913963372335363978092314869819568669835752
20155853150025324490035692095955434408559103108865772324776701828594868566201
55704738539539797638218108074736313766710860491612786404990926121637810559300
110090556777645049629186469356838866558209758974684924614730185234606834814150
72022067005762140025938947670532849216300056424918056892544138112273490774900
13364977597580443233978325776670463299584904719863836368233397883212762944309
50593735007668051050968497393116073011997700285725005853786259097424019070704
81522723519109900982388932780862644316890757828759736683994912169196819018269
9858265640307163323290969632519500375391678790080557212877890777180557503467
112084295295928641113229680035077650818366785613572885405432177062415480327776
66280850745292761784094611277398529453757699202981768782407357812194748579566
113741747376057399537800739496820039146456885658443596792417190305878288739935
114548045120255380110274912229593682438086042371366082161741240880724726216268
28759796413930431275052222216158658370509979000351147589396408006726865485909
94591279521161912045475869046885723266356745964621404108418846743775841705579
90915461583598909100465362255066923473694562296494384150143757128543748296966
13986193161943016186233629065751492113273195899914133940550306649070843424570
68004858927001844420572222617787235260083632481826661734061765940954435219430
54319860392238830190285288856397535962497176834671156697001386173043473999970
8108635993390199891199453666738531116342141970937078552461569951026021107491
23260568173355799166511207858352727017737671270558361343036506452796810571659
1490314236984358776423766276214813842009342460115940143483643559111623941260
114613643741254092797545374122413136348039718515957273158211880963372141412705
99239569814633320980668996961058359889073045115649882462224691971070917022159
110111143273645829189440945274638436125888298091809735797281251457415873949324
33061847003836143468645288482169189636001961334140728014841494032419588233857
104950896230018785284383890491702425623379338998178534739776115503673606722699
51604097308662082153435440860105841175413212967582102689704471529532680311743
32382247975769195286571425155314062867398929951891412186951829690699422813529
43671885619778398530203894133193794800946860459723401770544068545813280838365
12006367050338489025010727389727765685849192813348078231733869794261531034425
61058522914312764683952189212331367174234709949159595076557822431237968849474
106178501490099817923039249600714400374573782601735935165264191029991201260328
89708432663452205857791376326231559049718086276032455958931585031166584637266
62874779973990602301735644543570273266923334267090078868988303634441669193537
111734270257083045384353361768500434587519979216091202875626144285654404728069
99109850843737899532108417085179563338053055689940994830382352569006421871921
74558063182670290690021376575644308976274535201073661832034604614363058673887
57425437562034931773559013411585898593038664570252461954958902999607422340820
99263575535190097190010442454206303433781531281304192717835035444850909903453
14901706034290783995506831846620153083916767604516068370998995550759465241393
114493600563713238167984426022690180041828705012280596364372723379921266285502
107442030623695769475098127432574510714869619511741909466749520871659832852549
10513002618674822951777502667678976612372064464882831250851422514994596456625
49127765977736679994488011962484229209605608521529965284067892774215557712264
109907231102780164113861781291770278073718388032555891734290515680439741358813
38813327802462026723390880804569047346325163245264276633393074725990275939794
79592455405104517339116905266841883769049985260170726813541719405964807540822
21726739639305346038201297894336201514377220786906664017900198622095852211290
70503940852884151350538852912717495170893543542463679957719909994073164370302
67590945423428625559744847487294741284980189119798457898706389617977882718377
86403850447489925086304581799791759592156381877917253061038084378618147275511
82874907818050525074227388718232318742150325594273215193391935208364521034010
74809207281497707388982287037817969314574647466722831231805034352643379618281
66440613572924489586710592837783561582002945169769505642224733469861140197562
30271711460253076004849455575203049131328187588390034020622865796027655155404
50982973788537014957762006555371730052307670616103788643087780590881475042949
81650660848853578774909486409084546020523938841308825961287510495735316108633
15566314193307182163053729171601594580775158522528863693197725123672704757395
102625947444847781859401754507230697806236381268261261465248755310874890886090
113525453919955786595759668380686500689123375457514155530743549413894229428414
67870182652326123139013915849772563571997072917419935584230438991432703721889
75628837214058346041039753583905533840964211373560460552093391476166030380298
100811303995767579529540198877104258975103512239042369512857797839108424563027
62037460920817145227236639868340272798508890634844787463885384770294013681742
6680105340676184899214601188334616722357442111951385804994123537314075013207
21995561136424154381461984285170581273822015121092590274584158268089164030906
57573983844020014616700110604014046200059207913011965538991293863400470954078
85875732541733325457083546203942179362414126672069905545798310550037847918709
79230536705123283088883220608386674663797414337630200221097045923665336078550
50144627681290968977661864332077396098483571695825418687322451949148517432135
67240392340240438879634621293197173692019530409869980224159940255247783060189
56296941305571756878460660887394722049953460848374521598055479476461860149629
81610801060112906781690495402681636208831048232553854177570462027082542986642
62358366407934151148614296158902627445054036262586010037271697181365264561073
68390698421331356517627559014846740297985223284501775397710542300380258098515
20165682879379840979630639187975752866157256456899155217058776505277036459019
86961734358256518133977824234860999379675313930076265535366900475920397810485
110590244159994123483655914854614301371095640442795583695096090928146598698713
111318453447572253818089958683178019695306850025419337101173467350979547553520
