63828917834719881852135665540047176981259676061505822074877501282648583979417
20346814741696935583035709939027498598309181153874535113250051458541882375520
42034667164078575515454660584813086499413620427241901881527832065686524857556
71864573966570742435104346535165691886186887111758834881000917141619636924769
33981595758156265114950423611538007282192031073000608833964281568675707583983
65851766261327940622537715487376712868065737033637389145791094625242308006343
24123819464971033255502932408843305703841278195586060632863494939026004015738
95436085377831780376599787733842082584174451344362424109854545265706742443933
2416398082416462146888909446836435377000126550145827570060123500432131750213
65633168931575502141539633797664487910639462290664382450564112806955950432638
31656336052356285767706276589731888224042530393192135187650108359088251610436
66856396059521044156273222061800875704454494215755275490607510848906703812947
34286744637157907613202627405673071653322021587191487362300271209096708173367
8179480025191871864160413153469701072354021305535794237407185416057193127306
96778675321478082417498821803343371185155909314383136020202415117411642340079
44257163104530190837043823039741528542478239844626417840938559233320429629085
9212484133575784234542670143795326771399317161815982618688831186664193833225
84808757185251424849294042936016748852892775289389651712866489192041608106242
3300805577138689750758360133214894581412116881635269995247781207433905931588
4398568038952268366134655201432314205487216430706441103329396009814728555951
33827392517713679544021023060187274010638746387512748732614668867340042995367
60937970724282038377333494102014948490121366682145607294976986783835004739429
94549508799381389801904909085852944767221923976521034567707107464358038229692
9485896674051791003262709261763933124848751267307456268284387274642293315604
87249824557595143665835558507305142082772816837916901905406392418926966111683
72489062639672980859928403496055217956667545543883494529382337550790856443798
109789577485378896966879228454899759492782589100471140853514100638648545702401
81226198514809728500453806133091373805876046547380055990614321155915592524409
58331189204386279399891770739009644489773869958099958664139916049181465089039
74190984168922033059813109054559819746028472620822815863725679527136204749214
1099238007808406210559816118947986487867817444857852619600722719432937591789
33027828502889397173646075203914617385661545138683337941121418722943520460415
76740478793020858872791363503037209319063890740664813651055723126654699604542
18897414545625000261481090574437257686209310392084285774981933446679646253917
39247744354965863602823528300393121278275118683968987294785650119815460609476
15222503750359064146306562750562090054032408854113415269661557026147696703355
63021116600948507114069705372703918808926390809831196932531703349483348479522
62798166348260930590559155599796861763113779757468244919260365030409250910599
85673477762835102260770171500830591542596201755684356528016350712467675027725
50664341073473766337468323297488159397915851936631751211320040448749694391382
38372869623862391576136751431238539277597071465032557284766802914629984782967
12517241674036162562929416923963403382123452477441504154093412558540665952655
101878951549540487893683466060807170941409861964027187938520830175046316252070
77756526715291557708758040948717182924544163304834032604322675357486999055947
94559003211490113483514669891664084496524039528234422408165261527980694234850
11547906273489641699782847136647961980938848886178797856299370527810224386875
95231543988176326159451595626257909683001175908558543412411761287360989720779
100995710988591611378523584032323921517720059742788119344382086864907202001988
28406797159050605356735027309807363700524418562800651043783389608276168700950
4379930774080036070648193287933743337243468657263731361006258566872151177580
42413152455543622692305291947634275355567898554700581979232921435473117918575
109939420550887189130100682443074543198314570053303988303435302560722872578837
98295677063002138550303583868049941450914155910147729495093898750258670923240
37437261736732097017898894310666492995052963568870939848980927702552299501485
13000196679196552554807391626688758895660280485326067969088256807485781943515
9091761121607573136146555560484125996911012690527621663888904348585026099887
61377607482533517828229142636757766656571321190171431508651852083070522835271
108765194291614890234196224886866397473369452941087714430084943918574861056072
29188566223439579553603365920827354625251714421631779210622194348902123022711
92945071593562077042614112069056546832285034442357470928645524773844425438615
21795484946959432004889945982318131741048025929473276546932274996128815264217
9624894275511397781288692457479173289200675338023916809624541369616077537626
69285675651825349972711246870544022908687650903615846584682247255227302702393
27582396638314002316536257133046411548889810809707012078087710209120290606072
53503711269359406134688598340037632792631071170449774419503917740165617123638
21629014130516235341660472373206599305099330528169765737106849021560139534385
112496205217320533105924146695069875512297648220971403587178445802533206052428
88631973207729818616283758340654920126660173161116921447776131735138903283108
57619168362952450112811108258359537209344521046657182803712388011252837898624
52501965618365381174038537844960182793356317332939037606908430378059196016367
84169898657279880788651088778255225845755844754734405212785783051340174892392
108476729106137625184179251310767739795124038722747401772081936663691784381586
76256140367116417922904816607981187585905618625582068084055116701152420452204
114675590220798601835319037024030260183330618965499081455125398384818456826709
48048041643426250790425753560338911359350125333438975031498290717313781390202
19600913434259381407713493047479716546998127378813785393454380265666852356664
37886583841632816803296213103056388511822001056895924335838911271413449498111
70743535623141530547878773396901406141056529603601450161303857818632518932208
88744066012621974718943379102117465519697299888386174459151689783670511051014
101332624884116716412005985995733315651028077606774607091689944731181564926673
111137478978825938572506939103924849618203024843746210908738960057757516263885
48089907532748974409902177893905483211933590479566430593107179413946697526283
60289627801804776974809958851532461388413412581913237362565978047276171476803
100145389056498272521042826046187612523174035646591331201417167931044794064431
93936485468838727934421146311227672437053564549808277813070791578774520579208
70228732802995297960309659741420419351173969090167136229693476837562844506980
53880073253333358249320174655019902512107194422659390615328622477780751238908
44382237061919649070533841428907121322688483694941395773062381069725473503737
27022940957879307642284938287868031576091997648089167549757833342051654639098
46450966789386363913156131072834612330023884593147523295368822756276152686512
14906044236229548596989198482752237413585747115293955606403509534405855674788
86557501723878774218152523386114025831012793757020162093996053990571814820291
54864091116919348246135661760669913875238222627432717144477057523986168149660
18689192613341369095599635362467319150254534756431226199186699673456438844193
8371824526709775127702128848676796294275186849462477942514326623404756737626
23618647835994521642895961398376310533176388359792936029674099776247024700427
