94280802091367179732556963664143672288888506415925615293935349792187193680194
36345616256255386618286324461269499704705143087422273018516991195568768370300
30149337044155065638463180732978982753412209969244349331795217480107976771356
83821671514455266393642173013758921088260344680115364991171665613851702696602
31339609881228446378894800394112365084629524636516661919020029277084479729418
42457657792230142076179322103106654055331795327711334813569695751912905534891
83000110308783333904585786463526143011047045803764779939318884950344682563073
15173701061151649841219535087407271126403054567163000727591697019272236321875
110828116441477319488135410317598146860444223516431068378477944288025176169336
65522128276098856884153035537958373661938909643933291617848193344151041082387
50788674306268569466989548768441205085027924775447233582588356907993795498504
96800236299711374332650285722195367958513704022679711769229286301956175757357
6742062682963713787243389792996322471489691341633170380457615695934607669029
67984321265510980518489754930059252096392578407329263817131743440503516713167
45570029165787363208600089117429561801223400796943634051837600880114768834994
54555799495956245706532230143923617795692900515911303562089715290948894199564
73724314805886384411412096423275239590077722249811279320385564340068208295686
