2739372748336541923307749606918143788954085729945973166769081192044710942268
20020775571454634650037497966112122653148432128190687778340367070927791492618
115110794377037528004564721344032549038908122841786764546376331798943501900075
53525228194062773246485105465860956093750547429684319931355677667604830536825
28803974699076195000262374399520954310159725737590985337915833389967861688789
83470827478449865054910345088504414370170310479795803571635370291898901331826
6718374038977428172097757106307411787731778633653831779761256023487753159572
17763572249564596227018557859634721418105865289177869804658498896331930467944
80908640974250582879396383716227128371184017360751170818153899143856797032141
100667324587973156227011048899265526364755606895866481467078910139251412878055
14724986007064069219120140829289924161810264720477766366935922063456968320642
106739368358889533536669832470937109953077068181874565642935046717623622936368
9210989556189431291530845408607741890267582611137480760664245712080741526839
78462705417778391732027482793152740352999387137378067113119898862375659542127
33305859783755838173526363437411200767555857735419848650847316227901442318731
67502028068885115839677267676882046338201469768607388478256048353673383322712
