49612634121969497479149282746540422010182299286982701252669282126907869367394
59908881720101458908999233071341507606868318338304053424882565704336839844089
56853627704922401405873154195006587940545387825164014231470660937229943258631
61446727448583824467053898922966569552188447218481526550210986412290316506736
7776177170719405024184865220001952154727914429679153815453745425121065409953
66011987111824408556896023987549341774157994912393916387346563622616191264430
38704708933619259352495106691562094680433137080079157640777257892994470939056
14462113909617241206549058475810088479268413981441605614898574888420491747995
4102762753965298511198126015967916952001398333937653963692468807321563401494
8082865084797080179458207448637431906554646308437627599298167663625005505109
76564704679551012287611303079949790153437139140194065665334794880341640328584
1494415592784086114768623116903518744778906354787686346305106288065483317178
104001536222964147146993691803293600512344909101288767818234086359069791195158
37384906771262122381457622643999252184715998320111023965325246032440338149977
17876641305126844788361910715180943988682830233350460981069203571674753628529
96861719818443169278842082035869204903273757097767297150643165835800078502165
92278857143904204352373381724112654556503625633229597045558386944079658402863
79040959174516450622488127435137624940039847734616943794682808767717643729264
98577738632199749733045974834817933519945852563600805981171741232934306425105
5050081645510350775344154659282485913247623351244423316805038524402318253646
17377507221723120735050252778327841425776504374701694859775393808604488505313
95147465843159125963768821075783433622008188516496781272650648747207174044614
9251201546239831157285216739333825203025748591246966621341470452128807145303
78704168255422452783218518379232510129832974719337744495854878067021605069471
18728159634496403592189769076583897348153770195577060969764431559245829238226
52176325354152790837201102459561851516040849949402611333589947910613188902141
25505508474540167319508601383269675523188921704180041139356043181391244262630
49036680775033604369234686356528827770284347093863943785756622259051347724415
93903645575693324892550835351791526218305034809370692742694587736859152370541
49603922349689670123014235584195938236902608647753621539301006337851103983374
91317984682097680278603189613118097193214455026455595940219882186670831665663
96254762944358011044680841027451211047006999364621247103365462342316886570404
67483984684457782230163655440047733867557333731191679245987452842123633593910
12380539240668449214660054858632946695598703172754798663731763444657557518402
101907826507532370993290938397959223257104333637116719428905853662300449474361
16064538863233983784717795001901105520508934062275721725729928437664162245920
34697353913031473523764117922364245114872107013840536834535138814806843091464
31847369523753662787050213749614878719763491057724679755955207813430577930463
89113860732816051309383734963727799426421386306427661963572351658511353583822
65937891657017662360425199910820221213190863418053998194032720920694283434506
100829371018208441458169520423535591194462117815104106338906654175235875880844
58926748822044480125413165865665576972537748005944817564459281415204489235197
19994941958768346801335347538745904989163838428467530877925608867370699698814
67905192881476544351919442410061805851042125048731241833175663659944536250464
58125695561308391993340428962278551422192050427981853766101765856675429611456
16583025358488668861120179832857526581561353986434998686234387142245179533824
13888672213972851303117870365011075281974216165261332619939536924628818844286
21056616800824195216974707756455842077131707564115275164441761413844942727626
45019400386816488438087126947448300796838654665016883356554142826557605912496
27375437084567843636888184230431408997660664528176955997343025272857664637357
2727276519890791195937508131326240288868147695622055802170999008943799493232
112570452687337799371358694208940048775580444832511872460607336365756500393825
68583227561634024534926906068840589906007576169691541599516392760745988071735
53411236062301715745367979396230641847967488725520618400343017318623985292064
105359912587618745984515445439151463581185515997426644509323593998211884973940
28554639620232771144995407064896103099740117648258049576335046030279019128193
30213772779436075981321859721812220433952399258426394648019293061327623274520
13693416857695563909610619171079093000262960272037832296641549417492754603623
107304609576554775226324287965283470017747949826548261057412327495529347116817
112090123942569615460396252020561828520279175331648638793483054648829920601639
33187264296909438659468077977726915763019656312751154442894568485028941036793
81786574102678037931584667792217005343655284602031628173879101376146071322276
88637569307740261366277575493113994876707994442768707329048429846286129038083
29490013131418073004202524233691232030549097359216860819298164387120551711227
72493578444814638965152503870216670913929696707268856523637377682511279737763
91265090177207812720080786194057585495410172457682222213765147466952895141292
20621534797492249796948604256417279969554483055137992517008903958901109123045
18379421011969694648906671581003665831756814009897897789352035053222283280593
8242694165382030727318428414022755884096175463294525596782302317573688266228
95424117622884682050049383897117257227378916616602257259043383214179465112348
51694301883554639531771063196418263572480461214456886508783970972360572351262
67769518353797350771706834073977606484356797928829365361462821266935869695878
89305596135715526472052597855163947711031556376059137984104115096044058219941
90030747047109604913121927883795985122050008749016337963856026672954712433762
33667487532100702803797111547222216599890876102106799972946446690571866118518
18526091916692418437578168111074798123913665135186731664883257222450351592114
80146646297770778365005781974981166342537049536307123031725740853240461609725
46340641694370478964470898082256601425508851765864490355957706738526337529581
57165468775019408468353341629037000166182348265163991792004532843380573158922
24172013226231924722518945760129347910863822933013914690258562228243309290412
42975812006399399109029819592927760449459120781165601191254156202640561442652
25988675895918463678945740337604069052936918407706521190961593423013972639754
73854270444448472666241914646574364207325127903614180709366551121251627580781
106052451835597942662577585598676007583117072492725066865710173294929624749814
83202743080617098929549044425959756255436811299804895322661140321517863098260
90034096551756663048607952110870383816867574403904212150288482964575106670190
102676774451852582254125453245681995532514423319025662755903912635208167810590
109583072487222072402809921607438132981716881824422546889194451240279558915130
54367833581049038215658839438228891400500929833552442673335545123166211645208
87329631895784172527346400595681377346146099680651045149557206083118434367709
92439557532762323238000362852673408789979474437905700785305758632736182218698
5791338491409848984440332816743940094095760238500782467748566996195731562547
28403387031575556251231578816722471135164313085880189108167536359371201257592
114980094613551262083312920143122953855952605825775325364528527564959817935364
76008888115589367839143065492694061363217821228237241241777621416148179917986
64418755298425809760521765363832082386846366150284311932056063222060030576398
42085143951493056514914552036698361836835644279019305431979789562772297816360
18772835273218410540043534909900923330469009800828351081104983424301297251009
103313748529129357126047647742884141395991363238057532869601599198588521281411
24019439661350432477898912688887098565339020392210898179326318996132627898452
77420367063275228685976679473304735341526698985407665864359578490905340313233
70114567078383847629512835034242929465480661770513942195289231800875109474099
51563369797157320018623751151693258122073524684319488522324769795814224139233
8092418050597334128993748058485154255537713883744390681787270476272702572769
110099645322162907531661765678338191964385813929086180324290591131730751366918
75260423531193747717345938379926129285886569457746848780892601433374826192062
425991396764350380381775706036137418769169442700164548181260319524878143875
115660465799620522081708659323392778918403114382884225378224554785213618126881
55156852394304702600784706902311894585941459762980837043129729728946772152127
97029639988882883588241383519017686061939331323221678011766020095106781783498
85599676529121594286091402863211551667635301547161906242794336814236361923111
66540383027538385949620737134259635715715167086223321511746572370033679396392
83908240491135752831383976274503831168434446240017805989304876198306805037058
110828572845118501610491979714497862357214962310858651148676948542844228988448
71295728353870315450108922732273685483138611422664146742225617498909634594219
43723710252320001460017429268453663695538050581988982333423922536793056725261
12692302770041404002396200001608353506596970694496780555141588229064173517616
84038629534353480132708523361282426367776238684417532403804945971551571476455
6494252995473669906012781915729588839304185961954128319796262011091962471310
94640146216124415606691054578043109075490824002670289529251638824068625217706
7129120762679842128850628267235419070173627897623423413874561582903818496474
5779719030327701685620318272620726374013377918449702903084639632739446273095
77319588699269317554104347032867831412516414913926830387147855912879245878411
106797080842701235364056326793917207149089601438086927846196255076127988579656
100037786977177537406957957537263801082689040424286803102672714894391174837881
99089696806467284862034157498515628981279345348399495271783801376851471957733
26332519264416787333652440136856530700634776314574222110835672904935025988090
20806416688382240786993095182857707786282387886219350080846208263807623919262
110550430816667985824555860612730142193158489403536518929071396177775141057133
93328649097558448980429210869607716434847298338342254787041141599309610255079
81318219334399119035554321156263606254655647932070866245984035684669750705637
47268301345696670570051203470047809550151499370768614280555411727778833854262
96313633393258315539677430261675670485581046783215537776815021133676878384773
105863320491076837312067993810835970363991322617341063954774280035163662175380
107204879686179299163946905831894734900520412171006013943838660863918649031733
72955879464297896321097058420466555440606513363433012926337079020806689773489
