12838515298285220364562140161607049754835032635058315655766997143415377042266
11549935566654909262675250806258493335273286434018521077487386240436898301608
105215089126166686080486862956944911165573563964234404354724845575650722328979
64171473309515597164677284171749258866509291924525665676941973172199849100873
109489279968337750829263093463914676562703329825025819854842416745057504588508
68916258202690916324181841707503832006231888471929302186656598413672849987835
80415421234346233236555536850801285523279288292659392158738747666935129040911
54011645006906768166189271569993820482267916001178146395141003346370238210506
73138857625712805902432589603621233142881627661357367997495796434457961665532
98850471197537774607465744422121394636826228558249625237742316267643683309218
71453500893362606277180553355958395630808831320557718165197395599989504990881
113883428580395491750576177590052202825400568310571682930374840069274219730862
64923988762296687877854734454194445729691149006210895696795036169238661411988
97230724088195503089295373064679973414312713228949034789898979122727571121345
14155220236598297843011850852962953603860705392307003275417477304569729104910
77491925137265054261498570348697014407613516138870506171545209613733844850705
93950262895889721482001703228000152661158515810529049874525832379653948962035
85864638165714047814348173902563515893538770215700291029098192004340954532545
47730360617160746784725820967609334095299835417409290575466632405225479624515
22209442937434509718984319800365220735598294915159653141712143611137583073765
70720229297431706695393283314629230467393127902755497906730875076196033305998
111939199528118315940326956742273290176372494461915840705230960372952131774006
19040139376699711761321843941647215500131069231144347172452135799638273249487
9968861173627966072067896953633159308897432127094847854176457585119519171499
62876169974818826811027603709303016342106334828337336726828812218539878993405
80504830976213932249110038458911088071798786326746143287362866796784318815300
64011777431089886622468952896839609483162423538868372939001482229859401049730
78727194587832039312420151918989757323070363621094220668112624208877955491111
14205788563657721292176800652148703548678041979852323911592704646519172109659
28108313172983700853013379298967980635880786447483716922790425843971769996093
21641854415556875520326479469968549452913865212622969729603912492004039612866
77488598256341980616223019623712762629671736745938467762273862045604946204117
112789668933248507318171871614127632967405922332684085447187795862471299891163
87717539739421760205927253364141598271859103739927818368040835969199672738454
108233896637341813709695832488596612843288409112798084776220742357995188423734
35228844442604275789261727062889448460198673706055881401487652804963299119999
20136216600264565848727479121179100663253285945728131764542888661452058048122
74991832051813979612629474373184755774230569442879631927746560027090298183650
52051261308978915653435076281270526956003612624544806501001994354324445830078
47691490600426404913721435915537826395588922324773770564778175330437164460063
