113298855471449169642997821444845312238368091415716181868134106804804462848125
40319541649544650631299516346181961034640619275812295474450441115991563874207
58650467056694476483833721306710918232989359730279085390073639322153368182340
57462787302298708389542820617650195434205883875884186725952674260026955529443
5660796005566179567777224428491584304266832291742021556663762924693598873411
92792307865459651766202976343573107341402768954624155626507649842871286571708
68359203663603284212382266382850357274898136903253523577975033754709809969019
45292770795250322394164377146495675447083097355754028322686785951499077479468
36901993943668372554096505593224705078655107004895900531620569236852315094294
109984269401370922920578012886910192457212769155531890250935792520508032082107
4353296671105213947549061695758288074947141645610211271733763186260228160226
109010649926219789736755058512196650960168779827907750405691207297190591967515
61117626654341789713258874680424818896214471108165711737693041136371972042143
5469380304189290910881543454877229065869801937341888093252991510160964869617
107913245014631859142862588568985602353360660545904663370461141402147246898848
109211353954443878459487152216634417858603404429759412297554390275629852161854
104774446239283959978750681695404546063123122254254466473949938683685442981427
26187523988894324245961701425996938215515692643732803260995136768630993221363
27411964657204620684785465902367855774446587018397007740156983265810534973316
64171374311050827534454334133424721140813111318943572173634180027251253042237
47647664668616805430017088566796468130083904739241121463896640217033032498656
54311623077524883480067739594433430184802287574393371886382566938190904798371
48394680798857288505829037049783707813611221714170807179250473798321782646749
45921680655444719871918796199025971034348906855868767671651935840083765761777
69858777879214667114867460363042151067775728209980776880292456458129428511412
110225263186637459309289491322099780785289201068064713945063572567859357684979
18407357613496748153237910336243564367183780444428573349311262968861207054042
69633920774720638808554367867993499206476389329181489512505324984181355357508
5268522796401935709256021940643273939785007556503146037234762846712473065313
73099483242503874103212088567171387255980868562109784769585893106816715545741
8234462338209964079987627909101236655629464317960001128752233125262190557591
50015651993997407632480505743910667510855611292313209431629501520656364284969
80246969671060206995507880834711494012807932305780985436268290909847344579423
4263389413610130770992832700482248986469731426064822210513220329108336903887
86400535420744288998261560786256177381944808610372761802932698137362725960006
95677041897403575057657125530277646485028636302351415120556022305355320309994
78009616565500398733997926038664330645111968188229479007053739601914234178348
87209464581649756069792803063318693364003378761004025665846603985638204493829
106893193244232947686466327107825896268673855139682322615386571703669196976601
93091297239574452524536026811577645982596818995522420510112819275315754470373
59051330724314360467099753022188008909458187433940506293622500509282549202562
19127582382354885764294816448803510160026943067058244549698220394165277045969
19505011062807236856860083332852516182661932851515362763864477600447072545034
26518069651815302573569757395436927486579185006626511403979730249272034166660
13922607890308552747922293149614048717060313088321024581313042129952405116800
94904974352783149381230898540733185206615761547715568806442741450519735296981
58983973419272861173086434107134014629212609868957256408260192817197155819060
3517112862686967699581952153283830418778939337412813108709856974108962311647
30762375007381593561297109512488731881455401355251736490954426978772382897422
29211737868411221991161524416094651545212956182035234169474427589337895779447
71770635948654541861339629286204705515393208421979977193511928657750951264721
74839153001462540915141134713667890504541154089652946980071077416175436081578
21416545076340928851288591279289469059736191038761563338898670770690162136686
7893469256301951213359410142503574853050396647246517910666330221951032073882
61362033171592596191843047992107403624609636531623835122700863776151400611982
20765922918949598120484649354232521902947451232095495238019249699885771037381
110065234949014129585022487959765019989174959453160690507297309553456583805473
35445413906877655376900996788504283789394055925497313488646069971334742444883
5011407112625367965806974953510230267566409064102436318940323399548574157476
56217044946015364269200426158355498671901648049391300379492275837252424452289
69896922817323901006826604214798579476586774205802322698575334521552836790263
109963701036288630718578000690853918046478986414191022556985171062248605933031
92762115481373071853388738519496684218066456521385921089849867677053998680307
8253110355082326471384090402064155183201902907000383831759860216171091641777
74116147930412300846203417070426943148906952910073855396605377211782214041398
46293411334338377244250168591011032092782070588758822368224185427758854038483
94633143577879315250233122049359773498286106538508047088511028776249334396781
48812989412432331434304519527059349799611191579387750730811449202310035011543
98187246462949170922837631364079216868102831092278566773402029101426744610390
58360112764791876229813468765950717601605589466702564014783619035561461959907
69980050544893515919848641736321891156809646598230805667742185353532967099083
17528408123604688270862253376498078370510008320547997766290534328663634304965
87501238029111893205352734239598198417253493602769476774528982699644491292813
16552042527232595741426308814710925205036137913167910674207795802257667245718
68591251918529366870606269369567791049568161591885504930900200037257525854235
21786366025005863397405728172005264116226520790533000441039544809187138509479
104684708496845161521811740041411390618969905171385088209705300183906315659668
70258941707397585317542159536061791040449673477956997718862948618420610010027
51979767675796086895179194119795138822714176165666689555814290707828903770387
113570558100997607013346262830018189622623967918039901825548453263572633472817
50140284841272205305658790703126033931488338833943347396086356843663851763853
2867820824515442574145233453287745342087047729021804452701094539268487373548
14976993015652000175330157238225725384203262816799524246416511219205551452157
58162278268620212661431528590240586527557161495527454642632501820194659392002
62581999223500585164244461825830894938209725568619669623414248912233646638125
102115741613779437339488968247903068359752916330621607199758661865587781445403
37535788329352395891223436280549055187829631032498087415378326019437573839583
84321187111676204335619818577602789111786554998377591176902114681128008924541
15809308497575586406482316025393476136594358537552645748268109428916853583773
114111808793421677919296364041715094859581579627619663407142081464227764533826
88334742999543707480034290171337698743693677464367096665563680558046814847368
90838872655052650151074521344533891174521540215597350965708210906228147817310
30283927622670560528553719492264264636073207003972227372961807231218663530861
25703279894716110739163001652715011418903806818861118045773338919486329226732
67182678817858714349908169705867726360506356547745017310334307764897188719603
26311419096050252024463589180521300460916325879429009306358105518922800677500
68788731968389020955202806872372610526423543977981864724720354343251799590478
52316298551224437490564652059081804227851617579843064379009442057228683335825
73103143910045024077699072149681375455754778826959706927118048179268744165529
57846107358391840999454468052264607226974730021035701117559154540105976626510
60040696044735267712072727759542904681573993630435367505710031217327077763411
42884131276325334227210126962718189376943947839498272762634581570015148133430
54240068369643212528929295255277059455309692508325652251848480504545755635932
1259814376110949414727261597007387997143579665331538356301233791323926006815
41759215525748565781253636328818435953687742732027184842030889101704289207068
80470865584257652332258502375377192615488233555440701777570484192651068392800
26842575904167707063767892517761404999508041557635776096730371189030902732515
1593887164268567178270690431200000668436485123328806420962873960729659546694
33514327678914496252244848995605502706325847167493890043466126317545057943604
2098653291652247686881060750231471416276297227640322359030657589406342000347
36694544890953135928743976981475075937555857912244790477847915233090471223673
5722421640858835547132641896061066338870202826096005984553670218091908103973
83302424200833782773148741902594972340544136380824153579714913019833105945127
103530719204493076680741692579517950694042260267679766336433262011395879868246
71635899501849646186140349607229344028969189652776394045008368463460914724497
42028475908126114719362129724573208438645776587526988758663865358359272905371
40011631475151546042627235385979883906486770595689726958736258466586728939265
16192195846147501630094926044767969701922315233958490655847608969478525411981
62464392476621411726011061751929119688914460544210663768026918308948701055159
81608587587379441011668785578069989885838924673986527875930943863784331379876
21245524498067412175558088891863145320211625294474509797777284215966856936986
50044948606060965664491700610515492344607942032496495826786979854165366088424
72934259133244590479366705124305934828906745840031618404410706879192168450771
66519532230067210837338785050586088367707179843235091321558230224886954493000
64440478567665130396157119586953824169693520159506238596211018181924075196828
48715547980025729267292271861147904821112156532964760858985657235102714813275
39580061570930540240308461445421611066309845979118350620754065539790505261590
113782340642357130615413008805758293978763237340929759038412600129830572552691
83587704277956786791464582953833646727762046112750357158296109187620771826724
83278622586497013343521473877365451083043622327394138639025973341504850435148
7157108091879269472032247553892578018585402629111881706307533551233635624990
37060658622911692915013651337628303621314528853983023944381389688503960565531
113055011544559514588918363368457691138696110321472706621422263618802551113615
8090529157640420076853322140768097405186671802931827069740042779092130582297
80622609847053390445011919077266614471347771180174736769705970778681373254446
85067895419743263006014695044524339370199488300833327830270233382165892108820
94569380038776566992935940279875537158215427023037618140602811520259847852954
16745022045604797604589368483555315202155959235777493358756388757758442582588
3040259049586604616799776850429934987418899303759956092532195596000882519716
112882972597128270993090464900367729234047228521944523613957718579734366008490
101530311921317692484622684548977591995583966622765953748596293105771235294006
19371514123882195384645086290541910225346227174811017649381469156312555797300
30184542915644966187123926355214624876302174596302821548768956161752845187710
11792616122174319058164447969479352427904712496784428426776008638267275094007
46426867464356359856867070126634498459827514033310592258482357064031063754774
98080996325356834864322752433293749545545491611310014749662935200987301510222
108425217627358996798519426616211259878883990654171630995683246302257527590570
7310633757683845843465656047518217671148427153047684787081585786067840722524
12218684724758821663820304811663364445146661796952284624448146609273152637446
72182975929423446785240797756877016641019765795571307703329278198884757220107
31501492434050066646318044208237887116910955273612053479058545676697962364584
30694144742953931874543375883245443521574702687132907750575039350227378382563
73163487322526062224853093462337904195603204281113623929965005840603540454288
26401489250652803967245159639953598338033320192258465282780373217604704923831
33003054681944518754804380470025150640134910426505750489909815300699120417140
17361194365297160560605647880966801829375987485286759386402933741040791196096
33530746838373110714345125837233061775387898922263725176243260196166513903644
114293056102445534257174668081616691475460634750431888100956843832127065538507
64999825132180807195088974775500582740228191215056884731725402911721797812173
109896705513637179028488976180854925426980718662962972275126959230248677387055
88650231605900166994902385638212756584265537503016834947221496701302189990048
44256261951498352650086929616853990802028655917861059342173841229304296113660
71718206451324059468709474679888827406112527631571407153580459567795617072380
14340765408844739369839903793668212126082923906009860747665552001500374085576
77972475162129682523722964145629767757211436110407662443095816515692897768496
5841067595368960141397130656827465353712353514499864416677191621404292702560
106211841267812467605156605679451413278270203617613459641554527767189611296569
83052815534751965602516418119317136820818541622527323297000994070255060760677
29912091266001722229060832144054023656922770115517014550402167917070672962435
107336386900913840006138295280102829571073580139874796970578296432583142932081
114003938228367704398473961596654175303174812153452959807996318498831346561704
56437139323193456574181204194220422735396598121475488377809094372550053839189
80330429806036897166993419107280979835126364983604119620116249960199643999525
105216869044984128506361653163203525179845525036213049496262436732563212607096
28989229519977009802508314082331552019436055923392831940176645405289969193014
67056715256164887371955009689875849448761568453555824534257451383732228855897
55831204663566965421602822889308567994441105652482882893405883260391146207052
86780635375960462899706318407283559695055107891967640006392089414051414674854
105326406196551079048117384044840094324130099749363430210420174051628670912122
23151875807514286686169700317550770853884978843366732557862789156589282050098
11619330973094878347479795919450363516569458820478822065933539366550563612355
91472811781993814859099706022294056332506758319430293438896770515670060542951
46590055741647573075647762775184809774896651737867950416204502397552964585027
5172698029981428518167849692312093700533691383074370910060759766673051220989
52697801951309663767583820741670403959839870511625759384121666825305430922952
103844909113941033296724354338793367068462988050353394931823653999360921966536
6945465289816455359409514069147286093526512258550430660804192518874696782865
54272023727418812905660260146999744108167064241110079461292910926554749147304
46173821207344622819620040686792901774132380234640181842466904839049966760261
102251698793323962625943024960268287506585471216386624811518043668500601596347
70755563469734679319049104977594483633278897556137880605734655008692326374985
4826827952605016760946576576235763257131390754758946571099819408076908930174
39165380316917742165558167510604482202594421485987662275458613969136495987323
113991740426377537601686515534098683104910657695018942714899577558245609062969
98996547209256469189121937353902384263424064106750353062545142936944009650795
112573842051567549988130813844134228668158420698672212360255588342599878639199
100073286506823450965104503783925822963493644410582680025192320834228617048643
32151281217010201164250374632014892392244352472476330014009598023949442010472
