27455973452834219160471547201518361026679234361961516907295006223193098198763
39213869675872405467211554326075582450936242677525066875776618596532730821564
100785452438871972777100702636866096259243652992524727962946352251727104652350
75391683491443304649235288022389098900433349507369025042012399212957370780690
36238653089960220300478964272640197848156338008845483233499050481263707973524
106033273755604490667186013145575578617218263453432342050262190947096139485842
97468895878042759976212693398316617760703623030131314065479052562845013387284
49588263570808618955328814812717069660312330348421941028092843987559796565096
4705281853577682433394683193972197594408605882071941551495147467862208660533
97485609221376611168530926995016563878652794031492863602880049077682504026877
103237600818045534475724818179474798186714639720881234174770555140023758934574
104292125936051768730442280250194082378937652988366477287091639572758523265411
107824321470984753798163878741266896993655633760854973532541978240825441545169
60927833802750457610874252450747851158977666796928866844478649723396452160341
83625091577749499887648383435195798510332693852777108201900454632628434678292
75308568441852658890914564113601877165776372010840951357525432637583516564086
32187454950435898342507675618813479734210080047590132510464964858566509339425
47933705309040285187169744621949025956638535158421189807500065648941415218349
109713839931041884493560642491496471489763643308501541144245437316208311005554
78757341645539807260701179440611052001419015882843201854037724252332714775027
43743274903381304842535476339132654804544372087673406930827527524351524573215
112184484989671163895279852579990798989806991924496619883342146352433726825582
4938324233218416806715588156112785373237065710487202477380879507372074618407
85447661792467507515263866028637746287219088048614227065448834688954504482582
75309297407222167801959754286061465988742327574784954867556901902607980171233
87728085442856028481213302961880960718873996477856517890870727331137483215069
109009423160261755810947453836530157784975589501203854270486775688336760260674
61178383704357313166388556393418257125007629550002040225428196671581110419232
3039654637645037486981177199854339895945854550213051256221865487112412945446
111807801005260475483468088727268024622042394246965990019845411451257864331768
67896158401230306980619684150359520355546252091475636877405651311575333439154
47952997510190387889157167966836584876765266749378160209839136249384462870473
58873347819279133229062794418912750185234132377794712084882876059795037868955
39234388985539650728509536099311629453731546265141688466790637000873438674639
34641474605338245651340128524643620278566557681232153444506327502990260576609
63727799246352967620494760108698566882218146041099377929317081943281649635872
77409741100742714558700235627569146771011060204101011961381456415705559034737
67295842689147983964718888257371417033933409635897450026690030984538539938704
76091903072979085588528914650553464776323437653988827615908200903072261149260
9887459013262099224539259166468272500389473253854473872962619237578441803813
54490901694002851418173804885202087895259682671912294636316677030995274138800
77966668568805894145903967758710502564428563396575981058941202120171764060076
57306144817438448614344065880887326941052993452271130182006487833300438417771
16546900678390321876850350435139908145085392204091350892989908322191942895981
53459287148151761560576403277965749089752806022494996715727118835501382171427
10175388775009751643321869978644659276944369597425657184520454016051950722559
98901147181588510115870467102771006804789619162387393149483104409025675443492
54191341185516722317236061793956288455002538369247216248034027578765897156421
30629350632236353062695710450180076619982315692193725334712169086122220670245
14349829677950822071455849590103775108357944681263945313779584418626832244405
85725982511847529618303543776936413467932032187830067473581105775532745091228
41960023215594337828740202179963629865885538074577989562222217164380819892769
104732461544592681794815447991452034006559889944759961335436548920412922680802
24283924807667971562347248463059917850792507299207729329286106045078499850733
103526427366361220588646704826274989234887129149458652519124332500636242185646
61561540679463133497266482765940115840289465066069921869755105600904691288937
112336129548628355330568880300404360768989953287553296814537804749439486705225
74006336719575387167994052735839791468723660876730963608254678006580576428964
4985635969664026056153665515332695834552315870023884174170213056474565281111
51321806855853144961778335887388819946137067926007274723286750934339755786449
70704554014336550459911405040667445239480961650243285845493447484938095671713
47929928443931590544347352391639510347000171187614473225113636288492400633892
102466421314962127943324764967249494263505652817075654390042383180255017163013
115583629456374417771142522167309930767366667894061427655064136385117408078829
42557583319620299342121699745386113076547057025774889248128768367679721430015
87432102388735251684710837362026529077578749705348994727287605940667078303651
1512521017637065022447859601120164015704983264977659389111004221102172656256
5766530707780264143030625014983858063791290320591526526529947700094934187377
98525724466092032221839700468063334164993096624525213171824332796197776079830
100225052659504287313590801974200163760496035595512530644336512259665080663203
43427068286296539175380452132042450479201403891450875100067089854045079166473
53660349676280958748761955433090153674695440878638380984171048027977322803302
115310090015002447894933501495877266177504811277614597670426233617819841279601
71783814187731015000016117584082446249001094513005130851864267165097292587506
25194419494669888048917815479569730735851977177720815413847626225620013189704
38805082907179382150797309810664908571807150397147444440192286964833801978783
95107612478585046234591918029965595291940252885473812632916504889529383741598
50185008591353347314242718963029606971061187566921607111947105886202481590202
10224956814721422934097486538593588854896734816329786783154492114858415533546
61262104725293426412933965887819779254240338317825250679182346921869023563763
35323825676120625806796212823934710665340040443768204752931864404977784950086
28780366851758504805883322540315788380253878742248937225384949066017598281200
31423291665364114955890874799966999533528749143407475904289101283404876489283
27800980490465748888442573584855441293341041679646976882030463795089982306915
20359227297172607170622428012746483639734202338331388146577356220171576261919
29216474152458380917840897084459296486891873396345124445464589446553720889634
97596501708895555696945540332563064124882835777026886343618943051556712806854
98409934440314990800235451998488700655189139703252202464534388909112244997479
110784232302413548865147286639772165064589869374899696521150318713144260630244
97854565046219588335370811181160807917346562374403262034393459280019061297634
70923099526002418241805143961408070201579750581593996157854547130528315618667
111921930350241957819676900363903526948735777063991478541308465425636837924382
84068236869099076906383762695858985490150225571601324681789441991525778890848
71492650264425928505145089007690133188488686416260551079201347022012225689947
27096932115742210792980625952169985722410247205922824286200575697354398369407
5411632263201109295500876839800199667689351943924048339056031211196919289769
3264443241961749366104076942093252990996028447426715598371628881087304568036
10181337421788478863426040889292556599318885379663254682711552445955312594643
9428596668959345341589936416172778276182281881113997888990060015223932118128
41808532547800788219398368907359584402245894733893434216868012814302526091655
37922907901778172544444067565818539966723419750615390601683303908842276222693
65194569169216585929304211487421184720252194378098272348686839976102663668412
34434541181380459546293376438240071745653921287721685113377624702476792396489
96014626022625107235356886907646966637775583123539414420121506124995761127765
36593724888174940792620740904246536752120792709004242142824937569953908429437
26350415064562471661825689593582738313059997242345451409536873681433299829835
29110224913015508571070350957766211168557334547040639209005115232535115333212
23908900584139157983656741004714689757478093574111987199517005991012550224763
91872792097375372867826040979559397535566971393859214366939804468877020746102
43811911372544668515574424583843039589049166622566658552613909342556074054799
78038600728974355804283160519645774407895772031354366224892967660046655879332
83092042279633222807182853871787691391755248455963089273037912187361000059839
114902631263610682589551449738415068785339932283158743274357010999887423623194
45270828694030209101202309927960693983600466120830704002535720535341886457529
72360070294879474553523641761886556620343026880314959311274365968884693514998
100869149727550901855538484144699672758818421139047232036570710636498204729593
43018571634115178412822791606118532727228418915824413024351479243237584327042
63179179027780602869179689629505931954932202092880328741114936208414352377860
11906067879078826715528963289441550696282259198915668595710492806757033106430
51168407895503394484973546308168103089860739692549492594284804611150379139449
13188037719493103808870381504971123983405072464382080795189611644598516198614
95356995284796973484048833093367859843799638064655195238470340709019117470661
30349400103063462175840534619707991670858976583044616131666291712023332300609
40151449010752847089821311116756725732162522994823408262991969439033699069844
106183244479758878171561221111213204631801935870763058029002522540579366417147
78714089594708401497299526415927191280451786524948831769184227341278666233720
25167536604233102099054740411782351880691561620220174180542088903364472456565
50432240620312149895313462592326803682830300900809953395618999699480870020234
34007834188070392380638508590380313113700492556808253601068664257142336876352
24595595787215420477064667621116349065816463782186670466087335690338410515816
90481779564777925861663354682825542575406292144340608597507758360473279339973
11671009134201167607336141998951534661069259541075693079750517922084729136184
25369659041494529815236726942098284922297009017137327839189615050316209625247
18760860219603335018762035472534656414143673526044949165812630145188433605004
51797737202139453025199775217163370204055808981844167561248768197189688519800
76893001440053110410969577194172993331235063792592859575769657718749422212022
44246037904869513120520167222586148998545606256401577517750420637573933756989
44226553741705336618184784945102957716332178563612619369459880756348854620842
88112535623106720274065566700412084559120414671432983581710060262980016481973
112731756838805313427058100247381547337366879069756127867805692058526437021172
