78141443164494054027982054554931210466290678021948070225673386320957741646723
53291346005943239079767212141720248957449733636411375733619664585363883326976
93977247072884468408379445923829903510953873632957666762619921873669859950207
1242962398838020571736943480185812940820016119028935828520450228224724766965
52739239253551481001964590148261954993152842635656851341719472518923880080004
39730532249701158320466920855237124885822453905733571481243070478867523002565
106300577721860589620288489588940919725853203876960463906778247380435117308149
41000815055604059278003700226551398316180739625451372839235341594595895737539
2772329419570721359500938063069722283072401087920752019168975900756462979187
73848978065036425064122795749710484377500308643919559986026300072679208344531
79254531349487671070801412215503405528421528882818124883123333489473436528607
93281167192530434645110327972133701137746069787636809362404042364449643451247
31172217753946470737773333903807425268251072342208520992734351293368709012926
112715381679583683911805810093624648884811101479394343027499832674695201378476
28786881924036071315117706459945610486819823752635312718750304018975203528457
26334911984471617565331886649126520123662645145123982528694224017212379980613
100307422315672376272001828089543094045303751625372890630591525922711242201137
29502440226944493927482098797924581332008765549439996260591703367153875470825
74632771447725518630224653159024154085740711506132809751302383530098892036601
39021356263165907159914402298338371700081503230200859287350162448945885173707
96238036230902325544286346918645784377802470360534413788639118856005202919434
103992774762553511676287847490640826389799896515010233357175611888473775395290
33581819824630302167728786843617539582253779000098502344539538290757044075566
20243497847468020262290399763099904349797871498859910502531661373379690155869
77236671058973690857684325280222642384237840661038840300572720674112512907616
38104489069236549126110830576795908883769542552605030377135747955510740460131
68642897124531503065139485868422762927599359803173418915382703579013863766708
70655209749841597715761920651766964223434686172738993411581451868123203348786
49676258217201915262200962042572287585817692574938888017028027960053813154204
5784922384062046806421154871757550211743577336807882710347079426652246111878
24498125742597941950921231007712673541493642159252148723144999030154864231652
102594864355320937828612312098401916780912844706630237786220119841391008093812
1097031660929872865248575383394265028771559150767477729068302698981922841041
108861955957421901298953354346257563114071303666009402459854706680351417294756
105611125545060824412513298185220771432394762378010702654149034627361876892568
98780429593760929343622658325273823366298980842307451044701687268515929215680
53383334712449602817036587346422658771379266489683087861920448538450975083860
26411776735207820496358494336717120056914972342200553259016598852506096580070
7505465900145491964109056015482444298220268944846303042941562869499842919372
78977440471710011585527307969665479858674935406378420686799681371844151618340
32807681788390404695844626880572889111674153606452158123466038118289268109010
41044286659400420946533528122463240886168932742641126019017882941168200314998
2055068298446644080359580953349496645945880499095079527210816833381169921508
15647946849269561210354533908738321347416307570498265981508182049785795928684
46618372393029709558422638168649581265642267113664078566671199610298852197954
101019261482920081397051027644030374722933794303421561352170924745671185462877
99819358148169532741366510863456822697649526329362751106223926023005046914878
114084323857570611898035574235799248624226994439530877271716485216831507998198
87589764300159417520643084533033912748622400109853575185955375557756259701725
25728457363238270032705876702677124572715831376052903522767266190914462803475
70701598386763275374467134746194379285312256718683796251981939053021727825747
45384743147582260626144551057998051567861537509817050028108739454342910660384
39503373659305762016575713934181091753740256895309536459075323527288988719782
104651078521361720591074671941330731000384907810973690810947505230850510493809
68525689651136536009297026771986155991209759021949410797984925848850330549623
82839907083167081513904206730398996920316622592560728473526453960291087714014
61499791267405173279222119564926460625044688838182909985508640522217575925477
80525798494376214002345997029323084845894347145206184133232688089592263107507
104879106061168434595560991763834712677407038984377117675927948455257094373490
65197373911915913440419591435715710330069596115271774385529890568707893554449
54958511887469736692502201511476188679988761135013427289909998356915794641653
72920168399803307721312534604629162001693500295165005769503558943383018859985
106052178444044218434762699361742347359844937772651067178269232012907030524661
39015609956806020977659720599582373250248744008396370391756665103407286234916
109414285487967611240939605541787928579251267168038019544007335545649898288474
77530568122191685982163778134849494068120699142897059183147057146210518224310
11519639497667466791165748283650242610123520877721487738891099032173456826453
85317392063646936452815200078174442649426902594070258294179605704352672791950
56846229584994583132904773384519517824297696095047600332478470436958160258560
79644434713422596078453570289977991833899187599831538510461167000176562292472
3800180042327243726168307180596271531969459835820538830645707948386829653485
60924534465690579654934834927621270397504236189828501768996802267306380987979
99857772024367823292229784275035682133815583671101943667381249413874940653365
24233121553520305951130751818196077470448625768876118823027348726162870816621
53619550154258952466465768671095457155686348392288962363965800533980604429713
8774021912206118280520268653680834178548803180602540627874810900949668522876
8148431063292645568015588873594520802637878317086411040367324922962956156961
81621500760145502996303291071707704447417478553009828564303410777161583322596
74729088723488107120336889755308967266786062371938604622714773969706584994235
65356139292143834272452135580833904789974221849224631959759420761945419440560
105495765910920355833007577090399966806633933497188690789885947993100545297906
6467620397858694200767407800764413671229312890325412998387189123782045643844
60803506440938541931237143162316355548139129916493138773111407536314332184645
65915689739230518832750401544306654051903935733683346332204758100172877885517
77026478149047854909375261454850861953534921549907890513825464134942826504554
20662496317514780496968507435659039596236970267120011338123572026667938487173
41447815891411061176997766673882940623938586394239486337390838526665951688943
78376391084419543072752265726335202388970437489785744173514646059275035754619
51288221833143761242978457087079790646511553688012234004941385416434650334526
45876287978739283819804377109349192342627213063623653665317501025278564224301
84531312591221295876705749565164129782120673550357820137701473732317393593638
94365961951002908631209130617682239045736507708987308839604729672362033860644
115031681040817193480576061373619254448665287353894731006081224279311055396782
53994493099551468451877131459328012012656278201178808961024770590661989196138
59540352164694872046138009322954523434534426720330419630741663932733237148878
32032604104678228609161482969868243214370861142056860582094439202763391386550
24139111368938456275611519412369540840192335634731006463238128686441214543833
89853597491418650503708800426801092251408962594939483418527183656732163172027
72916124448043701821876491821431392386300547330247972081327837293246564677792
11060029636818084284354931111558183087924963902043934172659576999939626501158
96161433185860095992413860615862877732040398706564066073954511690108780978230
64146125466175925809241833038236245239471757993905008240067116633320094832823
50543993613636126588390391016957306174393843435217870678733842717620756342062
33825908626632734962121882884422029909264933949736947506692319267897670920392
41231771549945800736959725284789614208963145351425199640857692165353837054458
18137055298788193920828961293677151843180609150993451603950552474967407782145
73753332460531775749276591806455572082281981080843177652876852295925651933551
18504978037419222307727053493392261709433317428170345441154873505967429806542
43842345584463945390647837757631677931343855271153623113980495766056850781679
61472177949726036042174823478133166503529758259286325365465231456005501967142
7383561020973835447078310425534232732351530893648150936526708700500829001591
87845111658260502669493954089730023481923940621322922292787643047592097349498
51522286616353286833999686276720823204992145432901836931816981568167413889553
15377476870630419286949124738362929865153307251743756877365155489205858033821
364334718794369026608045043202340420456216026271254331161336093589483252251
78081661458696083286953861860646262852348208852095357100605181545621309196721
98341672396979795116939901889464470813995369099338943312900528230764010372155
21129654232850361914532838168581790105963496734135586976682664210173347792768
28380957525191461040903929736854306837755300524830469591697198999846385034396
94493631887947176196148182017829822258913074975057458057408236689186231820584
106332104227687094199895532894893674316814284490394101026619219773420164165763
8104801355285082679545064693419944667367653470155992687809697627971212614864
31963502162083800235687478567191113465600789652846651894353953552863751368924
4464220025586743985360275458478301796583662858628776971487791331011737513380
5366822950395375583840726242119720508069986989931788314399055953632376280465
40705941126105166612772301612897938976818630369573692919960932872752318057162
3587152978947542188405304358753665488422624043328994949882575688513445268489
56721653798106869529410167427755855461877093083137937097647474752829921392473
