51733340782965461602699109433486340800841890954611182070762956656782900660591
11719980001282110619718711003639991152295285381578121831692599800784973477218
28221824811089703267151026356194944454046024253216264507229046231962765568207
11986674889844120390106171789377852328357378495830851752716651969687782613584
8965003091567211840320476794928711415367184572412287617044315536208778907326
76633800705604850539913497256851383089958880972772205328800405320805726657056
34887156959122359498190157058627459819967990004344218333067350724049167541846
107312879779411129229363759808318065903436562010919388292341106730386196266414
56180536266237639641078184154649824132724814431957750574491117679581232542494
55852245469031778613638767254919539946777788354392273380657260806091270243250
89289554134827902695066169097619596293474777476353953724395489429011254283553
28340117157660352408866153641585947657083602769262765259029813236110129486882
48531926434992879083917475345162478511556064184437579340068695936556524606018
49922545795869023109299532135286144008450278097130459541428312519292420107454
86712101974349106786345425700595210205015672202549780008199700304369387692651
71279566789836397590817603721620120244261707567455721383368067913774566868956
4313543034983499856797798289232822685132097031149332298465497208956512170350
109391813400217350055907212164636838476133333674738933246305942285976499245795
63281756076841012291862395310929398210009195593671838701130115831609320415177
85071002555503926899914950150459090801259659301066019921442407090385805481639
107384657493310449914333421742990905968902618828324351526909230473173333303669
47436838696709031577277513052986198163910792607520113693770883720585901549298
32305615455028966360840407048167451367877649955963533690257468718763671048487
95874059366025046936024574396092796990665614586182292554448569524475920811827
102251541494113253894167330149864697413472959524937718723663996192453541794034
1882039286522251834818330474737390708912921796400402178565105437044229589209
36941998125854996365528137101091040549417442187425881407085386572420668523608
80328540775745512064989592903063138489068922913917241546773613559794095479289
11820263299935461401828113882337978107831184655137102078216026977049235892769
36205415269699466279373638339863405790501935718786547120420834939255779892068
1517614610446560619548896211198324810063445486695236937246574670555668865633
61587120071719217803894704801589514292575710491982750053896624227384852351618
43618244201178556443495165869380517810526757403340880014102524387754380007466
43386956011355520100968291059692890839183604506880378254700511925601265593611
63051517993048814703380884230191419644666658931321559073215645649439925030520
66292466154469706235685259121727883612784860181492077545614193535847881458473
105164117767022115837468166970722837608115482752555993760294024415593793673778
52724136524319820443475841508530917457037680943185672197249418591180531332688
97256854788175345730201687191731837456121044365690636992709269988456456780369
81261807167959328903883037949638025642773283956839275738074137698991506862532
33979338699906387325157101949116838388758668346011794613323847246066807384075
93201128563511162783304254591596149072102765609600511325904982109016214351443
31566043267689307007948978034834814083785366291040624419228209269294469417224
64993931836722394685841753798923745141654277446588797662748021836280643570031
35079073963498805907918577970873708280941696030745550361402524116182000695264
101895347104689253139403318776340004089386657660506340298627450633880477024552
13507064228920214954310798451846608989783100475388518201565407163385554860542
68409734031192567157755300418868545101068199548897443338356562607204425029004
29979268348546529923394517467781350155720321413076669337292380145883727934815
3503877478072383572990647228598352216746265131228331079100939232758698518277
18762446384938266363586224786206577670258236054008159143870162518533323490899
