65282526036308944264215774555045150989119158900751479728726979729451898875380
34566230958762831221441179412899604781539697569164800770418375464145457379437
91470339326312138950961640709801467320962555840825769404136833199593676376866
48046459218282299880820506374095051003708458743211781574768275360836827177442
62381804624126189993270652773693284284923893559319156858277409469544754629526
54318991395118471204472438389876492170899611525783332865757749454650477592158
13785236960305404380430782941388450466312076100258599324383683065318091619895
21891088879994140348802222793120745471422284464923776500940661367045940773874
59171759930636976724869115266033080081309218597163740108872034385049207252969
4557196258399578698120692451671101610927942939053460000484871860411898766368
78738158173779691565645640668641876404528931414782518977836802814740995905044
114732319949285760958610438058418365304792808041764033626254481478507513826091
77119990901558046374900585325648022679862340864942855305165030052860895257048
54872909897754364776526687304754664540699410925495163626991809412252652012923
47488908516967194968641669411669868155064245103760104476246694903822668553623
52111295669874649697382220278869102759374100625329883881356487612744730105029
83537511940764516601497702867450094071396543662841285507427190187856109616534
93295064953145232808039667993691018179937840931356604760406424187178847556838
112387432505056346399582772496253827773754605026427246329821200355399613857590
100548677161390053755932294247740622120244109769814736743786671582570711666413
111661045598217028807676918908693617478516943301557136846998181253221542078932
24092339890059922149553631349413984966146229519393212296272527455490133160334
95364232639219383971433745542120751826934788798215546370777580390357038377976
36020122187479263124803800361601019785858319613941015375727091037002520199930
60468599920376149421705311436758298586978322744716085509805454003996971925653
114170503839566949243329933418880605317102575349629459559957297783119826443918
73133611883639805607867292207705536786104147394663836691699178450112567661807
88977034405824500474220869453444586409163403037443018192557805033226144597587
66036259681565023250485945870760983811624924941193710651491163297522372136188
73933311936608287780039047128049494863380197932708179844295248442802319752812
37045478511639238225595280172075141829481668221245693169209870759040909763586
42961922211479660404498203469312113017477481413266975756629039935502862473567
1048311936912067114919613040876209437267159661942133366332188731071317827282
114021207381304757926150906610929306440530402680836249894862274916386138335268
49610620164620866470308642415591271885829248806553403351585298711672095739097
73314192290149738989965105709802888447491326976613164211755798306041504426068
25898573036364325442070036949334000101368722948418306877562358038893081982626
61849526504406688752590348606870851232846031116263782107654978513130725647692
93238422024931917865483500797893097967862347799140254179514194857510284598134
92410816403605130634233688603630710624746266826931074600393325096472743397858
76367698407386468060856797838570984679726736595458987518047004470338448672767
8414793585859088687481451664311000509149983326625849394079086873189682511381
108673613874049077604033892369723375055723170700496752422327788051101384023982
95373417898585314709537161534167731906878838509792289063432624466538840515372
13096964876045218100529524330446815936982525862369304075006443843985189516523
17202000728426774261316629102360182008808572032448966137381082085718274216196
114018979551745338698887768210415717905872970961898290408751070265103537444104
70081470049354506092461889767326001072251472093457755900887978564044060795231
104285891928334574358279511299472309140264067629331737239442101902569256567852
100487379527407612714675040749764201289803148234366565444884808890710384420234
78261863577468126577098085063043631084868431690800603624404058646293568037066
47156739821804330134421341429354279316893496292921542985114235112998820915222
45546381850939932998327240605637432921651732853564071890071550731875365445963
92091535429588916650204716454880594335546461975474338024370354175755774545444
6209426967692016279507008089010483610124479959395069441284113696942072302090
5878243173645393094329586031989809754043154312404802760402403445565081513825
28294155681167909702069223788828834423473545996895476439705302232727257120693
108743650909433016608895604993803692633301845350041556996320737122737075938360
56676341549975979218134190944748445419428948940630342479642085788181167074115
29920477853165184254434968408347983308213757177195160408164159891296291316735
17325373832416145002172501502992411957804277406658460806388860516225348868284
101574696572832075310571736893246191609820122709832752287846216255903493303479
61779714145495787432525980610175139871665043845590660828821358034047837755385
46919719804388018375168523485536888985924539389704828054912725681042880919168
103508743085203507900962466693694114639169269911996729436441349396973855376631
40180191381415028246975740046821872873909138822739107156571956883744347705728
84425586289191740880735039972184990040640585609423230608998333375175283134740
109774654216207690847770528019012539723342318008256416653749116949518114989046
26194368109785042887291534952556891056121962804290067904115996965685546703648
99608452273075200688641806468662167658547143772823490434518042622842179010923
71616209826996664768805731971069128129078348059788873194466115555706872745353
73482359440808695550738235596661258224776302130986372479900149833828765117071
89066192651538457607364824709156758706140232343435928144832538366416394726236
16729127249352886242748772822323137652806073105972086668447567814664370849941
1493667383205821331881711537394685100833168654581085629454064187743859105981
91688029324031071989501814727873296898958347809788835195851179572741601920748
45784392767908943558244935450164338702992607098130224638120849386133294921582
56433873857134485668549232737386565120369963616386370806062542334146959118087
71324706826431802069080505301136350426857510905489646803692653004384201259741
96100732524284252169320811847381569878779510092769708328063355308397235306784
71969239903043876820265622680951229368355619290244058885521842894629108029020
95625295383006548372296104362483153247381847108105837082549460888664763295402
30003326191568134647014523587829502714964225684935334402977602830445771008573
51146951030980470752207147599394776285513665865451879003542805784329717999981
110313386557017616168794525993272073657364982053191484364699181478752552184318
22167007134778112467150522719405779842636911215345409229182156710560196875135
59699246100588950350063302676986050976148428549990899719092124460703361041858
11709960213812055130246385302222745102070038243755754128958798304857820769775
60075843590628479287999873418655963588976524542283489870137203253800079865062
34447533052933642722030683018650632863549661231178804987045113112737431839117
52676217352364896766992601524630974392454205718722230472150297306257427872070
59550711560128869199442153501228870974158560783555466013107318546285534614605
78843881073436431820557124196628743451922041807595697479378017275599591335545
75966714479758192898283869404993377660497404426413679042453382332129773980449
37800312115959495652826016248680023064097490279826477916300912577317471537762
31390348638973004455559546816780312130656158326902619686870211342891821104455
80906107127062672272960222400433473179454229217196649303688345696505530497822
41717069813640864912962449229231799773483252104195717489798153170540330395208
8418399862755275883129737643493940276670354432992146266313175205693451058849
