1592210573278660080042338056372111876521571386592239620571109663175247765374
105350263649947303327473450686634289649970512020065820008963977742378856981750
80536343168359149060361855115550452979855385421401260642655167861149614209442
67744148843242532379848847542493171347486622460931991962564721854445983407398
26124086303627633991606976326454870257510538409653329755148215780370318054228
44016132454512276008120522336773121281247935380871734433157211628335866229086
98510837310890770030745227272458354906234373623503935744565479767599578590083
81444585745023805604849452621587305084367383524060768739406593383055472682317
25766018386871904007997421292290238668176474551251227737384561584959240131285
48397909446201168674641156376588858944201860795709238173948152575824887076179
75808132844418231201880121977490013843091023071635032084267848215567797776851
74438332267499444774994140828709072776936432108079443580116653288220616418372
18589154399477639324307171626854805235913770056130407714672027510722844074202
75983063222447945236285487736625095969312688372289768884219508987500269198681
32314211900922111200740434172041787140459241183688639001101302232750274199920
39452481489003233539040408965210597401816851278525584540410805237804668173142
20325418560402617553868203317725913360572901805060178121999111053391304782959
23209735422933240878727010757209143450122343417740329802647030274589507871348
67984950980156589330311555863482971563615978003887198589219295745750538919280
5284974889320324713204286624171238935792592273887801231607338159752421865011
14816324745754650963899328696667561961777532591695331632958317043835674420682
89340306011628879658414676924110677579268280907518577567829382617114115331919
100658986166766898416528208801646140586086352862583002587144692061825907510504
2692483746516173096511204614387206916488138225265854100827903472885865967511
49880071589852270903183235284652456348189927427217529214198451737954088995630
90682638700121232165755934959376247041992290352324800897389318745849787864754
91450022120001726616297077858198906764530948530802270761978265553336826050704
114019191574175159289160103888173403187437716799723296672685834068568904177837
64325143071809087521488087696696820645001904118432532498014098034167602482351
113668249213722996120153061388154647507926524055157761349962774423283937348779
45951215789834029304164356139921342708019959551434963061475920393161997329528
106489679702880166146403393592957747018899745378155826391674415484777728793245
20151078019854516185192800553298298995928931224279951861886178911448677650264
77574980384157445615586481492249563718549187475320325043161196610711453133959
22242895893038785904464246334082482139477553689505913076283870810792378436794
73324564753700467724649225328476082554643917332961278206955636903594119283845
64019954931925699721467698648928884853912626453175281247460170935703562530988
86269187754747953980017362526029024481398494800988957304083603359383216632135
92662372492960430723807152101240945592412304776033326941785740546671931819689
51020181269009462702547677858674389557299022495154702181024071443862819184048
88431948635058596375081842886074256827695774235227073806097344925376095292967
108649730354162698450143760344293863816202918079790927885506486744211356605378
66358693916275290412094398316078220261636856750669267216459232319882900384490
6949292367863606257435551475836389641908398559076744553065102018862096450808
13424635799477885457825800563966071175026771085708971062240136655687640782582
42780947178106805529441097544652100151687148680709083631482032966684108372779
59863123451710655653946151078953276544872542908720022502229829963487092318037
15869675602221662987340880260925809867114998886185958719176400829231515177652
106741909696843406542538519770523525231311869194906759121157565257871246639628
32571106316465608867791786814384175274510263123021250679645203632143746953146
28922499715458307648847958448320679238429651296882213674643071618442492705367
40871868523519909016807578417151556000777231163751141816442869064842531231868
38313334401512860128279709907519062717605013255515998798944007555385688359364
82037582903640181209802135736741487042295540892964704968383086354244558253390
47645201645304865762793150411212379518728865770729966213765371411940275548194
60219370177801432685210311148991609839787855940556603334243826509712485722812
71360387894017359822883687505122681037903797236777221401298532145263439147039
32561202950128274995437493088877743323309756235813636717955837527221298786819
81267559857457717228444600715926386903378720520946454316996965668163581503493
50893479766334833574609799255976489627200982005121823193265424498064584345376
27390008092083913693002642308032725326236234136725883063961582322140766617166
107150414025116732706592307484284764439187824423164481512495919114672128496488
45840638808892048037295529098248955096378272728152480020690158456631001047975
44855615386176438486349225568636808321452314313134741531901401724676862616772
69619691527954391610302522184286348333114006365277141738328613244915128546262
17656302873664312412664081446616252899424308072910779373293140246590410208710
79904709557989711058127960140585498707132168327080508339312922011354822456030
24824574324355729255332571427675851449173733427528740892211197180237561807267
112034068483625541637073435676359199762199158136377757934675883368712634521212
3760190522340106475787273793885416545795995074583048438178578251087890367234
92416837570711764300577916503536893899835345567899845787528326081993696107965
62223216620904476773436435704928453402602866777338225495151022652694934219504
61369514536149923008211703852169053370252361107290858434195690883538143654168
78608294116092557402819624200451177731017966849381641869542227752701569569942
114492180638669415168029708657315551753407637904755967492589680572862836829296
55166439505174417542491970991669664024953247135807324254303502951001645613633
59376679748474711677690104265030291783546326286804517895619581346872351046757
107729918960528354284858578585934204135438422929659890119233585526267625304772
69897157061412361895552439152626319211173675452263211443670356132970248532790
70360254274049428440112075042115182304515361030267264557600616222743267948117
11345655377268546090419277833523845361119382515272889198985795802545631708344
72913582326237681623766717526523721006536658355428819679647034527545919081124
90668122350546606766947771213980232360773929768085464395463755509132701149347
100390241709577977504490691378606717359161382746553323192639361085908350598469
115191106560694865005903099520689811407945292324059002793664297576595483001715
49676344479064266672343453323626146370174294292407280613933142741021128605641
60911575085418582529909694247955097915497350228567349024758501117478438441477
40874283958234410033540074899776353136708701909910013607225979893858599006376
37271581836448101956328163824233087385830070339347452156086372934943725139811
53341261880682666750864264685926173420195483507632891207457281303944122571422
46355168824701348095681046242149077728737183125568759964722558777618568143630
56372375463286529193578660733528859287982390791384399624699814868827065877702
100959140715350698962130966348534271081557356490639827872073782595681002347200
59549387893943109455459558470885341201478408331217688651615326257751145617583
6372701799505894903461461233089347212991178999629479407590062503880470643866
24913633455399912823966531739589476305916706517964029280705736667549786973705
75594910948516965955633885228120846057642680289294041634296091803217705394051
86641801510566426230302781879219397335573947609454077359988040116264484011810
83693611197247777885843564454019800409695500914782341069752361784086084884844
63165114307613947775864989881947587724857141875098132417003797482782431028699
85871991211329494090436135330703291420792565040819691935882942986317134557520
20558941778664633532972275422387389139048085096943144989443272276558577096532
26184732448563604223984197281076920467528191577166594359393324851861418784192
53569957392984562381445243547892168044245508196783826231383605124695967026329
38259231241382840518239742271647824145028543861178094511255437601976668074342
42881964532524318257731509039790366671846209945321133496964263052817777464777
72070053512423147905797767779870267956038119438792213817350761365631665131694
13102906550700461570669984462689071781872664181786005995306114639527024039306
35378528076203603672530048866873264508573929866975506497962522066779545414708
89502734641437446635800570277109740166894099614253053357712125537573556497876
101261050495277205186383363589722663108452931729034495807570048170640527931879
33203969072773077998138826944510833633096755977859227246462548302949643039617
91827661567491666160425232204284412110460732634720383454210728163342960322676
21891537622203325474070504052611509489643733652069599827538028008197119209886
77674596053394446543616302997763203646237482796970419104659765203393940136051
112109909659163646539633704159625659094479579211836621059893034192890210072210
70210291803772855947926016879023529268448548709153603027503073233882732818714
31031212057215900209237889098436634440017463982543389268497197033113112176416
33518660397560724838720094279908074237461087882765674094188073886650938064024
82987646642061118318636861688287898119505345079846230187150216077078225190411
86335113174410494103476684467003720885003544309594042942013264630434016969787
86289019917069083152155720951994833830195591490831503898600762452575389626610
101916958685953066916212578073285188814764149941904405112953454931971804057462
71780499704503373258521623946577451827737528217502271774069579780062948163530
82733927925141093383574400630435424226772356725732765219453510773364889452619
92489133890603285352250679908068216733529673321135626711396817981381451435317
107869132778277815942894944595920804357284962995442560770599340691743709378800
87061466288907920291400782397032268944667519467782803858125387024422330580787
53004137334175239514139055534745347424808532952385938776199996581574168318306
88474783009846161179186489660438030910227763266148281118560673347824996104413
111994967944792261618097704553276440102700629386444988100253202155596206716348
5583875676771868795685792752142174382127386126137376947143982962370699129999
16123956381775832857422786048760931837257273929097655116527572423434178731054
102396276438109381383113674577835534191848104888003109196772857384461849573411
46545186965942918391142303206508936792080343540453994950420357964971744883183
62431883362468391512868202233667253537788204050389394040100322344593259421289
2487107772093506784460585575536129059315222836044745289623065564517600204271
114319740284605517792862729598838601929326176502636756320202476301846494866268
29592773499947913243161283056272301286235030466858399884485926593544648942086
67449281778752014451002761080437650905101569023490636181574120966827131440614
27014496214354458459631847118342197372644097379941335536798274835648802916306
52822768247805115723859181018190302379174707566696358132272314933994474767762
72133025356090801320559064957895132648214946292227621726285925086404014787856
84669507950135622684944548276513966751980994115649622679060674672634504188663
86262166425906747044359492022531918426083569329357769429544241941907374590889
25389978777391402331095324002189677286684836665125735773851551657385800846851
64024595407493640787141400097033335248156106782953721833947365465521531045456
55438301676163303488542774883779776753624835458755283256740247073910298269780
9124040527971707002794420682481711714742419098444034182910393581517773946568
81615765138152283537017051617951879530256624248944760804890057380131119205858
13743780618471915079566262447930456742194759375235568384002900387633484460340
66843255133437512030999459787713764869290505860509287991175333701473590831180
44546254675519612223319323364119472220643624124262865370068669498420748685621
44470430091657776467690098102172055838010607236551143104196115842503883514232
55514508500044322478022589048787277644015217617876240901813729990693610582778
93084416875585861308399119523987191237284861551372679091072607892862379156064
9466780562657714365649202474158519145665602385478286165537614372483563898555
49069333431265642524586665378219740511536922793404834733681351392176829210153
76057873749630047948448563660395321407831768106542533366419222462456542984407
60502513370798474550302011592927026734621283527691221104624197458838596590736
24646423656385656482639748350732533870337118287111079201438361306452326966510
81333526106505573978253418296923314938326130609807794448730860115211481369430
13720185131348369042093854084721166234525852486349296842849172024502908303422
51710013398986072150354050966160717760273924993565265456409089158700104067155
52725783189661458242766533154657167002352308657878547088461958705796413997190
92632777234184391733068036767738140237161770186120489976945862130365362495188
91977923705108534523378015593409660545739152989995328123132765280583630790739
24954176825291051633239439070083906767477517315180789396473827836315163520709
15022062220762404196551910349242590611031969442364564871197641841390732929784
18737167283945555092936351468517033056159376413336693805421616213643148636938
80761869564378632023588827377906147286069884700352188256786853124256019031865
6485598189947258497594715066307760940498664733647597748338800613118557495457
88282250795705297642751739325707841426068963410971659202729097425981552245977
76828885978609096003299812308636267537445914527616887853283682881026514525117
15902805539895245187287830765621294753970498125310655045937738027088128655254
25845961837316411224923637686779531797276902435082372214837209679947524704693
37126610614977150558828677181933832084690751300156170401921947174594326877608
114515204401519299291627105102975776429474220885286428558220326124984168382768
109739958394138757498452767974497137272787643136185627274086166938536931484591
87247553003497085107446382211675380597559908998193101662461042691972944079801
101518883146693879917711040071373696916540591596280524618567212300299836675727
78127996958588387986547076183185426210348931803910928693677904598715119765232
80496944554567263095285488899127242184000077133585401211984217374280613471972
102110198686902702892263535513141788145755766602330643198168400087534998190532
56933628593662638116636128062557377316877954129355266895954167194213520028774
37513681371001408435185987799778387684428020391051598412030455280558845791234
70846899193576736404106614644723895341147634697428801136598290523496249950739
96600194568040274481588656556386442797025382673356010347653637431144240102092
112868138059289854816448418635792587009203282639571437970544702129414585908377
109067435922843945479541530792555633339203972659724878216122726932272059209030
21750016475208008114923714852726267275119537359578514159134842805823248615175
13273361032134613219214897925917652860129491047316297525611256448702113760831
25413869214949670488432737467084543138601532655550014962402576744485034505833
96190840920937355475313056445291249315536161190019574398072860755810378129407
24907987908693040348838779056451818510398323652798240368839731804852996587222
7958581835200229966200197131473981069959240449709694337521692796917435122382
50191317564698912228666412680904969647596772391898424307320322396670045739946
103834907159875407689801971677819615994647016287060756780754437925193098817063
37270094733522825692384218262498211042601355366342644187341406754656634924284
28969738075565780564095125934623311848469889338630646352678881284601911182360
51094106577959391768666893476909067359891753938818089832896298710957597283905
86671563405047367664698487478952283594226630869126779413988579313022806111605
71775300271278203714903411689474697360380306361366966443116150462077397810149
42978451288291907237261436542352246328233034741745478512966331491290120801170
73728156065772932222654483095292799347839659607489907684503248438762671477004
85883781322695329797710152756694646526804253141939097849353791076995955927568
40681523256582168941317080528841939864408575206444330902296685573334588325657
82287427573178748894692029620643658902526549784232278866118304985389333134956
96553569485640514329247158459406044818763743275751726005261164584132534891396
6166224113519687975587226692536764183467098688288076316983016513295153106996
108650024965909796652882041383458246567327751970124129039233766943865402154900
90566848374509062107648747018820691486465008776514867303962641305933019563826
5188962084892884402175689250856506923291209453893323069931688357877460586894
86865053067959044115153390051517979656935559601087550869676498459899998661456
32331035365695407146161667673590913979763798413402968516612416185867326316608
33439098164128142341902004583835308470382415260171720746286037666128143390342
8421419233382992896382139505004225433317759270732842335547521805694593099947
91449449914353021398963134230669946931342263703999820515765773874309539558955
99022806328731660981313495159782695821490119156500990599622578202958044180693
9019261275557922531396735780015521529855931457598383245347246364968445156542
109362804584526924727849272046287132030011126118263041358551821915092195339050
13566029591835990485705873115610096603392581398524044632821342613073666703765
76975233440133363721226627489871464783629837534442057529392222662654330329325
13681963465005290932963415859431875019417277818769232369928493814508072964051
16173237643001075070067400773436359160193103543473231741003803685858096700804
79708651341146822104776572812032561587556146401650625072287389315937955363755
13384668075080391901105732135576419886128433527037417613226612163174222194875
91573238513391046999250701433552771300714448674917238240822518272159826487766
36354536266479469302240724864521116495247934070255398167154946353833869281845
43570906159879187043841139308857745436320992629766660993623962495650551737973
107660637525928382556472772395138655122055031145918240424801163877228530905831
60946046497403438015876496639553048344949354275377744552615702788230196961041
48306329007371959169013554357631924032090409358228494002821476897949747413147
14923643898557812684764654133857440595645434608201689564365299713446552066579
18574312682216692281501041217230429887872840678071392232871072435195907016721
108974333431036306039612272196250530357744663077749177836055985614778313615650
10043345069624472340452531729003309747599042405441305509737195015004779061958
36616189099124556492920803114788658670581374969039198770512561378404910185723
74409752576625368088022717272313265893121433959350811863282402868966211494424
52964636173193048695991888365758289214149361202536277883403991714400923511598
56234567781198797071100193059517972691197081073560672914402914029749495733754
68843955539579646560702886767686404575327669819218284395476864059627666906790
68493778098086751362740128015925050452924118542581206746433310238624941207570
59496359037476825443017030690734527313860584168015452220797250776690923697440
97100754797386402616387970940852069293049344291117829001238180689738880217267
115366758570006943557212011805401138534025711927476644826918038718614310991750
44860286887028824701064888172954701377900396607171721293770721550628202110185
91914121847628499673310884581344377143539012213858244262296233988990821500366
3948113446626905292845325136418563307111364460485217567269429244069373336546
98878358922904752709782541101831677431371248565734677418582620590876757439882
102820353749495684228453081423813323254623235610251521985608117138385635191185
14563968243449333582303497165738193523354526120601092632179625711079018572100
84172704805262702229400477291929386776258708789026957724788107101635478133658
96337617783906951848595057060530113385553075365709982791185617976572060699253
75780825397090548166661798017073826934338900089773480494981381075322022324127
93423312951355129395131261743957690431848827488659071754941288998850181454992
93280375694948107128520166205386057925475783732906082331768934695940613142894
80651235958650417537591695120874685508860530992036676654980196669139116509853
51140759828846227216902657733548464613719620105372293253040416987244726476669
17049707367870468001785423793127782815304641435643528399501456894783991913031
87080549241340781938234972819126691958654983188269595428424328106099785420117
10806803097985672126975894270202974652512382861992035303083327635945289005082
55325498012572901006160135182412666020595126308159325801222604521035795984081
57750632239487300240514463554229679594361550716824108081825946836613119549962
62029365709886960572264105397926619778544901639014696466061000914003247190935
97498122100196707379046331588460958177514321266876359331627188109030283528080
13909614703655772625855097696348344319609861801381000809737839320680402285952
27960172515457541189123125365709892980921692509007689982028044358078538658506
52874705854782254754429230970686373638870880167970869402963004132244690327831
101940094410076847973152056943473708775931176306430650675664847481819850091271
47422698398415445503449960897524681327786069529206875143522511530762459401322
89922470267273374641252887532373233346188477072640040371705244251607249158500
82591090285299741047112383512006613517971109303940718446786813650397291048211
77053475995774201621363527854360544473978299998396627498073479122318671327974
32079302842954675616395979991719195560961691347765689182534285679896112528208
68136593990330192294144841429558646771685923508578911575577436990392699340085
3469038619228199460044028964810514966965225990426170816472735997713381079682
46615281441499394802270333161835599948384897447228105698536732302052641780240
51025806393533953658994513134108930509370226844580452984965024431730121234791
81025417516414048441587215422020582798910550120943287553392051218760815517572
98280015721972413441019295819983376346778190859372039078284678731739178616701
68747000628163373573295001258539959978065500535939365283121225755875138546486
103602508441887644485169278470916753482282959722199887037698094365710620201578
110252975866776660653007341488633442298092273114236048076900998988521586948989
30594726336930793510187847809254720123646707278681400904333692141269160181193
15473768360544954202754641703675423157071487392370767228997692201047719492807
21795290133344877765288506077597991775705845104054531740154432078512743637454
77374638561189281984046443621331693375451373592915009531278819130837032229706
56556709085433768398143158736637835960421684735824008607833862213911433108166
36094113637616911488687950073228570542602620850108311062957351665468581314976
3914056173024292267992720709623796308818544811625981218228592497420570844155
10174515716724602761585721750648830284930542637429073940897470123977304000468
72323260212043201823543751655470915984119116105079155192479821502540175530172
11364909242252447366411784733204361497854516686431927389257057036338985738464
41710900052543196296551493657094826870333962433757073315522573948969777727485
31554314078658595533327319824613160480389671344272269847401792237997862663621
38986108359328097346054163003651508631108121194205972714630057086956751737408
40823174302342887843230512561393222503694559050434929322286312792043366782108
112823004412773586603919162874625152881198032474049513971934957578186015455280
21731011761134375717239045526000146233101684508467214765324562027541922999242
49055590718159727274786837069526035521942224586680826367163614740752514310359
105422489794702709765160518382609490144894245587874662080428943384010227871551
90384729432542496781577831095545235367611599074229825884467075985848836529342
90983780774134015358155158600929413935099169374985642496168262306954431219443
56309700325193861323587516730265030446569867251885290514727073820852061614714
21329405759615257426129184963395599627639448441624526822585250982854095916809
87495944725788581902512737482565632865890145635888250551556071674811518157821
24950986831965491496383840790533228178328399213658271339861564768225433810365
41038185929017579147158682087405805103603203894352552951696348127603157103547
86475961891407213030461875458178254631260380219178763934096982275596533644668
93853197005465268330538782026504420656386548942198374126042563104357345399513
71784631142776505581765139729165633932316096204514909730231741719719269580457
8045222138071867065031640221347831398851308963487359469094259155711797840435
59536887474432865928787767371980738817187748977137243879269627196598932453541
93936670446242237976226347518611290065502832672239217307911317693929988198265
49398397150659993264902397812462896922105784008466810627974693436448749348955
37919462092069710942083420231801720853592127489777201529039769875557155482292
105749844551487739401417902021564139947959973883527854656696429515949274288976
74701841491028163734642843926476600774545362900192152087666119360182885414837
107195402370491319685590823232596848808921602897722121588096292188218453440745
24853621938047193759383381930754789225088536373186589322276836144777883308703
111128043792335962328384236676666698497432110100053521192566958685978122967842
31018197711786369458487901317657264415760107575636636062685260742345411808463
59232703498010934134984592075153337303140121994122926676136920798086883958117
24058094505696864678987632715700145937363677903733849496209572160779284321357
17415516929484962944448263709890136973554157787897076773813825658003463124772
60960769824352162223531807748092161236178526280812828337466507523148663573061
39404065702314815635057729884967257963189752178550125761706514421570443370502
94952543429971686335146878143449458844459013423175358454037448201078575406264
28224342737653269914476340918581763834999162430465897846285250210761533816719
97601245167078699327454024993907188510413144749095353445956970772380081151372
60125833245854725161210677305039918750163604634968483006750542846333952661693
114618092056485661125717111849136823689038584813996895095976839443098882410207
2073174025023144327572282398891435929951620228437828538080926708984026036223
52351530614016179132461630032861117529828477536525889304152756984451163379894
60495474737395382760866555102999488456083681957062100894280637806643565009454
69830901051823835328372014467831801031609908505304659267619967653119008178440
110027324407631886469005043284650442601096423336617265140810054806959641176709
105993527040395947089992530172984965755913058113387154632741653489529174737499
26240719416326889768882589984020874701820618133258067418852388963587695350925
41662651083108473139619682632079901983421879479338516347698336706769765032848
93003818547910789457802750556443537344071926811933863072560022694704392859522
11785832562651900240479964728453723496399732470458669361599463012078838447790
18936505810205821118299172461510276770964291868437665143278341522774431685227
66365827210252106262917400845084775307907446255064040335787852251056979172076
39587316911658129035400198270015923807340678905815100566246472717729096925480
36290889643640013857284131310655237271653921565698815329788856276487368331758
70564257334210673887798898730584504992611854775450903308980995099003205464046
40258410370081774323551758464449192505464465959684248452034855679642891683006
27341647297911188473902947358902141763663807106990865765158574701952781112892
12464914935107999355463493951518463130566268628179643411937065443544858578719
15605682309802984212452843079274460596568544644129365922027391373065483623971
31037211383387028895044914006044911284079963589637482475156183225134472190284
41342037719768587216171425694892827772127185961592860147279522211451002799693
69572949771972510967232722245427351910807361074605256666844697546771034503386
74184108724450905167798405540742390702821478667712774150526138212446058449768
532223165530675967781026365876013520159515116906046078539952939662219506611
62376432951002070634236678502754630277511132339006871788930590058465235478527
45135859913676614313132916007025676509768386712551888034279554683417346470936
21263558476911604884568388339164736719519833112129053207640489046530262653419
68495472281386206648997042798416862317211399163084122901136971025064409582307
89871980227025491516073932290378421060844684046563413002773062093376677052790
55533894496857082631688003005870056847298315010548504565889125235319108204415
88284348975747731991983163669020292565391574654490121135005046831112490150268
107857639952512422700326768194580274702360075900187898774644963588655503538726
61232185644777938923915909316151492370944280419286461486482996234276780409823
110527089032058350988039715017172085901934926517589909691408015463728548157617
16897745758404850147961819755466795578800603470719417821184822349408378228845
30222183661193657050955241302268782878477020998033020807963749808433586304446
52041027506310984461338112916303675753737633822315360344765474029155838318180
101033884199371416066006271949233736449593133263365861997796937693924461587890
89079172163905731663187121430601729324343383101475697997149892813285622104230
30410069351386941162972976582031863177923029677465453672952148784400248607254
72612863422277460845098680426056848858531474771513751994340256095581200330933
60270709766265503716523966065475779592628223874573404324516198347482422540413
97756945226192966983848461441866484245594655725273633208662000758257644111196
13041640209900946493583948061133194970664638531993716789053623237702957705746
36865056502143091071435065898409151384221601783238849468464758414976409720085
24034558534530142843008455280767783801412878208802955013671493223078421883479
87812151088586968467856330704770661696214072566816994412199695580582169636913
58327672850308015493737850948112817669479262642888406712400737655572737020959
78939399203369087144972313358293397718531076314647995602193153873266225529880
106011179478800175001583497194252061473573580411834973551519692631787992801834
69251300437407497895466136138781537568249779556409084405668027230361169813830
38707717088741160996708190296958892490649142897037597255060492767142357830731
102702586271855864666707577865637360317212320380932619515226201145564327497696
89838903198689397017424131660489486313905996705176030246300115215361876422634
50819568697685090627292908527575760569210125053621079527271586576045938568963
40423332217736785322697134270869318915016205418872787833868798103818315013105
108773233381302385433392245190378701034207561536711216452461952867333342517598
34933765977320260066665286070536742579627729446637000365750020905560166022043
23098694413568201105912247329094735352135485753594873496261384351898754477404
15004429770685474727605120777601369645925013809767720616852633323363281969575
97225645465985511265754685027929887875384603114723838135082390828505061997121
78186241806486808822927839844991882470538534540429403167831794467097736541497
82612644639746473858882186810594238191077828818515985004256657850674240913962
30207289670940543850453956520455707001048363813574110403230516591069696212180
106458955238368491056213619045781488748434145046918877312046330245384663517789
99580934781167853285736170884845653808868634311168248426642603076379122112503
4478664958011199738609717940502904908768311611870568541400135628898269959189
26245747954468617312045137391651833930291187823952897265213915337506377684236
46078653077870037203474488874380139886294185009785078941034945706022990549101
5632098571605106353257312355115495948800307667799891554493499563724763550458
105173221942736462038620533086936251524967801229600318056091992210207285358897
32959831012724850638627704713592966682125754282427299639738345427539447895333
112274202349858268143541352632640636563830200017712843066455394172648222482754
31363362747240958868223264382147330739002257176876507083451879496392741729102
55228039068166643024964233918832852946403544428431524873875980392005830167444
15404611053964566156403834990306918943640706318909545222836561434503654961044
64148382793433880457238607162486470411883682524271681944097755475216404060727
43395304265914672361384264357495569395180534801140523750161584739770614342736
58819497132420575512975457778278490895214239631561212871682557636418316270968
2974187207558158484532661218299838348670666696927780739330272706910093573667
8926452106545717817831259057544744962254953421662017973327698198815090163386
33990922490014530675228727800065548846414260982160950098367183419549021670920
52786444233529331661900935021786230874330620525583449687674163312539495214811
13001872710504091530516715063138306775078624683922244030240284563145316792482
30387372300655606593636562347367889776542575328665412343563981512019818432583
90657962225999849867457074930810083386709005219417722319394609378982267994351
4557202014207902034945097864815669340595000859721648505219718309656178632603
12963072338781533197646636914012663752014071170629330041201516831205024179455
101237747889701262989309026587728603635394591955268127614144450813034640009147
9438321269711159526007895948779085389948582920719573605489532634579804257925
80800445838845637965366018725807988121041027752681103745564969090680918169519
87105238242278769136962791274953043039719864512714769552983544220798292320895
50619902363584937470794374120652859964863353073917101447505320947201390404683
96253139413600619483108208430902737115553390790221332623649436677903023653392
110271038412342574059499663612933015560574099948189840530674037592756976904125
62914948207586050997626558682666676345862083689518016104876454908108373427253
36521723115337926090359343975857404509416598356179594134766785731750803793243
30555969229519786234563981731298446212520273035947239120713812801386732280611
92358538542325199230488911738117283851276092530203302504660561170641478703485
15073549021942568046039574196569901684906603096850735582823288861225171017247
12331504256583577296149526190157710591516855888193228291189183927098905109750
102150898866947704167605059739827677060027537611306327315208111152651346432303
37785047201854534595862972033027872929441671678254368730732546055136542689599
59011190689321848502192521346813704945059936903354431857142408176067725839875
48610789065395233211035105570056250085433681700910931887133657791643088818891
53459495366330314850114320969889454653448016634710005841494764732100742620885
41527334329819238353887047782936008012033176646253103102345363936101557037719
101251706426556263161566378680210833258679683424313792541362660543459124190163
88024271084832690181720448352132869104700852027460972552295594815976437322891
3661279691692992019518711868366522127726635803235167607795731920251987981992
49555986567826672601048125399736064368698895771582188957442356372004954103569
89796766173028316483809415847510574079113925999726091689691767580883575465454
67140116031088103550617350281088268500194864533647536323776823858234976514791
71170167580554904599986533271065813594630415880864821402461868618812308915821
73251995040744047248631719993951753534461332984699054771388605541676099089494
15652428215401840331660169397858361298768681958872368835574965499371322878406
103691530135729578544336048886404937590323512682070295911963384761004019345042
25615829447100673717652233330899352895395305736596069249298171800813149095285
39429714368144899276242821856060376688269553713960779025969786378540383350352
31599057114650072778432916086803993003135103155260732463251523207673184097381
107478925007096075109040772915883222223497507912019820176638959991753212306980
21176725938880756530557442863651133218445106330533273678372106517159766273039
23216907827899030667682762365886709355161473415099492130774466312977922078946
114140644048264790267026836658123498905257848821469623889117920057774449711630
4618147219853945043441670120294164494766025259986105232891363346545197222089
35757684600840684905385541476521807430393190711689936671389743073981483694591
15088715803810684248869374275010368409487627564359419825901416207503078242788
95493948597165154106923296130395685035801379282404662881813288764740645641727
47247458062357705170896510251785098492817819645420043958914544417632224575404
34517512118606859324554573772618350206995281320126158729599219812395798419044
44237491710005873472836657875822783167199461652642330426065894825436837029638
48745878549482722082855622913171952298812815372147804347038165361400858787617
111561988172188668090364284630068257368178966651628855692345171041166792415579
51330275945739197152434798193863120421655850319667156887563581855633004196681
6994575959727832739580439650210724167135317946725596574650749317524417320951
20110220537004400418565599208302919556228810413189636407135069328989381522686
107310656111817333381396147663223658147786871069661638393582260920915804575185
103139868476717773835911250390119686993268394139321366437084879677590567441175
90890872446152727228221221507362821838302386320921491906914832994582279963117
60529829951479486079307220740707233329267043466290495715240614453965849946264
89578750752653906179219146611266659641292473926579302077404576502871351966513
54658183382867907163797254178040369278854513723640848068346728775860803204610
50499733341903836964809214245100840204544982863727143770816896008285401746093
57803268755109454288172294501174002455556797799481876608353029783442511958249
102736194930326640210398319014158475933033894467053448391119841990579569182427
51997332229047678715013037467979994834123134363398616412202243701280280463542
104881058719507791837671179865223044708698901288025729726389500417127218922575
101725534547064552812999671688217996913008804441145691265743637787895970537825
28579641498027919316931976447570976701788953876304734727444199364993488831137
72003123700582699819069200832654323722054199032146996252671148207119638547453
23267146087219651713735047326675248125646595752748022764333465482548343710409
114069033656571978839369029903885987294336627985402321951164511996106831879878
69423747785170451650556086150615244784254877176932191080153713983711876908042
55613327720700787141244556399323026027135214754918696403609659118978371850471
48383487928712499447936222269350868392263726948920198662362469280857418252228
62413539843434155816297514092937655648867052125651395207940428007582641652672
32142675860007031221853837277727260047778667397845270415920825727976424603141
21535309879060362288364464877536824849405031897270393338494081630852424528591
71246179970096230569407572159598675617570041885608383729420916135960031326269
87177138112408618618652269237273163340451624082268280685689063669974701756667
882824420359919054782187966241196581444125377198923904381399912274751462679
95061031692567681871315025074055321690210281999287818716456933271440365691053
1625611951163362631519274527650073012949004853581532232586071587946057831582
49173307051110973480276661719952998512853558854333862077297024358210085460397
4547205881608790740176814353560415082066272688297830513369825436088885818788
60706930042150553442404064878341689290306992701507082528528417209103079276293
72923371468642606555214367924693167074884923395751986890210892902523918662160
