96548621082585559568092158932489669356008491942007543341591450935172304844893
8208026375692702298890646242178839407610678337534768842127001665392810165287
37976714736433666103338309066372122844756639201105311071886247802251727557811
13002454969786419478550023206072326571371452581358236393910857494672660854151
17394354086842247151836183657161422584126264594359432602785022337947213258792
19861997745759989396232083844187857095758301949507685944556431717413704575998
111104944780516272893960075005022558714106877695802201514337222844357268406613
60011127432201850297235747946429992706517536016958296920347474660040079776694
48255035813968028464398509414468006160510252550614455384526601046550588407826
88852426121645387344339706070567616948559350181722479530298221894121918075171
54666846755008662499973735977557341504101067074012862606776619295372887833711
36572440300675627714039144360390909051758342744138575843737896223292632313451
75408283427462961798385645826255175772522737116362631160347857884094698258464
89738718308741148729352208660825178711733567981840824312721091955570363058301
96794746954216340486964770251227752463020791471958627888105490224946845996331
65916889671112193830469826270515169926107553995384241235455082656204267248090
25668600621815692668543429884629670326264542910990408518263694703448248360431
89078681506976059675720487833443866718759568572101809956685277227191676922653
6129626786833972437481700522185675423001750033387729725372009744540516187386
54410881522843040959251968256779124288838721398906641014519448144674436275076
61547055351813180468752666618626059426265765269713611928010021287997345312918
17413522175086644640497223816753251123018063773495918113823450780488096019687
58918661309317496398288994654604363339125694624484603918481132363864239521771
19639648574704242609704299039160116191553753551351400140218697103759714859636
114328518450700220476623610055374046989363441340234230407802822167093604672321
71697109303280583549597209248173366671580218709572112694093364462816232199937
99189861147133251013192729889655772117898409796657708408551496819760716048239
23933163131808900322038487244542545991445936374474457854183305162490207411797
50463248847261569862461238832489235005783494856199326466473853667444505772110
9388648683571703051755619701528241245853912711873245332923525416734353584863
27241650883285675789157450919753432391479998405616025557465191977031452207160
79227476716043614214704757416443146688257531073456258161058156823804707350969
97807745117409035227342367627616554238854730545448313823086072145932068500358
110563766487297052957758119892573502622368538183891899651764728668603347454158
99588111345409852800907306383340156308695394179070338444582990426017646247547
1903423238066612464022992293192554508220459542247170768844961287656721958486
106462742512709507241499892856862969423940014348980904264671409288163062574203
30981280893803270930015654896699459366346879663661130924707565446282951617506
3396293603486333373726480383718277856419287781306728734073032207343403161777
23187950534254473976287496018218127634829353558321595132884925404069413053263
41648845074374234180744087129570790660377154048637461094630807993676246839970
16630596208195175034575897870367876082115837883599224141557228310450458935861
21318865166474044205450377686391536499259834070578944877484407627943155248035
76326494115340775770976082263039576977684755571405337995583112036953116343180
33720746464081533547896353649704698819160675461118037405689316807671745365684
57167237120198610373175275792580687221481636227810880116913818091140065502189
22247015703194236019355488418403672477823294750206417530765312465697483765055
47826906327863859768846808808152610038192501811984226183512869204165491542407
90529798474059038221196743355834367233118505068188409369166682160539609082518
76532494217671763195795720606230279945624935008702749729226305312246321569399
22177107864153000465309890864310291748929643390934966065160996695868882812246
95667320448987387929559901042038295409156930555268762424245225853795202857979
109408125385129023745295959632033896941422987092971803745443047930247199052797
107129653199431687183412055411540427155632267483578852332743031197604407496798
22669426227242517759495909184009770740570593742505426866106006870865140269153
91358479478609121198295927953802196277471371108909825494065502887442008422728
39773181470652735317310766781461259163827970669927064915854463349774666103786
