104807933355205288572079693935023210825201649009855666500988900984157811189396
44536638717362948514980264422279171179554179443192843011841674049931175983524
19722568030400772098824982793954465377142133511498706070369720849257044509927
98850718900130455582338479229665329997809284724458510720148889568998341792074
51768954321100187166610895655499415982578717347848786798084328587590749670934
30814716179090664791250509155827220901372952036418919160047404009052977435600
14518695788737879956066814385870774292823238087795870477863914380473348624493
64267496409992097972197503931140876988306401449033828966161936230836231443326
56777366129087476303524337487650991139123000299778918556678473597876695141998
63811134314678736321071326079909991146766130452589984033793633577021589481696
110755237387082106889744254405063026630690236781482347303556498304191937117952
89255382842020730212917627837089021561824308178148238668315179522864594763470
33790264020229566747030727264025991344840853333249093224232348334966323228936
57406478421045498666025709636775612627167871122847058439850236179308501122323
44506775747301251583458693701547589735549199635986333738418701681797548686771
73390674029385965080294905377625715225793524384100470113827562613445730303825
91499418048969447889045752210385686061809023981341242782195265137597314670854
70670068662252265806766842795171229521892017286325555019648065128761893963041
66559826938931314493811627470799709302497841705640971365077706318124672466522
45001658908851399521972124707654406929206349684657117565058603605675171213087
95014770316813372908976600410969622945781970016306958578749326401733829314739
91181156977350728848969575724923572485293692098346585344196417492057977078404
90338144494302513816055694773706790535649873204268610755023582383570047048202
54105519429839167328410461787430007313206588273513364226993978920390149805281
97861227999304625983084913955262984855342865354332072246171219767005584629220
73371474686132733353323227949081547499598163645912285690886007046120144908183
