82175067505087135788465408474431859708753847544300630988060929294981660125731
106953960072837086425770706809365095383943100612313580136554521049006123798979
74568363569145479897267064501117189042315006511536608701925440305498204401882
65638227401442974293449223983512578861750669538093112537796149187110721761144
4585535922434717760236332878278205447625618452204808777308707747434545545306
56393841520683835451967710567518975819975744680840175473359577375131907000375
39798203607782191555528138259953711107296621315675044125971757260208522752341
89967012206946414693517093881394132314100813855280299425846014633364948826689
104831905699803087972191726241965402010715468915914192764323577986069087823809
41281955696382742117796425610304568095867789541202351286715478402204245118236
4009539013069755498472759047021762235326530542025106898806816086656786989808
43275430918348371632345352396784868983296190399608847552446136143449018023911
94989757334122970393978144625114055610731711240397084828500586813051804141890
56757754047382641618775757490678863811904659838029313062623350238754409527370
56206600183941421711671097465080754292871834867488236857861261843181969324620
54176949961096985258664511634076822493655241814456934902228300454867626519995
104838433306941392312211410737684759527050388612213757406395963737420811992678
64569968884069780550430604426767056747973241989583563032586844294570672921739
49940727028856300164560383960781246512666232894361982119705560813207306275768
49880393549034581236615087308839884512904654355462973908491065834298630175966
6590966246247514244692097524755779271173689856037053539276723988821258145399
105744995179249320174030067025305263325405844820481568056770117240380690964353
60297863652706339815261543808544737490513299281573823393574342583080703497946
39324176855313375957327602154745672067860628794918094211798095687371679855800
104430260633285263488800289248615687863970040604904718446526515014761478387208
109551228682610364048622518495584298527608763153902561530668675952586101328809
102289298460057079333056121862221439455002922746480497623935518840203689962891
58988080718518266257881340950577935235298488855226580336431075662152629953089
34640094632831645186725160536344721844529669092892717344195072427763179117121
77450937158420586742327158011564683230086301764575542685844526846715656241042
53484126634255395410648754064247852057906565342698247725316220666958706040064
17083134410565116243024293774112736152393892155111638332524436665082455292999
54403566661778532280313128426836291667822091021789066194221927485004534583879
61920103848234001874607125754945055639563413620001394624670792248651490348742
22450687566359977441601818469528079381503695478247575177410624980931414095166
38491544782484417895061546268336602235596735757228765064439710495707521592009
2526952578528922954979825669699952889672123453866743279985660664600520351897
25999980815108499505576728205503174819287810443042706484526688160250360938180
81735439646849515443436100203906705265592832862587575190184256708248951110470
43897732695195285727070877146555194322260990778265684339032492263584641539628
97601888331361282740076467428253106683839301702588882804692160658359402237448
4697479177412718887680143519954122531718625908330661462386185470333785091414
10350912977172957243652539720460833623056559836996309254928873427565895265884
101745808053385464251936898175444116593922967629921496866016244374966306363525
46829189652516639606649202839058736542709381726225600271826683051353025476851
11117374174293118683142480065325583607292832282104333543288925232517562869675
70752180717063645095011676619699298467953493115050711586611816581849647952484
17140406320359934801834218263217543051928556129115097751373063356601646421914
27684172480404820415324879876145380050410896045878488958050513543284006436999
84982131558247414118965374811424561748240404406437130274055643648760510456368
92009139459278946623510930471110073070265485737107309822724789463549882232492
10260162056768397075964743342742349875005610170682617547120843598396513852858
58325754113637323843326713342214611240930299723108337436783086693813674857550
51521985022152392253908570729684985880019658207530806857894581634440445906085
33668383525620045531985617859764887344583325411341653966991789584639973698320
66756031002832877675855103496387989210896886343767240354994609990447161354382
97126830126897772571080119542190755762627040024157782788383916286992181367798
80617152694566860053027568096255644406999715272377338821880578215135221000933
71662819657982706824617300854244827580594650572453906239065246500657693767645
14654887792127820814050232253473249906406376687218408725477272520264342190828
31105536836385127408681265946154920889731709238338827216886315351452195872731
47782688580383010162443145350450488134608731614545513474501330032761508031675
17856292830089590235624244667419367702640592955257761375362368779639327460159
58973525983993886774215205569787783672913182600266085737137716168574725456903
51900525475699463517190811276210638106422018779242656791608567331419248137913
93789346267041620706802131669141887950369835053649441101266726486676045258794
96369421360619777080090278306235275097310559775355660488228270827015942284052
73671931853439859256790070936518183938795496688414988713808866203752636176353
72039019880182096310971279153765200927006178778737033177203584639236187049444
66010948390603424224422306775409852066643995003569366806836538260767964900652
32831636982649966913528379049084935146505304884293110656470206504289410563013
49580273860228499649237227946881412727380333852675856668600510639888524690743
9440870382294326157399149737618745925007787432686124648248108939523996757641
50598442868993796891827483751834959002143367766493404546464914476924062120935
16396176381414911006431943532829557547519768616413344820536009742395565230324
23857429129597688375978327526454859234433052688327528650076772033628636992249
105542523069561088178470349966572773303975367522436302813126327920447735544208
64712927779940063736524783251977392840937848229786241482515475603231521875369
34934142674908110401675248857482092035215273093322719821847890882109938259305
76629628814728981418816710713901291227327143241878829494481792224714818397395
26109819089970699539768115356548103894138112908642240449090270936727003271846
35947457169558113721051601797982174984850694902277058050923368010586731419000
50221583594428009241863945647599418718103763962339780382732648261903595082464
21262570170830623223608170682449808039420343716344394932283988099085636661727
32458881827121965451590308684370891092933795412626302028608181729363160303308
80641712425395300676059722419942662397546659473519218067859805082360224276528
19434696295096074355626344913032020071194105697178671468223604860831765991234
61756020158923210570409961418140277055981699029359860552586353894181507291076
15207013086408897640293066482133397467838849250359272436026456777206865022303
33889263620070709598883737565030820258344082993002600934908820174186989664376
93114630063031487331110701145344422166741112359242984151826994729712650129965
57405278494271384406890549436048552766831606837167438809160645151943948223034
88418749711070611783960890153124179802817165940404661146096486398398453015390
6074250478250279607672876966753575012961774783993240016347796601288487460785
76652733925558559389793234071849309929360184717528449596312500609878060664163
14581321579258035917554593109774678041650156543884142343411154011253238745121
28934986226943078744006807828369237026573216672509963503907443148592538477688
57671340765512003484809010720832427634365099799215246174375998008568957151516
98584192179240365529096455635276171710376594798687109780940634850821714646650
99062237401201368611028323803847560870416054239675263083069423947540563138382
53748851571212459431971985153849302553948188126034187130244776696670019732059
109415393235431445287535950401093715322202693962508172538847039296125506624844
62638292624928056911318086338218012796591162708624585827182281821843463279775
27388454920391138194132823492622380238967861417498448754095740294789367624053
110511586256672017076638300523772347834137450556566922964925700715321496745897
33954028798501883583644383961403663537830314771892258698220634254029411094365
63693271079241233334262556604522361688924829323574432251916448448085827101937
45895440098940414381707811440719077538189810106304340731311051581440229682886
94223550615689026236943994804166680274447038812799875650608413141944409538
26744913128329768419252674052168311431682787489167663745924199281997134114415
56867458036840167077174138655361190397901755778115672729040742422738185657154
24984953767566449300346870627470454631610086198621159370627460208916054508331
66681676956843047816156346529813960285940298841887315036170272296860959029177
98248614589694884672736573869521173352176858195709557882021711325283750698651
68818962203037273717145597451454290407622156536698182896838083001491984198798
5481235732970064547231881793100596742086216180991434580929554818483887330980
8383762029196521757534963504852165872066667867595141540643040051549518806344
91525729755249744169164916860877093425820808955712740134183376284010855887628
56164325675231861425010169391437030493207047053083398433617664603247018175762
103522188984972910920318902641740113218821255144996281954051855528755834028463
78510164456835440244114496839875757554049069851529807612412094633893523426415
38536834093431313212551949337851491948948820698144930619879066038220586813589
60646594418752950752630838257597866658581640395323011740115714085083861999622
113571937845718150817266365490878410939884824047846228614535271891205338220247
77818370558297586829126245019708459914252134892936317593807458220817158576314
29639243720142068756804515776617600739294117130949232175531620968461764438953
107784796924651615297289562923644125983389826445296256087319098502474676396811
73369486340317107219628262924982845182790150163591612455449818252523141267379
111384652322622822667296925610228100701249911489563311626148147514585917880588
67742260026146835703960614063150934492607705604003846842285034490737544610613
36294142719090484550223164906318791362728633928189053008329361827857993000876
14770505482328503207435916411830184048360950955751499031658147064383806478308
104039971280367395850787342764474751927043215795398822089175300308775185714338
112566804288828716862451922544440095508765551529128537626603396846419665918861
30572797471904803967412162217753449025487299250464885769178584731985497745855
27240028853224761255537202154699448717754205640901784958865411366756333315902
65695096329590110164179619696109864678183340037699026047811748941005356332959
49202486620321149756423379123549341664000090433476952819955302062120098332235
58928997116443481962747634860402812811441856223027681899688861946969021260591
24615980580150291227404562575531862304275961802087956839957877337810378231723
99806321514185949831298581528141543554931275172923016385359406192772189054083
20935975219051843925438318710578094980179776545342817926406502027851809234100
107957185449117204057056943926783004426366771459712982157799355126518766741951
39067079298811232900084376071839419039864442012684985100735305062681478494395
103302365778697773846903793158587180217185301482182794961492838908398451128563
65900287497883461132602917725699700979973527381921804196630271137918788464076
78966981130707884460700485190689544536128258209141879371766041516792637998615
24190864172423155888999359219443077941264802139959350738317828476165384702749
17439409885491672596470065568504895170446028756611777038116791821960018068062
36685052388094688280587030040910976203828569207090571977618692840305582948767
37698012510279251301221144821459871468425757957354073423426097248470921200738
27811366132856155870309422908603902705410342479958329244056013266394938617340
101684236050907555617173513183790049788535128862847964795214790778711648784010
107483849312310575287143563433084365684076442446287352981522553977736874488938
7550991515562357897525472704965316925886169437803400870387247601704257046877
64602260338087915607052892406011082344762412413406958505847164059374169276519
32912319752850544104187775951353714071672574661635591915208594634719217744281
101769704106636557913622459810382545765762376028082771814363017637756402130425
102680721282356626115241542292381199322038038268093123035742015958607926724467
63939908502430772994970179543137839495792671168158899841351925336164538519590
58731015355664277843910174308960370876472404548538088343005929942879315926342
60647046507098769747583817773621533556893898846813765058943233573166105161268
91706963805704198379838726750389704782270734663470099773296063541549096803477
46555301649136502754837777864154271602455724037392170389360705785280184633889
95477366210813808943177085392524068704807276590109533273217474724449095807806
19929270534818008026091595212918713725739505057753719360150755770905708598575
36205836885909297151246815007290860757766567571264247221622318081726452563852
23138297574508745463005864895423239153006994168417755414641617053286463798683
113102109101676638131105732519233367802822803416692943066761791066708801346746
52179511548712422628483266632534989520578763554364995641089801219107375523239
64349284651370394560660832462819621311417130442449014489912525920816591043376
12609451690562901709891929561624106748163329286379415174503813374803663797218
33647253272775311404646158774198456396806297581833448689016015264778678287527
96414234476009512498884836111023312250029018321682730721790037964390536447832
110342692898960643081817236194598169658526963218152524661061083372192168804355
53279435104899996218652119795163971216797644831165371015211850537353237008848
83878145010979429662776634833065143677212905298272037997152630681646875837702
24982119765335854059812708619446720625555555090848622518423432943943711012741
4141224436465687877956927394014776966505210539326916738773954510887029179217
65793928529333088191017329043353434119693737891590662025092849649155957132695
3442787514504767566769493597490313325181533377097452213505044604713052289690
45665555003670625340605448727994954929946705457227996573924294884347036934912
5102124777381365627493292956084233653745286405854645188835282299386649864523
108507480647625543420557572163660292633397663273371761154015895569956994315528
74054158395237275169805561740015811560684387330459145712427388736247335513728
110144612803557275464442087578238984476905008766664102295594990015052963953568
80278850921950963003918611919716140657065016413175118621166842000061729496733
63899134480254571477188371284592957225407255808191970649907321817475693214515
57099109669838136148881867156067642001804376409169857465141720896868650700394
42671271515226711949633201461367633299940083049126452129115767763009898067085
3080716339930521318036641497761491676526649638395683848382275849173079987131
110228976513431490802822439597603852752698439474967345356300754074835240742112
10240060490291579932031653670199549423068161066183419588037078213272872735708
91443985364974487488542125210754966956158504021723076429944984954269335810004
4250594178534454701253488249442059863890671827079145279233176379004368814326
79749751909690311311671915567403417963331733444042132963219444248652874932665
4766453342193248525730441720656346831236118529667602560778054611918274570135
83732698708036174414618649036833973743985941944429449839300959281913412554805
99602312478194169422074889809181781257990376868875190546768404649354152983261
62729888736640773697678784178106812709947782336989838066218623200883538228700
