31904664027869566862835289767430935514325953087009908368420505731706005644692
77111453849300179946049857579932909225848783432604674629599842201719647263317
73767999229715986512406707790461266721199685752195362946158793562052617632628
113242488423664914197624400173322261008142133268968193689887516314159834637237
98937904340066117115623466260322440168893281135136470403323451516859571761845
59930998030364032275052166586029101724082639664520852255572994953443465704238
108133170329535629412687913656853983704391169516560384124955688014193833559517
67624117056917032534012515420935545643397419890144077838949219317447139589171
48504425045874398206082358443454894388110929650386608918957787571652196264951
78143831734541175047912060586875437403943104908739521628222507606941229451825
91987712488102033351456355735390165827316263631793263224427370877481753470234
37023577321228786165813128180352198027206188084472477143251301535804335090991
105262430376065593667162909443294494728746876121237693484265780420788924829507
99167471558498531069775885124106245582201744666748055651338667103488309803582
27538242451699333055131916650164080104289081350684206154544940472686338340401
110798624193978782070146127174335517765174400001357753797315240647690730410244
15506695349900182653945346581224718716354768039680727530856033715083352775976
106945742703860830674784177514555069533220107091529217253743353929128944067641
98185749096665089858896658844179129966697777686377062063275404092816842924556
78339445980892838762649760447843878427130188349432468594520678779300155885519
36970912282732014766648328311542859605311584200474263664262207532885807170143
69739192781938858801885456896504703490323111376831634675250712453598848733086
108856657425061058159224068790949332974850486249015834337027740124134050627559
50445126480542388629434678696692376319265394133308134183272772318863716058888
45849023653049048957428999781195505488007934622917473106848290420867160085822
70839262573799591775956211420665549965910987193158646307398770993672567335749
23455760004841772195059053642226025662644389984882951855953513793209719050032
62473259379991206782083925926072278087255005137803940967363210981023618724548
13772377154304065661040180745341554787549228149053006447954221324741563503226
74357535334557279150831996528089934599136713442083168832274366461224158950776
87033120916300018869171945963076173105173659476513621894799083781179660271632
46488444823342953524906641800288145578956799080340017853330844689945828637692
110276133538305282352740784678981483288362037576822585816149882053871511350413
101218564081458735988391142221204620938507924859387121823009362651303960897409
11761935641955662057753438575796468535331650454325302980611440749011935127309
49296537036502042496958864170658520094868650447569089627161132503882033296039
27092777580493950805268838950549090280278955101874665209322038663483926585637
51674272828996608197806525372598854208955968647550711207809821055808888880314
60078156344225427475208110957946447866817263717052973538592003316295763126085
55732908371376868614165045617726728473005802974042726315460146164366224600835
31106467142577591056577674104993687914069874333793011685345088764686829671179
46408285312158713916431672564050172048617327283957591984975980960774638422860
82633536015866264871518244649875034523661890591099160814783815025795970801275
6851063432933707674047804991926139066920784213949689531560892579291952959127
15278197595596282333539593391364308969811841499239942073159950894405878193447
10713894442265500814279816789330394667723834186188457099414963702096774775650
83280274991489928039988080730038896353872600335357625808240282413046028170085
8250809223247270623281735702501566915323471955999957642626159734707368949711
73683318969137715234581490390061988231989178143346082708839396933124032137964
52246261083112202920057594335539349871006858670831085366336735351765186594915
23449472809836644744255948429753747138957282912405813401794960195840598143696
15136795681638714766689468705374255238668008650360327136249385928066025007751
94974795609953199063296690528690762971050454314219092490429361895742384424346
9861703041269239727079211026968095827429544946468731856837693914090181448560
57698777006013937247653252647126769923446515549689214236803942854046745117209
43862294388431845428835861910989409599911608890709269925837325042306784813723
64417397472625686303156505625482988300257613380162751417155954786201076387588
82302029527791764982147461014333294047712703044546178276415475149862819128849
28537643583482431248350429404053625786217686462322401986824859336779693214962
61588774343627301931024907193515082434649740196557774090868423833484426147888
102945765680504248980206772767612465265175143841068210343565143427504823867589
35357265238138713238686612205029218578389682226851080382495898552946650744566
69788421602523175777737567636105254291866974193109028315193021479566342702851
57609118152880052898851606068732985308760356031600011346059754996135031602787
36440737479232230242688344128574604819135678196608481789147535103385278044099
91073332529466002901435497178749676414571961938080587092405293218957144520929
106929533887906932917228931425864860922334289932358165187830680865788039299261
99911262974826871060580486843112218560820731692903407604719748981086641200326
31579351140018738800699219303570241931403111151551348603682069066456588918007
93594632695983859233554154252954659291995205527939855415910062263566173410577
25614210445606583374906627605495797302057674065710177973420796799116223130523
10600115066097664703837648271092402745622476524472369825384485176068270994950
108831365520918758006788124963405293321075832026337169668045454492489407514385
115662625363637339529756255770337090511384738854552877475180860999423453017097
109481572067106577029394397146060051781302467425680390392110999693235414276
26775822336827936342917981747030413029742520177178734513697733695612800659582
37975154804636817640249886266465460516117695992439226064306253561149385541979
32668468447804054031585326185448732755865189110894691783968922041615590008013
90824182681908569015227957381537137601135949143570001203777117831141819542948
36452437114595099546528387601988493649877493051016931307121227515175411450654
88176981532062247791797407315478542263017987490657285908382830902575083857908
65424585115615438875676476435499127085406051880016789398139742405015132673768
99093955793046990604357102122862266264560257525697516530342816289431260477065
42555051358810485522435344260491730702834329908288215587681697643351391584638
78042548463191964150541635511287556607650067944552119464623860149141577491462
84053701777674273233775368401213378893609802708748114976334075911463591242059
57658002582998020363002098541734502270821090610092703119816841189844313397247
66484261824593700584298682642890168543131288474331249909272164338333226475531
32898048222716548922616799939145136291316060722792733487847901633344452088558
113791570166387619080706054329873798823737523324784975863803374599344781870638
66280655257591499608768536850460556657998402419504987346417563306934539237998
