44397630030348170690627812931059710524263264745168030968417433553372414701245
52753711320269199935826274598388275399426014643190213720871181248452601142012
35743121592512592176512812480221138047444973855634758863954747970352657417167
55977554991276157750198782584183996635642354154437128604303247539820297564882
27893916903611826191938142629757866538066069722647548021813207236475717407933
19513605036811776444302695746384914577100362470130879331544018074691364778341
28639824060368428456743729596663498231343776392833761752390368430079491028652
24840200859900434370202111926398262740305406730533062627589054500632157409454
69753144660035339605390748699259354778696619476946860800104473274046588525923
25610873358459257005403648700919478116045343461451917830418587722122122227260
87243368370223443354623750903354589539585838104592897617036445323165946415783
81301616586694589207310653537699924730699958102349862097443122918165809107137
80668143040617342582350230359420594444093777449685860092507772995487360239430
110069913404151617186462356230925845828829678523467294971479295165006012333959
46141083398403590257695353447505889896283681011866565766026948938887307020135
33681577890797487265953025128844233757363867250776755467686511032910000739927
6970916795780952749545083978942997060959131167497389974102675776909730518753
82539545799763529593908181017345752167824818485415587555817869595065275932712
20212994749087363610091043554414406236217771986144209026547744539425817476761
53647001057878057706940098135036897802018587432299787123098298362639435764402
97893563865092530531930584830231392434841720590352760939965377669537365405425
48228478538196947708864499209363332012283439870898763985357260111980449916230
69667433937262500045373443810346093544189418894990841481635558639541294394517
93992540977527047099571808468649859079309663605278608973038873407221356480813
15605920651225264927084428087251446825318712982087998571791907645070067857577
76610268941260917176773129625641504689191858519382424672928690383580519716642
42112830937816309277313918720011912046134239133374414353219065265900279723783
100039663387672954491104451509913420349275934973907149909965901404196453320566
28943145478898309562107181190665910324522764651850556055598499191944056435084
60685977240064596241093771910470075339828121291970730760897822691860766727276
75652699713504304675542080383976963220541455462486270441347016874040046275409
62404566101394329784028733422622432860004507214976271427197449055588243818006
26186755741532176554493312699211558640718165863386746275584148591545272548780
5059893563286000658780792459430852139199216111570384858792694801069765904440
9220403139018370026800812604689498438589585356181638576498376123131015433957
47142334738225861747849677519522160887462698057416608599346102205451460626063
56393153620033977984646999608020132330525599491406171148682456469816556220790
11196320278409433384837676152625248622562463096469390573133759269023787147418
46578787177177892010893247982756308239141513005935241258681572987356320550674
16091510127690466675106100006479913873850846896446044755325579131596976559799
34088383109908388156465286789060728551373663602137308979558918214850372076385
19317226922588575667407149223984474102143152975388443678456967867225163005838
113730363719768357058578178907318219232841357746880853459645222389108074366139
27858054029321190684086283322256982239477403351317967798224092842001473438428
80766794316219740196620062876842140355629233880413496170060518431146276201185
108941896861770702586915449169619089612488718194237157560730694461543501606004
69721771491763092835309539167920490920785192756964591477748310410850978093831
89527290099063016834879932094306296083853755218862561749048642231461553004808
25039203669144893874378560622348245972870979625442994843528675428907400566921
59440579270858159338795954888402555734504593098402721256875233585552472413444
32848792641085397244169771313687325012393714080432897991849193605149670569264
82522027814254923650587097805035633151677142906629090173658345964613752480382
9924440728105374957624662495590254776472744803108198189931553479346226821040
3649903078593340405968992292038547504835942685937919630606155546245288078592
6704161280670913186544798283904965816964961394413901271145956262730821324419
13838595774939330927990915160261903657227031897615182131715978723513338119739
18828951862856902075134636354657058184727414909586112707953993697811411190579
98591191864624306370689684249216436308087606736874668482939949565661309147591
60658497960882345452178762725779317417542209772856686395599048280590710182295
29115852001500571150404134690486700645542521107206384570375965446349850095751
55466646228114729104747621887912629176187904589972638204027778370815878686263
11754559286690001005143511845320359465871268540733115855453662942923412511409
91849821324092334809712006740001079647955257481259041403083724056934499167645
109892660185663823073219200352483958022247973532480757892799675463580270353426
