65674413615031970163667876567266858066235022034242494528579042380440610270097
72272247950264913508369063825178910232823544805648012197667034317610551596374
22048650947816805430134755385674693851690757168049926757365273270226100807427
6909195082885634935926982353183021607630584764662556285955742753110572610332
1707742732473090268780041954609371965885659148071715884550615536682294438996
17850406135973122511748243534539332624939701203273474180530619914592834216882
82618808584201637339139123745665210546014646576167252606156679100831743061580
85727375320848810700067715298474021785015168714635187461148463944421156271632
81475186470152113046330285939305215458074388178107252313455448065614833249208
46812064301757103960593142882646978195696470463139050482745411349862156473126
5420495853880931223800891750334991187746287552855289719774408598261662244712
42023445923660713692573376662399312040475260815569373585567316981292769599181
52650914113984337762253091519208777740829736296143536746564291621466852622332
5387801652080679513967023029059331220334769134450187298475303120608026891504
7106274442640017755780670815719229882703768658399377638224285902799665437576
49671990362134828581693972529182630237959041862013475443193957080914429531966
6433889508360048319835947237989329574330278763020672984333679346763278681083
20276439875294463330937183424170801365960991787339492231428907611149812420779
41783043414105046919468529101143653446798071485838946504045515723387426093016
22440808670193022409549209513194903309565228237155280212475193952421665521713
4628179126559459404818732204021778830092749960837115126985092042142096690385
70783007663072301222774733048834986430500133345926421675084547703926809744210
71712131813273868089487977685292718594298937106666463121374167019762398152803
5616082909409765773884348342989801307255332214826534855709067060302333986561
73713088691855036658502077849288552331626526383176436009122346999658235620
112531857276836181611205577116866484253279629522386616608344868736986615553993
83353843976764376354741142758575023736070430634959446512441875736363164370044
81358032545546985229216602853094032610990133777896584647458267769306959991931
57559466807322947515092157041171267544335165059878465987645286623653766736787
84132421463225620530012740558792801791168325360333242174538779174425881135712
32151470032356965636001552263019779961688685363781860913703553429508998571125
67998639309978050274778609062580187825919922798355025688211147758536524363161
84945211252541041479869065512082763774221964508487884216143970606062430830902
32514634414962976259570965907587529963264737112158392864515984880437189483832
59672641020716488502560123405740407535160590690099829200548609337903978294487
87606338859192600309030588486096043592556101843955019854368681034932739296573
37704872722717080500589008018239229165974750026307285347587359243697798376722
47555176579840472652740534807100292874511265184147847489849197199299428144360
70054175708257979085444215249723916026155420356017590136349371229664098274452
94870164022518245206398204602659677857893118997868235419426387709645065743955
98806670120457128549744338164602233755419103971832607028001234137392903631480
24160451804028441387629888191052049505938021143238615090951125156599170417742
56939280427080179700563037031952336078756818168965493772967720106180762526463
628735186500567204984923057368792904802876205525444720938143885059217844944
102085985033255937193953589349327958090328967052598273637337904122018292037953
72839078184338364361058805899205591130917879012274933709412308379763212887665
108742720853243191117726846959735212205604565968776343382258438061395842453891
9359908597712262145967147256704712902796396997118083040399027149513212912141
109031855569001565821632836450547855313333628427320184456940865436161040522996
42549378253746588487581363563603829841398092797438957803564309578280510128691
76251006643032872251011185025473305056100467978522892170444618463423700538367
100212713380424677266332747219020491618121299214951851368615311415930436529141
