94015987170111891831230664810971723597126710656452154335673416087358232323017
24514687567935797495323639832847906052426123978949346779519165654632105540456
109853030138818748624990913682632428176742029682346499534808053307665741644894
62068001845737036574041661695878350145362723042197727852588978122235909422066
17612807994323527500905838497242272143951493950007612697289672042270042353804
94339790822158304920461204536942366946803735938838292638579971862662294105414
38291854817561676450679743046690053185574058005866917516561513311798644467090
32003626860152700096104317493989267076204300054537778499888334446954769328178
77321984360883919097991183147974905929247167307450832230135779493151220040605
80410997504710110260962462479360219719368950138190795082039785542374615144482
12402160260620560661959658837152636774726340794505587238136346700254311145468
2708625796555847593491850997018822357198570381034278098217706137611635474339
28452037340734773677959948130710260226327589456852619871513486505034918567000
20362894144691994672726408816815379384310938427366159209613559337909349144417
63681427920733807297084476363865989684751778383736664735209249287516201499040
64676845339362252981174907487034664923478715407248752212816717893860014801275
36197982469644874858017044065581444688611271740326876364397430132672388509607
104170431300276308277273732768992803456168562030150591834547609711914785998738
114342421961689245349578781879625635535387585272694961836326061236528211897389
18667834061164343174552194607307673242048173455561127750896890940102983557020
7010885973020878920273268939539881779370371867328227474275258846145126626216
54553933866458921090632109635306342080382263735416662391482834339884563216275
103131973684046558578611048882057299667550857857106791008693227897931237515425
83430468719482492895277059747838326105359361361910458244440321242045198948242
6212447307798876951359764465806446816344139310433516287608127103529463789459
67028650348129257979493620400279784660753048200127880751746003889665727885844
79351054593655693295926882780549367347801307594949233084375116733398922469369
65859359854116436880492556766754515961069191305971168451724408393679883448282
15169403696628351948052015760475308714896974052607446294954332330052591638287
111161739785277196777064315668907719165073150983964997531997832893880169303727
85906298422849814527537865799252897076136442407012669033370369093904134520484
78414867816379205132861777542021556720946736537296013041136670856700737596147
89886658766276117784834438086997475471342203415703859226804054210465193808246
49703794443466861266625984653774161947408328777732873152914479297619731677801
87332665811795601555855665749577512416053472924354154262051999307128070312231
55829390562449403313497758658598610329003778296215981654040069541851367307221
62900730813689877061438452927191775877356430248844705634214681798395739751524
55042881890459137606158904486312652798009747850263840269297078682605874327511
88118145079155248825392675668571658127981472907357803959944018711831004542039
99496915689653820488873145580511992055082677588126972079093756958234257991632
108793522015886412306682622171513855387577365251471118657218993562624674914440
94128977493949490692605923347191847982600856717652147353943693379346632891493
49318991466445376190495465757252234850003646739586172183607201328165815452237
70158324950467969045615543973246253970603647055567604216580311576263675985379
77554873114962504082557589191031366893269067304598706377059357575718254783657
111589745886561446117898989579821522982855825663816514093092515627340358931912
13773295676489616058925639037453106305355641215341150723794478864682904147089
35832891553930961728799852889041879175214821531498632408328052050240826932364
8616954284520146499486924069535370322121327093467565384007868193525887763648
103983324199476930946788801788173498479280068431256312682101916442750659699049
58828665011992032401767164908170613136280689272161451080976811345225181416549
23801251210971516070664259635393808356788136592240616377567194982797757443076
26389087886984818261658370299804144177043897824903679208962267933016575152340
30725917667266685929537922496903127022519088659872037925712575682746963211683
19045417756760087504367847627381439612608595066715143620417301174243295766017
81333147700287996823314670447921573937363749493294342930792474274129069009285
82922748459763612531382990925196288418270952020017287785616816901280194205603
61563235815395357690923679522256960741747412164827688268969045905839827539452
71524794540983640944917423228829047283144734882786175212179002515946711930564
94880406286119138816469569043752189784946508359283605295843348060293586495136
104016575340914487627599325477634041273125303055587243444401850683723767625001
82305838689096251824366474754316446269026735751625449128298363669649670612050
28211736770503910427663647965349981420844790967690596285589956125965798708874
3870177960999246279495427917455497870926066701880140448244738016601050758273
4368457298867918816789486232282940567817261529041771223072247447686580385151
70389031579922148439492975553838552120206226570676402638832123015806780821802
7458180790544388522552058722558479451526538540320209444403034110576165142612
10008949611263769666641638055049381121666952797428509891830181609327743454139
109793783667511353944445761585216654654695656399332563188925372079383091876572
77689706218986947308762341089041332528707097130302750821814880565551177828163
29618497400143954536623038983285983324926419705662579678902872868373183417166
36669385296819969792140388588231297283663968062610469921088244304923250647556
45012654652269769124843125118114301243119358810935265356133340413255025117803
89287157399493821458901546359188983970571603250964261035151362915015278245269
27728886021914544798738033849682038276928392443438004813875826059927718959351
81337779750001836813938786108627157317386368833543837585799842315936984531264
27376492683921871683289027154051826011464883669218839003413816195566891563699
17645360302354388231608563983726349601507590072096852223676294452491851956704
31659689978689953594436984866826712386116845064716663911875006677467704988744
37022524125095087012594279170473801963973514573722476829813384002383759570412
84156932741793245201879488311185429019494649144542573632265197526184144512185
71480820308567344566291524743584029153282854841466244126193526663766131320133
18423042676452340470214362928188539272153412517249146146316689365292422508332
115539603669098166707694044554896502198371781086382234225891861663203031877225
91372700470652927622387753727218583268757138483921698020875295388657380346876
95191898533224784033242578207398441082563066393473044018967842419414657847045
96621642678105914788377616191283041364480744718899186350197072537260523768659
98145146168500225010480607964882475793444277218413915115028926181278011114017
66778520828348503131778917447169294458758635470793272976118072703178890857603
95371859854392491978616756701728291680880588725863865663213643895253898900298
36013583193168468844707347919863626298797604525321133761814123627212647375535
17788146728058431521677104991806003630485934480347509618776067328107471910436
89041269466642452803159372541246439873870688823857922651475961392331942131083
70675716249003303540418113305892757381521729861175259898456729926870244790262
79182979412258945534389464373564266912479270466104377151938753196269391877490
23571933673044011060701862112106046842793818622733222886133368560464907229625
14971676173983263660669769238263762028862263834236353180280280547450886020915
1252447151965232891522791413999845883320865598362876640401216303771615599808
41502218904774470152425569484975996109924916188915912852638130117499293933247
62321988054209612504302130176718349693064827054818887077936700825614121324844
44115764352082346422878476161861686118610258884802303710964079411914645534882
84127235741734545835057208906820985278258664955038744049678418057925823359486
114043584629727152991025604855598512849554413036598945157254186837320005321134
79705596433693038765327428323665775047931404142743230386439275848679320932520
25532819980465798249847273454224558625102152835011573723050340168880164951560
91920217579926484419017310794946634507985047822927956845754238513507035505070
47341424989126373561773760580008052635849717113279174780389342066875267643970
55655306883629827730355046927783027453121063941627086156717426502584773192147
88398660063551280430992789046018593017050248399034090671432657053654161834647
73648515651621982046956676757123377184473396578064915416316244732018809204474
71949867614424145410340465734198349232860851543894804962012027362994123655752
103561409433411423037542775077440867209816774998905673669385224003266972745794
65255930602373241526572837573705005137861400874179702280218984570490824706638
