36060015747236832695490749006425374632500462942485067715837382465317324772592
60054876410843855215880849604084635974520978039298116561973207192397001273918
59938001532400480390588830283440623969729594485186371491468447460180766488913
64753347166673555890064602651136010935510847179510966749243298992280767972178
74567432624049278356966723257127443246362427806822955169533475227979555060034
75575216284709086673011050483020753073827678718121317539991689685818714292842
39876605287017891070363149097729431699736436224830352595859287979248053979206
52883702376119300032044927478136676605071650982895420155005697921208065206054
102003137375753685654267256564094799465452858099016012097625261455726888538130
60578396772494353712963142533146155167473078593264101922626118875069666279297
60988469979114002796449051146251445624711450700329664321297143898622038688188
81238278069649385672036340786990587691606114075067566956976816998726598691169
67647329924443159310515366292566483310591817858033746271166426753186229366382
51614998449717379397073936025995353096274269511726937421099824351961668944928
43132206794878319365872674551910412258051978590825317042666974906480264521555
107921555070638746585014984007755976520909872008020291892261341798437820593192
54594515669903541794467693897535001022905162377411655095003876599853176421461
86956567799056873920013914635314363932812641577863105967487671386348833136110
97895435559413240481825363626619154142395250749985365024755428619746023622871
239441162334425645683762247413118851868475148241679399802455348290084973214
92287018030209422007172997121392862791125301391113719355267795700126481235024
79833261273964923362484009316482760161525961848514413862095185971669693832802
49720730047047812250896176645124691686604620110676756093276243476837993788037
31941597696139807247041393133129308138978337685560660454542391302371533336845
90739787096694566559587989253295294573351175309600467623231937788316007667147
663479217225117001849375415028038870460870401140907060315508437636561896790
47276554988181184978607550153184668693605595893439938869022130595639406320367
43126477830379105038751041607164821870083788207266262030359009899370339078285
56008446922161938012515120707340088583857126855325234272516530934754444121916
42098385638371632910141073103844255727202789064107038263464904590168859215800
44560765447361044280928719754283059403437948334492463240943568167511161016024
113905154778021935315940580876665682765192879428658522839756070961492333284811
89673438805531666665819983572882993736510209539266646676679897835089043475660
14772387508706584715221611582287875551714442198454795199292956368042590951150
88818605075406124573602256543085416715086464659009738446401088528488260363725
30099497549018549778751445150472890705506078492798041108682502459290491889290
111869076386581106643967512154824392886090291223015129000067959541062052553989
90106260575754539386087835814207299781966652283015260476311824998733838992837
20201578815117092734577189800619572394676568407860439601996285940193118580518
63973393051581375964997550912274821084070447573973983211946443986429117626180
91157407398877249150101268820924112034792468108084281434588447854766510034161
113501327284123849543063815988626606960398635221580870653517022660678109240851
79059920512353872296839196757236073118557110567759317590944257777376170888404
87844237588653927294777937244941559826060328393461404634754636562086622934802
86647539783073004636060107410146766477313042139119740430138391313212682108707
67948726815458778024426448105700144158787383281614484640563776214286349916474
9482255169680114889656740977457524426231566172338751014653107002140766212964
25461232657253475408521678083882341242823996842145958179247746533703074837781
60990813887882535985405266150391417069633083980659725847576523784557116332426
97356182129287355374179429950284405609836353849947229600503782230662189256553
27585160686889784628377142041347517232002102456320534305750505301261587604321
42970492633037642875107122894002184891545906535839261428084175873165574166529
20646638578707214042158760082350303971610773038932643030297735799558339269245
28988537914726624220943977899931197726987995470051116066875983156554561292781
70537982551178467863171409496111263134409242952437368404728759186831459366318
97457887034538675445740971422415653428286431886909308383617926218060352805125
32101775533502651919627585242704356151433009039885945552934739042782951595161
87722381923591236854717249121988278778489063016830461879231845946395756528008
103746160843395788786720968723738154219257666000329306866121859525419879881481
99616764168317539992405066323514344161592879964561522690557968585385301045122
70812559721741994147253623527809034962939547899388286476205622995472794923687
70737055033481904055274110780639470555920782628513736900420166555691340477529
104209389286934600863312299446688546342545919504214275649292073641058588788730
7209101639588212749089741920258504709592394455979650127896580107131190476784
102646216943251978275038845512098605638689975120427841897787288956659599620228
74537968406957380281407226806363057537649063361804120933903459574465359636155
11493849149809066097713859433190328576862970134070626895715680988665677942290
25611829047300243819240360976306531764221074193666892108116432077209286927796
28222894384154524308948995013002326195739840128477822583874666074834148125043
37306529225859595940946179275704782036605710654056413546269367365041172732494
15282842514065549144184703074534538215277434941895430721888003363312091855923
22438331461131047434794240238151277700054331269951544900040450365804281604111
99699748871242143683202696177778646103667327682092947956154400313218562350129
25089964493512912724112431376057637505228844915665167369798730415347607541679
114724172271409842810464483549605421682173387576381598567856206208243858755552
4668985030737230706401453316249644952073921057616375733572292907410151872759
98482386962293242431430924557884000391889048194117710307009539196823365945273
50236888292720864519718911216585560960409693899031597534634942594955038322345
98691901240575869680062645910086583252327541065499050148292235917534245109895
53809611686663669308193657070108954765545191013931615441427567989727426509138
85028047931200682863119593820592925334440602400016748634501599513730559648180
35607099256043608287775912176434206450111827288957416770955563466391926069198
14937129592738106502333987428414522739506833529023531187991340335673746341026
50082462274964941887214284434202384536497882553432347388455426183990040442393
41505524078283361624285494185333122053052205899108022235640111888709862017459
94473356310492813642600108391334903100221391268816108746127921241043523385549
99359817524462965804710718359237000063715223851843995295909240203128955866379
17482718244767138028455991119961722098177147846906947094400034271569663804568
11942911074908440575643559714865174163294016129715968740670984410111135933851
97517057661160743221583265392474224777939015291029474490772851880215671986976
44457002576249649787988985582325810868180291747148317328315505173835596596422
90911143953547576831691221438993576896064200672458464685096474545387876375498
10767852807207286769016805577745713620253657067302071620989766033491287758923
53818087038175048083357667388520393915716918797515626697630571129042435767338
56250143975547871779282400762491594473655920118006396115127113952284673335575
51507751868754780580321028470276738489417096111135127794227489767432551808354
21296955957991343981475785642681864182119822592504063942771104950396280093200
12709267515486107523500362088356771691135888835231623028290294640183207835235
12490805894498869693430346214323997767777041205617345541935342748820365565039
80367775780229704427462791581750909689430676593122684508579255193720367429157
63653152690657344186129781533374076286878664069904271919269291846795337088552
93843496061187461094048856498319549811873380768089488301379155689327991766560
43238377345617256374864226869029504889762869825970396369814469394217805422487
33767685047120161325133042173880791215154601220825129734393790653392247831217
112504906604895587492290481677919839659172921704836701343231785157047904651519
15017483466129137805010594668591448988433888289340969441205693221163604318047
85154647751707399588353295454704920321208692737862260729071581768047770838061
11935403740555494576419956964738790170081552863383642450327541942237424975647
113086914084571505282083400640197104855590773593261407453928208117039903023728
99385654591173360022738900943669721542987467522198255287029361880006565974517
35685167839734677939826579400389440096538100852007775098552783394933447515517
81567633890618696341428121916540130621646163663762328192871610301231487492800
72130300838257854340839108960486956726378970628831601386428023180554551722825
33980243427563412341934920080654087551558143389276285633844149483977188518222
107795874761827381542725612618985600872208755923735384816092781604224465469250
51047640171766129927314141285528488305346340895852834590642069136394874317966
73906688034205839016103218600898742732609443209585315690931716437625387659347
95548881255141416024291813714657536116386612901256546783822058679846883560277
32604928777229408277030937756451444319832598211090390331232682430689136623214
77860640073878461858896679274529783033679152840078929828903251111878002789203
209716225927822226580662054649284678319002616680031560737170233206755422297
76396756012262701911105985117690654686994955059894924141123283239201178393872
102910212710401621664728438836641138548525954199090626623269449780401036769848
80611830094336706241742107974155957252060651748693431721492401107958890503729
66287673852950191645012909652619046797576687972255437343896784618591165764259
49307538350671962943310282497835732740648226355175979625643211947293806611500
21629699474065311415753014548646933585129465518948547865501611904653273650914
103940447810303433412678852279416205147303528841377279369729397869837040474012
108649771417683920957256988338091969084010429678650852820541801534867673407705
64049087158777204164083100770206727279542136000786423496896208889714106532495
46154799767648135431626932660003340040119277736329871949161012733310394502176
99311585158186543926337957082828488157398936458849995633843264789732807436302
114907554953276070108997621589018939970481419746285009618799891940094289488173
75965726951393321339729657717413786265218323920012879241586146207242267524189
22470949068403715863110086701973794588801089191165751361340476664434978122419
110203326763580859336971731498597270646731477949877462728210888991584542279314
78228488993768963948936815555341346020819949843734095263219021080325863219807
99632653730406348704293303262703611729905928140791389688652209115803009328193
108046028526147641512656431610488890955973667679500842819752437964051555943999
15075080235316191567664768439020945374132684322624498488330996217300568088905
90276687754790662998246023813366927171518539704567844711653164733011976612782
112572658614631389855308578158147085778713855581285467960832328826007665032620
27305708450180384773879163256142433688838091600148522432726293122126003932500
11384405077880917268814002338443992892879162264573888458213005211452121764188
13841635899623387710911222528631850348290089896183348376886472489225075903690
93109865540718725166702711654851743730994735781145064849823509275856654906058
44084814761836617399798684382807524593998824354343906032228329941858773358915
67304924769334688393593927920441632512362731340093980802960035395865025012320
28932284749602331374646905581755084001069039679187200271075156737243958227183
50650309077728090409896533378396728534476315475370177814275016941150144026631
93490143337312811117737359877187714479270476182846299369261185827825706415954
10486623564546826254820487149059010161676874349383476946927650347577731315576
27743896299567793482837478379319645815774426373329599401423015166329874506405
55423215969315773037714121766168034587467756373905909995198383835242962809965
101365423785784250667443950582405381938934086315029647330049466360144109493084
21136633228286422861531537049730786104915003048971984368954291174654743604493
61861717012568377069784766951977960831481823629102686165480893326861142363371
6414540508784270912549817520443613436460671877508637221332005077086815994609
8233246908957999045322191777307788429342302909093440449350892379266334021333
100606759337327061329231335552175205834592111063836613552838013194557681872901
23075677217089815292793397921518056946926283023454431130489143887905288271326
51060384335811087946441613912139061072844403788272724887680398724549089829084
100485341156846445120565823959993236597937232790009518678330222689985156071019
80625858014567315246699042707123609877975623266876817079254612440211971019160
17299563251998002069870809508300505563868223454007144648924676121094125120026
61748903385495223730212485878904443539618358073947829552499558384697720042325
95996168089658357286139831748073731298949060284015009996427414844210188732200
2844984399378180925188799126886124729311478865566546302651366291997483780496
42611501956850079634038756711395383307223470323378078219981192100224387334799
88408976727239756703283935459288539626270049002158043576548456268863576366731
26146290823819017652427446266938184170217029591597951719964796486969733207896
84174731949781175643534085958563672242794100996350817775203333949547212393516
87046029921320224027823834135079984841825677446606223527427590403496530259111
39259827799316849776542419353620146384183193533673358180727710981686241063374
78713284194430699860160954132517591216344433249050057044307274073916007645785
4817187359558965313443764631085087148616517933305148608193281392616088587240
84839930220885094967866644680276940211717022486586652562523252962927265557848
44427187588461733972770883450362652951594288555967635011308434200157378412756
64508006142927830731254756938986287865728453756277465280064596923534820029367
54135926383708975598257676013210814805389100757786675512460483096979254475715
104172253821921842205462757982137679536333615553713431793722937825775253341256
49934498319666211351135383640634244166896907054242280718807387340725942122298
68052593403400809152706994020704400977167177528883661009625566369342565837082
31326824647043840893279697983867300423788732217296643630323061577858208137450
111662941027453560288144254450043474187704350018803404758868976705161093029209
118290190342666472824885741585056724952890426889164557209300731253960440445
46781824666918877121153588627770827710525649651701639299071757679434505841295
