99823010024928454942225715742399991313937720146139504576114979586886749637473
62805596942399037726788202057519029281529453685591745523029446755995690055404
81622604424012631990517068872508156539838283651903417956947810152971184125456
36736966114088879112681299769384521370973282089146621356480337281881598079212
81183468800025044428731226722270710441666053841029011344574636598376358061531
29956370862980656211676688054297409293381964584880020177544004445272588245636
111075361735701901332819543229867477138716590176193291408499688640623830300039
1909451533515010123790649372052152264602688351175743946875255135106085718818
53542323507241027645960192770305602666219757715311786481266838656726745881264
3044131372910056450153263091468178350432553219231052601360380792415055472418
65709877885587441219100401512821714394907048572750906135870530922163782712420
62864725009329206696199194001521921468165262245351486869923141939722552309548
103796762470540024068761410595579139130346687703578464635766003934895467456799
58972037563170503070793837462548179676589942388710340159163563219468560815097
100521151276372399179231378123533781042582658406191920873312990548572258339259
19167670110915461128849150309754047719135534491163366075866663643295466689524
89399915829311120405833777488833231494456700282879568092528239372802857153860
31037753289886594003017150412281776987033802454227656067260100361082548018432
101199603092138441147926795804219692278065679037676020388544207096793024712863
47041030974334381602992799505298990493455701388653900084241456316234755848206
107084069349542497973442718596513079284818723497402768672889663996604653037369
46327353534422863268087760240872425329750821142165446308042330989305243905934
70613377875319783430826894255103035275061397694902050760603987371010846609990
86834025837707053553044426252072042094884637992307799141546242749750869275727
70448465198901835477626842083624441239358670234108960267258104219950330948687
30563264479254656793850457743749085093047070534826229049285318166687078303100
92878365501631559742120065592306153036949264108289240956300793504874929696430
8263473347520219823205094014091514183308252906230917258487072663591462441246
77510016958630284009272413727871845201909866591268120625188604307629239381932
49410622153327982064570516568512292048176431647833828562902727912874199760026
92679462890949857476087206121627639412912298549298448429909455704091493097299
100778127465030950460475878269343089318099116635701165634388721766475494446832
17197252741801576042600226890281304748492385753720392843508397363263737461545
7522660027029802787083689951415530260447155535949585958575815123289799671107
17532440506497845000347957089582644982862823305473722834064136071966172629379
38199480757001864384464437428043689414550513421646741506423281528860876938110
92170484732181453370863188442117531061171071207710003131922756750964071510058
10322399994758895634857577104399305267161924418340372585947776902625614152455
103877148344890521277277583103385398989946746914581480614953842550915914911619
108006724025274545213959662850952980992758154539020898393531287374947297934597
84450199956362081269239012147303316634223978885643416272925256715001878397676
101371448630865073986428724488866200515986842884377713524532588254733204610640
93873694641821940755836404012326322097505065992620015872080046852343641329323
31821264284319022243119406650523280072111363386114359900994722033533201495558
112429911900530062280454189126508448371011608824115623356459953769612226517504
53606113981557255442015901205451569796110249531918653841032055761444210913113
34759764903487254158208220380813517142316356089802676022812001622476508121035
72009457098846456803674773472087579479452028898089755265563388483073042090406
91384986783404036071318667969426963468818961777735909742850642350043716164490
75490245808202596646391193015716597756009909599943978920872328120890464151217
19569794657108596734356831874556683875415199607752003633502199211864360184296
87244897748867940915068382392022923439441605540807803066810330387436124005358
16016377979733729961430102998226075684544574150854817093343884958086868758947
61621175243098007956053103908300417895651884700133567902084526735926900278353
18936309063743168772307628716848608544485949593561829631718896519642042803605
73688246035958563828878364224417077472224297385793175705056214358015949715523
82397360725616814215412550680768881503316609822830160115876700463878895855477
82901361776072730028066521127081885796131965610211896051475966975611008397741
30076657327205169407592766807225055688249136008138359691312489078873737140167
15194084748246621694819487827838470925376003246795138469943214576611973824349
4027387013779034981653171571008315822663345448261622939175629265142102378309
61601488705316486688935441642953424819324764998315626791627829502393547874188
57795577496534957960039027513809705319505773343529968635116279441329228012845
29428399423458671297567598583642473659424799101182120559974318901317948666797
60234482529986133595097314720030372183679388421044824128859587284182974814248
112551488501876053337005274247363594809750154181269554434877025649116957843390
43055498018361194668637277493610835344890703385580538002908177237169117183505
93399660843848477161703149005512056653896137023083899142470412027191617768204
101649493970759132710504364064972128665577603999514793813576210467680837501763
109429008944496873328267274185415447302270921816964032906379909373731619351601
42258520887200406394197430126576531351257044641804507759461225772010238109841
35087699533957849882954131749968696687748054084675673139477940415130452635460
61815803811317724180377864969538919289527804121950458258935824537795795877057
12443113388414324971164862826396114463597496244718896874223865102589181929939
98196684474998647940208693900873613999940519310094571063495568156380688834504
18458054501995526623563371244956756526795299280886404891515570713985115694327
34644447052296925378566500645762544291111913205185547100669497806428145359697
86594077405298190477685429322788243669850082789215646298136147314085723752992
40023365131234556335146985363167682803336441620533541589302275101495081006418
88094922350861107952740887128059569322296778466793409299141759987277329914502
12503533216472691589870018449416499995133182140257670873227112890529100908405
1228501761496500784531239323397102806537195819341426331982999135741090122421
840146665869190584373126468425326659944587076863178370577697394246943575989
29088749945820407742463274913484712815367971171430083246616445017168240113447
81041034801784635884921487669292696305888532692522614303865845143068338004958
103593771247207325347010984254644582999878311753704896210402208011262970753912
40815197472858799579560152658654440206816113333823107697438903644171494945999
48463715191058780563683121806217723040741725027439771535302061760685419468151
95648760966904527674088267842733600099430719557306900414699914700557546906758
54299001621253145618120678822931316167875238520656066285367527356744873834999
51276342506186953509648373844306790199887725896992116076813624363819556445223
17714431458234009782291158600645364318572739619831510052315051102412429287646
31597875393562368619321102326346189998308788986478298057504629094547907562497
83679063783421193742633917616221153840660744052829950912951125832481678211982
109453483192162761823304105488278006100517803184200046491345659536786045975083
2071042168599426726965957548464499897410335626157079655359094836297685105051
31542042595737913451138046358259606459665332714952430662409026546593818241606
102712607984145162125444371546133727032036843177135274893216746387097278079779
80355171082028001601518088609891056625242573978971496373896338197530787829969
49123625823476936666382970138209761514328386829236782182517781827986196323700
76249585100418679703666888326991183071485685153933094939769953763345778713126
52938795286036679361940865457848253532337943010856351588594298246014189206652
85862215095728511523732504482768402479619527581799126093970344100756927116899
1635953034728456736059124645788125557998309396457406564029502451502527241660
24553810754618148081801905473284043810080796194314079018745212553720708595510
8960511367006338476895965756588334060519149279671658943287606893043159396829
10377673760007321587847460138243418997272913955667486595005542925263167747005
99325303805312297317794329460903562926611958952488179639493631630499329462916
14643858868081783832671364880430267951460300520123949056432243327508895315629
9386385112644157864357598718871143346592498811905324613198076552375626366792
94013096994451213608450600585356605029379692353730278851742455125465238992218
62085664134443521736067700504119832736006982989551705498819286988384746584652
105887443528881436245128405636351005271146165158338278662244956875632725683544
78333660545869898461646605329218584684473426179496946280503653121584367553423
70687642066514325636120047959065356396974140133720706207573433201225067197783
107299579046444190419359777024627706018169346770163602537199847064193279022608
77534188432728569787336399506388337913885421916474453424449826933716164006270
83048471617409069753119194741694761617767062538788135228571389984212358053115
23976565939782884038119080311292687159513568157385887048595630855148718725251
62405399288255971337489965259224748874856633376737301835336896223340474115368
94456411720462272124494449110571169517206105965479262881949823357601864501541
63325139051788509753244637081005782825104994479674323073008442361988734943992
97762441485043067307279787899883827050930518833370647856614420789033523102707
90894743975209392404456609524135437216526371127206638494397938486466477822340
61763775129747008196426791246051773371200329693771001645994100136430697825777
112813211310012885398779170322021590445197810017005784410707457244471518792714
84255947591292211512076453603314315515052058754577652524587232107733666270164
59693881742627993923683728468956187001385108964237334612487990907378924046771
30908075066823069565594102392132476796490174130597327524600401067096836169
22449409206358899695831007646853679357577091998148734592741770799844957015204
94499888768979703339483748518119078953171814134894184324602422658450877011242
59454951270814121052464846031254044478700923894848597391901828597998712015938
21979201613881482354707047549474442317556872136115431337520805499399526226072
98236414281147747044313375917681270333353236074518228824006753392565520782419
61854436777041193653455247676885060552520221465337590789460328170015466407766
111972671048869260252670056020200956383223874460718052387821963838998235911132
27500647717381171253168433093380404006757689358267436322034609869578807341969
30022281176850218118193703186223888598403717440848297152248781683120204668391
93151334456691648735154049080817675721507255510513201579361339865044119780737
79649335008328096845450131044312481436868685690382217597691189420686134553723
75852062463800048955728538541811207455933207245843908726366746465452299598601
105495236496984955712340557645903255270674244575185586200309807577916941521302
85610535588226669909832343661206076868748557121384576755589328459403404129321
24366019628361010393662094445227891299812719226260905490784344373843697890650
74340630677367202330184772401703346607967646389940887858411956065036990404047
109693810704997354881447602879848367623816879370238439496140864058713774125653
6091905187732223960169818799340430075284343569198011239132104799616166162116
35135303041606295731891243111509470098686834664295539055097411453488589542630
49697932168406724659134145343889102620635329979207092383533535908639832114646
74256920873155166831816006599238727525300475471072525535039492728973081548510
19900808523302006721528301088311597020190418708461850430615125589774136130513
90814141053607642942223462325768217941086338466727954983148508222307276239388
45479315442576092906133304161312812669718283322296406311347344058755083752377
34283313450307197456520848043908095452327061552547834410974867879814120706105
15322431260645215017692509091767115002936876626939309556999932083029283141355
36840435972456924935260673764925444962119689363624945170287299796330488607845
74179098753263165582394032872484570270275897519734653920003626970898340925
426682917598875006419965958437191930308575300213714541441816747200216499292
36319454891803002906906488474874635673574497410161501124974049071329826549788
84897414776172958434707976905427920142328477873510888590668292782027243635268
73704199821245460364479947087308042709373896964675925547454047716189868952149
5861871156687945202706311940841305928888249871626851230355785988986807864711
6807143961664377392715527659393140254647949199579818760233836443822317933494
65097342696868440941439511320870403532997737211388054326351535152506393476847
29662802229755481841447942334214426834957183405950128556117245663340245449864
58482056188066347402464346715399449664483125134179006821067157692706406260744
107973471609831141432692837124495721407340188497493207026139320868313700244571
87306562022848262629085913324178768585780691393525051684890811883466351663230
101345672918617036361070613346389100032978522683715744334809072748146062110088
18108765583162018594581629146339248504204254248788323660300821451253385796235
45073851356852105047090143022037836882649056265266073035092208905586589762442
4153594016589152306229717732541903223144484389281521292136910179141353516342
3585734232038275618810662381638557266738291608085885582487685953080939918509
20827464722898648722986654575478554483501691000350293063497685120050322771716
67997305045459313048201545494826219548644890008638180156075007773933501667925
64131175786894067291795934471674328571534245639632054516526186321448688309
29707405208920101698658384304654520241608963526647361680071262064504361965825
99115554020552510802014692160201784055650471721954226680595709420948957882176
48538474834313508723515725002579742092205649566157955469192390446674472192849
102230895533608449053253392733427295465356311236275789546530079645738947704252
45070188381684359075139307385972463762053009479056841596479704038031971540611
69703312811691053534174761003224831401511349419762880201570223656035359898730
89767584484992624231146929902904962181678473587434262829700119931508109509258
76209892414257791656639824178834986395834965208997253305114308934291966767284
8717707526650046610048290928592910515699570751592809838368279360349513137609
54565853481103021937566106777623142642346802994082616993750549184694869667756
36996625079771973833926103967900990838439922028652823413020821890110899317951
80992758961731423552324563018201637308095806083545179156051080339591458397739
71088295707648101637464760754552734136676341144805987838723335285937369359484
24117387923715860835072193610903576867244804017336169446537468437720500023450
82917561386553259226497960041850502750862196959550456749849845035949152467431
64016514742087412727746211663366716412764953069382568932202210103304331507666
55027346702546087528119042886455850256337761278884627880466538020638611048460
27067558473418868423642506515678283708301786993180213566264426621890374291139
6234896581529933379468987094977723960140994826786829632573443833212828658305
