60045665274085721358100922953898206071335985804062034401449860960163575876091
35373904253598896386578993037061221787026038632071481445437633130362628116563
42874790586878037533333232869734141863542505819428031854413214912998358264284
71021714846635663755642284702482891423585192877646618901629853515925595822455
16376528707156157977997560638052832421366752860891880787061057352442977099585
78466409839862944067552236254411781109127400760645051120549628085032847638887
68738800082455015680688754736918147074458397807178083899258068032043808723858
54018820358054735918099465517201838142786908793986937084033490764177005007382
84753678020638876757931611383058906341417816760729547240923963606277301967679
38705149999566138167001708853270844331196410935769672939939139293157912224377
59443825642435122555887947896665197055590310807134723755645176673538707225300
88956265674360773018462551994730844504694310991551880855458261435978681659547
51475764157764446735051128134368880403212095126754196084097978968215019872615
79801819094887199796417729777629668837782554526358562355308957163047540477551
8567341988326972009009147126144299499947040405160778192989441260764597588633
86983411810780323008231552870382038639081483666233830255022958120095425062207
109074336221546732883860859740638228975325301522391518443865600148288212413614
54046377945585588929736459903432833551108835207259231837548930508567814993037
74847457339290610969794207201738818041361603685951916557470664982729831984513
93618194531200775040671487977436940789292707105819655045492763777849575136290
35612451881461436502094363951490057122387977345468648030213248622809167215781
19463480021719587926592936133086131163421196916517566837480110037194003686340
27366142175995580976694720083092207616657542120219538900937319046749675404576
114880426321230643533075761926795901030501865974157225780014767810363860673582
6977240878187670235447903186499711440089371622645197841649413001193275422559
5909664997994040631517341429157366980688154314733104889942263281228189454643
83285653092241601500863472725188468381075279401615949054980862408340110722715
77320684902499555817448071380913533769379676543422158161440790165865938145052
102515457298901394949294969819693474434754435690321876472556969917033669444274
24640638941778522187201809808556432640557079676822495187309805654129271064457
81913002158982925538562818427869916285847630555493462785310342744636994925598
37066885778172289900708657856345590476204532197882599017195658136170342472099
106384849042957527942427100175352572725961670599008528433339243989825667812818
80317800927332643150337845792408502971908615411214354460058104344538842927695
12462236575428042391237151138159102693261656632785016011725275472292782448804
107998882314448375307778000684115341207556215695184259168558296972055152671761
64171611655599315385731702823387960464571326222389476973882067090173251539756
18615419972123371714843608097159778709567212101073261310016908378193361429863
35528601204648716254932533096734147385651076977555025418743720915282916023738
61324026039891397476274786166723305954970739271231985388962965104678603595736
107133317731466896588688122336367171660377243950714460917541437821097379056592
62079698387993493846796270068520189000405075055495970733120597138989023427061
80537407805107713957273362743233436021943274357589615992391331255742974538742
10296255699669068336520838644278637510034279284288391895338098359897740734176
99713638263528633291483383341738242897602945314743675195232676289545951688428
45722306468996381504395516764483974553711241585655250096317319772806040577962
100127557792429998993006684133352329971652408970070072873463841271933125701384
58684481537199556668265228843141418578584651305019205670215162532340271252296
58692746765714544424413919456771213821193810214148346431797316850611252852197
50625776512521613835585142095387430308735850931062086866288674912533594401067
29939693084719431184698488707253443326344943314437203167251073930936066462561
90576153676471241869534569376163938037373729293640929631026774386647010379380
114845951319640827954002773238859028546575239757248453169828305833984776214849
47666411730983406342615516879374437453137659204574156988041418713297583943448
80597875344433743400476750041758058281231418719377382669017741522046588453125
75473422288905134209325559022192017705108422843514156662390332607661840990899
52205865050294804187842273039498567168219771850388665044290583891804488162868
29467447807468702908364415116609640918081380999937439048896122870806669945057
86318320594149215829354991074630367692001150646693580081164191009724812896274
16388233003224795438520952605679159385048987717567167247186032514943506548278
2763224134967931687887030150313902802647414448230292300617468902285292802005
35278130337728691500418044951662539763025994438888834637846834194652127942530
102579570171111018458474383105517094148821611999051674138188421288756017982653
105645754422355036048518264815177011313403008352239222447546396394118295284269
19780325447141131070289307032419450938568709663065225951696298762725348002024
61899578980410105868932706419123302782713646081041193174881180579013464926119
19264824686628702443789000936086121851455141591869193639391570056775028634773
100161026579968949125082187241785669476217116510972533092596559267977581527881
50610692877534810063451188377730332806351416092281121774475845744787135503778
50061533922421310419929891311261602060154214732127137400220225510254050741113
46224395559487422130634486689677775399381721503556884741441512284886772683139
76417692514260742857288285930565618281821045993168589892982055073035247764331
70669641561461477075007293288478446304625617846213090505762427042729674860241
54828797118222964335395315317633116333224301583750779023694340702533139660152
48421863753600693211650108779681324598054632030851520555075724180056577232468
94245356102925314422981874708631303971969082700284461879216570941971643204993
23259025610392059844823334862032864123940002457690964976630509794045722972039
72526970651414083323972048514480009916606474221259002516402462588969949822989
76162929138525033999505712610052517637055164792336580414688220598880615872810
14276756196698803836968885756983100605354968129081395813519387593484256376936
20534661762434497828414574651973122382477020087173855125615622074383325339613
98996802353186746553688910918995366787473954945553166106960513555320228736554
74052595010275278371507969409316265425160438181480545760729184126850097854547
30751671489320309651134636430374727466176853986875884176628787323860519637470
57098115993294645903293317371140664829166356839872772818808267724292114455812
58247202234489886418770167796299858017128298846821788750449502220294131081886
3492704946910188952997213786104451147542238363370865609901521490330069042144
79731508197673019028277773363031617376224638218874758433428080496132558571418
31619574892755639797665970974198122401179397695366910006915524313017198765156
95284371016732103423016315560227521372158260629826154176417004127112535469831
107036767922412986960765391438854479166541396892237989953032947294284483625367
30688931444178092265167575703953468211918707508769036382892487721879936193440
18389704281734952604815650930584509533428458580003910628484035558249589212104
86862307053233154331961078966803101654836727000532135014195056309988181999854
110341613193333169819718512367108509199393528957250806113420622668308656714746
100106245557073018155342319288025950934505575709598596486127823698647550727428
40855026764788867148954298957303026234753723868407572816573707463401055816835
6943218334871316250602187923205403898494501003373055606837836748965438622265
65033767382079500760735968905131842387229599558708438438681028232857097587178
21937057087099421744479250292509756316268232316876288127058530648878581621864
89990672575465533982409384407306557222898021819636555368337658470054423747937
91303148570155541045487440043335544621925792665684352710453405985329105357334
97549750684797623346301575324854992174810187772745056392716272001909214516091
70862788366531745100421617147441327306228148508606614493490655954925407530097
27199507501612299742630859218108704298798852114533624099542557571581080060038
3705343651237139420503810806867190739959341744066378955514340019796153553572
14076107288785829295391622418826011835033355127939221074150276214768156031672
86816152463889825436057868546550802224904332000580110995781247655345976536931
13810914760071755963096479568267287113138370753478637128776587426865309064958
64124508826306414975247230720850629854898426879310660136303536760367731119931
84497948294988675208441707503887161241223817998727963893157220942030628599998
68365108820721519227634660545210591980948832611970412370100854846861830501332
38878596593024485332687261874102807846706945173078654919279285622424874692009
37154408560406989278773063234096060081265750237768038080255831432728207906524
56848226902390557055954768382702145119826129732074916147338859137631352221478
30732565283124858240575026009876631596072874747444661659791568632206573756166
81925325321512889248135690823376473683668139189330713665323206447124283234460
16458207581852556261235031456223253846090983290862755495018248526914430149806
10334801767488700389980180776199919868857307949125510249029330132794801112619
25387426790559459708438613523093190064078865997271495193546637447987104434699
21622283417288701274058081290785335543052907482827516366331446833409343182558
65366939991918534621566907059457063246291958547406789828742010308890193538647
14957222738147515089897791114046373857982103305727547301865000836976772597531
114953570302035695787788653427542041569673914189532681398983120584530409872536
110465837463016178436226728658244577317023240064774081472033627914601844503821
27594939083527811198617429960990928880482672345476763497732476564740677625529
72571407100026906094861207635536379952916453451455487211462838878222554070621
81794170109091343820605775968127859193012956539239237322446663588016394994939
8916780150862600648963223481505702067662376764149827082724987093925059581610
47789721717543537917051979475897180493524611830526312601673021719496889465187
19306582441696551198146452843881654373971322257209060962206619066019960045255
86669928043052750530847205648005486429736434409510301486031505146332746919930
88313671343941400808011576358799098087800095140805740337573314526294219481825
77225219534081246578226160640292010062045791307025110077991280694423780766865
84783202481907810550217665602806975748983002756160818095447356823736424225070
22007837226157973490097746370222047613111624974594473542346605270416957436474
114896407201926532839455742829578210413382023743682815228529050584677022103131
53790905800106708152191607127454758747775154413768747172470657570297048749482
23190716716198957210524728267445729816415900447206653106323591637041425508862
68943054105100058528690083499776287141434568058261447370072002717818294066427
59271604766012406444239876710895804218770812947587467991815042964841987958567
43688886074558494207699794887222754652770399367303935208285943056710312952223
111606115095400668732456665509056765414590082187256756912371388496203126596477
12112126098740808900452611713518223204738177443047345370374481707333890471132
