46507310692065406360935652901889808643279535456144335783276095952643382887896
54952656287716167033998894511477641019284089688987082906777849201718742844040
75576156841089714212061101755772522132795700134634337456735063285096114802302
8874397044711802777435511447565987623371773703920731792578686731660984567328
86514170801524815079735933681852583780949016586774795530048730947822835360070
91365546514791552055987261898490887956435081121704309811724251832146458843853
88931389238073992913028316930127695053064007769799209031028255880678375654674
58561403815942898422612808609594789131987510133211984033082660375557451384172
91890929780473736059383090565501363478964793123223336023899164855276865996694
109467737976427398749908242187885927971249292073161653367061636164098579367416
73788931661795104176643764852087202140203214278165638304427842701921534651793
52080828265452400405564969481001845427722472235764699795111888221494244710113
95950107951901748191387357674052725309121448159257892142083000334270527024886
35964565755806749826067519412308775526778025967605690405381685014028913797987
29599688874346352830305188049790530052581413203852574553241449541361837972597
61991261420352764991562556710463604021886511618406693394684219182181588768833
30355097561076502283651309707678312384407741929553815685792080568292659314811
105851116123022778480436605778516824024149664731391098436702482060033186765777
31645681283262067674889541189384458156528283698031597042829886079751667968446
36763943461363589862436661081431699602265799645405402582232306234050211127220
10546803181494654132498981398538430593752192584407022872751938785679576674061
39030663129971783168156442354086445475678659042720967467428138623141701943705
29663978543518843894626873961592410287110390520671948549354404240978550831935
67588031148725912998522281322670602796418284058868276222340413018634701414143
99474090926895323636265160663403080269030721753823505565455886095615028803762
92476163876908605768672252007804654410199350447982989064274776127019902941141
8658729691584646112776861185260570480625430785605005481719365200202746027632
81194544574988915638911540000763472008626404285403418677694826718386851823444
84050690706069136790193148924293015612395472564089589050401343950687747841035
87718778360182827733252315968756767405579626890106329413484670828267522873894
97128823470701697694285593193302237421185186546863176768970479514301818248701
34942581195580147969149144767988952425991515587400605476874323193603892088721
56624632827413075174238248465730196789203637995952081397705137403257839624599
65366044030583911886335957237833331216791632717964043575819387722806273191263
88208263935592040114165372558913079463519178932345407685574178052071071433742
75999255197143861360595069470214448778207497847973876086675698468112063476871
62878368721495152786477336852461432121672081007458812017342312794118823709267
66875529398873971535030028400577367988467999594739720257126920544350820450182
28930210984507405748011957781675037573332369060987071126953797839493638993714
11025100201461058418114824700769214766892596157520219246294079093500452816113
89070523233662402515913002502854119678509234569286424002873964005171625398180
23439213291418864389657396030474289722576047170437066758406586200158211532681
31083061613591021166102073034207343867093534019344054814597011118281692614066
83635717530147329701601267907334610415689243413201857289400760920141621358891
24568938951534542845295321715594546530635555506243512833938633867841585900881
114973414531151621759000149629027086339782260727893925476405702645529307278369
69387930425319217493879183839240148806836782809126697940040676883742664411088
44553937536075987126390684889608920485113124020266533283681686118472511410910
84791207028786355748453953041936577790235308390539585468516804833213064659492
44084842620347377339332243284002273920197081904807684935281380225246622585657
34879147403600083721074494331339265513803881306579664533061588377388463222307
27526445371845822897122521505541708351298372784735154242700658264894821511144
85579628474754816188964678680318712259408530922961989130008604284660843197181
14906266184261990697923383088482480443088513422817023619299430964619005833250
64570156766157981950589074297422639424284138376799223133194483174634446796868
104767587740562960689649870229714728543660585178856915919948545608640628761193
9538734184243422938712590949112683955903581727440760729041488575249636207564
16259682184315155967657017498717358636304222613853891086142917857559787801613
80832650113229401880193515265825314910151574157526583087194536871018675057098
76694187334134497368533983800850017463268384881676054426666098640011623173106
32189232049972447408881897539287795555139763105127400036625956688487677503490
42142128544364838449968121662365660403772499302804611350602156424087835911961
41513366305508739824058090390834973013459460317938874853221550508057194964735
1137299116707910760127897031877515168098290959701272549211133736399274937668
29620145648612748139283818291123557398505868755966222873553970467233001030513
21237253912835773727541411094761922202509181892369610583899365816848374606213
20730556472459221538308123994904267506222557537153272626852773162263434920387
7486079728186176684537385546339445681671326235388383613955984954073536500626
42988474194019776398968454046133644806789599728238315571469462025862707040747
61025622947380663260759839667136943379735962828244838173006566501178760366860
53746258753093960777734610884287843675867691864523459629476072655365511160918
100501547431793421243761101312105506348632608632503071002118101084438434395511
8429882687200276152384818765764659371286660406462643621085870943705132272295
15645459644105580167243043111058246867445932587800457568745555239321907282927
90750465959453142921805938254359385639798653595367799062102870627997340614741
42097561335994935284115880852061415834303614188435491940820177669781417717634
5606541096449840861719279643851482862476817754837064489982496227889022001739
86016850172735920275786429534125698245132007261920628934837915915074605199648
9710200460231029113995850009499383035088316015541399388401120230324993156948
80605315633761021457862704962796920709175519922309893590610134114601549989173
1486052838430050771331619666335449226375615946686101101188102873332789241660
65524901749861129606276501919413877750064747708574511722905327735352032923888
97873135518891093758716522190394862338951334494304050436971790973851835752554
44093105252772057558911589925021207271471037230340898184719637081071957608131
24504930199505909164668326668357851622308500598811195291152004912158880913897
62665615166471338009732375286631502602853970344175558077939760177806051233531
25516017874960300051604262959205915822504025934876997511057825996381376289795
235080012911658885711471146667865163217466022774035162556125851841840330329
90053815772474113858367542103823409761973936967029169486703056571752537601119
107365173873548599130428461791607861214804897245026234572219090794716216555429
12527851539270945545675960515830886152848296763304811381050695599561634058442
52373134618339952057920772617490718564143325445742731533813072633142863810083
105972242308987557179891201444185659696168322522760427831220148939062593932876
20913083786755959407061977236788964230282753565853503233088835763315090461847
16370563780164605512528806327836428467175964003599007663649485330668757202611
112977525673867165396816529273584149581063214514540582151882441578124877102589
88216740878111021185651320749005238971493502962407536254269863151956552980363
44155033460244856277992371676918920894114840987906224280562941952920736045560
24083070759202580901055133008670636819114820374403823550373870983785013972733
32494380156134463023641974703796403681355936613414783006690793594346803663868
1896187221788014572111891147453776497141053565342282189144546275906619071356
82422994473201492603736990528049524250384081757155725226078241851799399953532
28785966314352803143584038217185754044581431270723741522916662170358136489827
8100952142097573999982479836723074068386636117331434108265090831896394198105
