84836509557321052510356948889623945049867606468394058861195754514536436392182
8506345875277326769870078318500695789529008791153076915916366485408097851838
76250306743727742337003626021326561270823416827862579602906239738464578783903
59221742103249179685127548092730281756888486447287927132363354601960494064759
45092839191143648444774590104723002462073937856375850350365504381375477103148
39942106534751961724899486456629085244815955473062280774024798522495859859633
14977165300317686884260652026865507379261860657182497778185074670460224396866
23781161532683937890177121058471779538281539561083088734682919703058955148833
54043036689766296283625958672238230632934003999963509957432791310174301222706
6774540623525867718652510683124637651965181266263838468746355874745640590473
104323182259683552695618322270341728772541589837970852113597445395980128874793
56341497626495710033704358912145147597934572444322730065816000085060970935557
108355443766841589014077172926018875672044164735532745051677133409707310213733
60562330005049753700576396366661839616606274271284088546117447512697875894262
45264196280011367690783483535271736670196262274032696725291554890083375310668
35892857594728426178002751795439594268101894566415484174922783133957823837641
41952664202130131237286398727131447025249670887116875298535483928097806847185
80812931124030118285602372179775112297861935335733032162578359294529945860342
91837566549407056059338076215254499784234229366054711034678751155622497278526
12438807679216386777354672257283272121843225736045106903879425102045359405904
81479639832248049483790818340274446337167603715627750123974173187154059294071
38178450607203159007685697475039290068625367307945259772540459940928896212832
67013676632689052255344683284556696790554638609929445149663984454305005452566
61310129836707937719287939336895187312721152669292643841010530515306151268336
11995285638957729530164020461584301369825576255101737413841869810998517805376
49483760625918032489057365968773991336479527894104306766224505085551841056136
40688799153821422775606052597023107478315639613028819138033469365810242619872
40976875792736563873904486617959098628520892443269069958276173358359431502468
41552846197775432069136498505646559767580842466772103389679398654265885257368
10854081959019342266866408753993363217441075240115591211965059636693498718180
109741046604336409073641036673168062228410230060286282871852755652707179250393
82897529260337401789804118166295276402362659264576104114077173358859839533319
50284089737103486826371003143671704155157071169721325896003431868409433275643
32701848573073032554062490988777845743225349624147025361779498721966058584827
9779994391017994194147133621222765392172055319909255098024243125554461295116
100628460009993376610539263292258216051871936529816527328863956416957874483390
72872868028757533274482076715886377346733897787531513069079519791693212512320
10293758931743823055058845340924233220111635425255917464523274743943299916741
80711096462373908305172280474667140920030290711869306979336940487264357482006
92317345834263243936713860026613051556127239664051905896007082272899339623350
65021521986062033290942256899709241059949693781438606916841069405797564377913
103461788325031304152319707539681883065217628988705360112473355115244073915191
67253927939488250236851520709044889515346021667777378933735676533445615070971
91602855829831253183222514945232568906201530080558946252294759638768284045793
35296109971050677206023035779293422807401664249733541207664154654484295988851
85322064958979759137148821473834425187681279414769507970216965743628540137027
53219417697040421354816715310578422009218818530912787865767632097087387088645
53134464712099396153409863590494378311067485821885514661372034527217280264278
5262563665150301025501928877431004804748059372897490810039188968015197722109
86916817230532805210150339193274118059268954877958794711772817797864874164551
46606673994067724610431192593176829388506833171295928790218960912333701709139
107364140315811099553796207307426494708105265647879060560539591587658525730683
113977440381507710109978436548347448854641380247755784774407610585055765610716
96836885022571692627622750879042541214202190157628329196828212534272276518405
99430908775725585971706195720425826279375449638226027166233782751079837926460
96313619094358686441835941900361634137759891093381789912969563298400434143943
91048753895511125932664474275629552823526087399302035933905165949412088196619
51572469574828122654980482209902113855823311513648083271605020976012827946126
6629541908705940297926875763706818658674052705101431238867154334573166365707
114865867305720730432982828692061715678867279920812941434476223872532504203069
60030141961810139791174249213528335412912936711277893016202311031797879429645
84501857344003132753429965166542792895784041134251993406586433819423005424548
88009169459135973048434840540779148190888195930605871590025119639666829633626
54655705989350697683962666792284838173897782053286863173026425389464138250201
38193262281489845729281420797489127871386184115426144481849271853463527542250
93646582243110431328558861588406303831181998065173680761623693857384100807553
83591542770244745567600195309138923262125396437791686385967081072456638509434
68536195918709478917129029440344815317173597867309468006926800384706551686740
78974527387677411616382631571132873140262964666743812456124130352618113235201
43724699634936619588245908760051177614160988643584924128086607759278824795396
76837848401745131687944348241924248179833306748514465696093627880081158663810
42808992059274455869952015028532086339089991855948330644200073988315995785915
108045036079644811285996014727912133480107240126318439011486659506963873193587
81919087495999869956311225558728659890795789457119425563077301013771990119249
47932480455614241581282463070937269320998828085573397874922619229730053339858
