36715827865241230489100844421812316375990060067202945523087279311553936522909
105194928522713333929314656544004599520146102287484382152377235623899076053904
29719128488951167169040949116801172359332054386451126153886500958315182560638
50822165729390693724958272055444888329201216916797691159639814252830474535178
41576087218388693239701479229275925942639886854239595627009581428103595022582
44353396010744325440714491638854126610935925088874260942017634596917974256915
106678979835890595884139025352243693108134832724389864783094739186742390804217
20857304771358477290048430427973854630956711807066785218758362821929116317559
8884636558273015710615039674317314179677722509168745452747397349568768207357
27426769897074764298730025706547208757038519174774605607545035912101228277924
12558673340835929108957317383744359007827226611805166339335627549956649203303
8856402390138684149237505364895799044287271638066174158883501699444274915747
55038250584478948782952041097410019991142324973088288134612585259383035364025
2849307741559095949030896585469360136256349027601789413063644137492525866256
1252552848749393234512765636811180499770515942944259288063208333286166547933
31021081666949410637798706709681256918411867818166276495184791466096582858949
86864051938699287834266829155630261896849069485096427568814951573638955051006
75398622602646641626100274963849388341333512821378699481487539416015161889911
15033176378239444932714070733150937031670971620044797478038586671158039588577
89856777533039932684349551545592680787662254317299111413025479536101340284807
77540726107080908058580006187145022565868040570201252898467150196338497184489
43082700009925773288095262971869248124154975406560085275993482544790020101002
86967326081891567940748274317665701047817262590607607689758471950197907147771
2517797798936838944935271536737716046463253134112087622146028329346329008269
29626183352207310521452478070068883959046927692676653720194995703414670697565
95126891202259215779813548926277464423646125971597346330257817071002865406974
98748825920154471557621688618689636189132849560992407904391627936746486521727
15683985893905627442098451879475733056457427428086258236472230558348237347098
59690241752854629899418045453018042611024839443477048046308912605500640173987
94531626723830596859411407200528975466296616933505818921326176375519520287606
113669977449543938943024625724851286783828756055646529459371147378062020070045
66516228914616067610508081922625955847703620445611314959859369274291586640812
60690946275086636062833446175970783339534578725755532294039390072553196627033
27878334918305669605115824071263993137597110894530610161024417023269842166372
88738475789576578895739600870306999778021630164734012123778138113955415617605
55587135571749949222793787914087889662428899600031502868480331251774247509736
111318488898050440855839494344160430709243147969632952816567154192817584059740
78864078804749876162208238553366600498415675796008501760231104534751881240011
114891987549933436048987638103020554308348172063972585336854982257678430419185
12123551133810438965515584960603761327126888291097994179568029861619289918650
51491167858300278378292320320583555043072946485525546456144579502211370085387
97224919043308590515705229188590973395304109991129244147936676384188702558427
22809166794399312204878241845692738242286035485474031439194948120691877837647
74667586618329295774514152099793819462857667925612366701700893188795918156398
13996297454060250457055649941494219501836917235920415662087951109030654758522
57744348435403360617153030060640348569287521027294128111192330975072403116160
89733571994063452388877441135049508265611509305152587416474727297561897691296
95044446342464807849201992045068346322579494046027596329871578030694355187716
41742975813177765247959310989018635066128343543213006392656413749330925832262
58540875950452623599099952993304502189143817713847727456025951412157789651064
27012020206372284967256304171322006882345283992206495619493873020896393005647
81586438292941952175346758598823452961074499149863350283596737041740679588497
39159023697985978563670365252610944794068578494055678152276443171834017309605
110601871625539325993085983017816210681161913208987077189753854726915227701906
47957247962421281359718406216148805999286092661489604346153779397896801322132
46578755189823381232508333836369729403927241925512058713461317966461497768940
3395458673976354494337787356003147064236127970956675258020857772679464049263
85666207176993158533604349018757314455443483641577326586074194353392399744689
53956224715294159000524022722067790255162888278987519981854196217257430481763
90570691959769017229354980373969868500185372565365384405978809606828419359541
90452360442342075499273170182821736002386308696996981364979649651882622005444
101645922476333385401750558620746632765775122569571731604070775643139210407919
55588264396289725579459907579203717882803750750270737063008737445978921362240
34277842201654338920479235115382348186387953372524118761931553498801677549848
103534553428657404171533443026287534292039427314322086679779465498483009084163
65899503863019582310081937107503489397671462294617183100696860708691989616363
85941083014444669332302037216509136204505980112167857318291554327176116684440
60323892483015884222291487204264610391046904110064314193931062749951055941983
88388906111285399838453846782065881853265226768983066738791493261643381991204
17713274821214535515151246925620399957664445293286097138281300833857372889365
38650698784030725509082328478801157633837341868425790498649160114248699197678
28216087499934248768919221030673134035772760570882039365481187040864488917023
67531990123014762859968455117369366935857021274867542815543929642922788785655
86292912837027938359000061396621009831274159447469287499273167067741381317691
32888965440819748601413937535715411455199684691845252081364509537923689779618
102372304845659352056544252923925575370703105283700825121004823471328988483545
17403516240914706120673647502643669732634893305227051379588048102945564719402
33026557239130798126672249067321326738184554782379373502613674706155076574994
52104582618587333055794474217973013551280556798913942483150978283097547538514
45724503261837690101485852480342387332627322795878908522408651032790602832569
87614340553202498787243934606121731802434246628621230819537613778949528137336
97257349401928528754222071583885811381782409648997065676917166523559224955574
87892420213341481084215493505778671950599863330014832589248802847921441287170
19272811093191911198787269783110301539431455542483113806005152903109355445286
36033381730532000239509882025365832410069667807823615022021473727052627565358
37192854492085404210478472011423171836562783384855936651592645333459327529514
70129756345828453699085997777745063149597284133685445221745415856979096975980
113757480338676950938124104125831776230140700491358568728655377584007387676064
87417645964135781176332117650091283165712731672735968047504273994158888186357
45033165568793972909400711413501872857850031603439886780237046909461869178283
50542455485582056174370874918578278070059110783593888232211324230372131536683
61171922892753364210422775730979007553308665153214675696339337400960052299426
87541672777328646581159264059062259011048071833746925154191125097779200297598
110298316904426833786766427998994721645696130760329268834910129911785699457872
9253244273140898193094971663304962655237284735564279749099493644690982685284
31602761455333501264575915667454251362945212232014055604348677705770614053198
89477314431854816500275007694766945659583419604614053866861184220940146973456
108570521966903145664545645017791695558107305329223919277215368976847740121296
45524489645024374596678517518370747697137369431745056528034334674481897835627
114053532325138430343932018673028973532127534735922722212735815066234782954065
114614764138537242364689750006169799915255518833627929929899557272152564707936
98674423621117217389921221043595208002918805768916682892109514645095788285028
94674429732786172364886793463575041245392799380177426995931576563757541785038
52188615220986216743863245688287730033570871894819602097897994632277572831633
31333561295368372771050130035747915652311356910514835386043636995938721308986
45191883190948438044564197219566820141964222770678758095838057766193233314939
97676700702814150121393495862638021399500463865942414022822517545806016901381
82539382114607591789872068330950297725641195395387631101307612986388929638451
91238042586498149550880514575149393449813393163496119953603722699842073381832
96192607577354288593064332676338184477833185289364708202109981760456166712003
30950782206332193988357715519746199910473820841658480775358796405987438150316
67913344005243374681189708819654817752445673921418482209354477798717089236251
111197293844667698013728250672900527238290356266614233561169756094720903503154
44019578548285258191989547892735081915565173899663544395093982988611645957960
96006076630480827681080273038908005785135440777764899090681493451371861494047
78057976437446944081944288631042901573370970096033728957653579023945597571164
17296799732689703420185134539603739794765237410161188527290009657305394891126
92348163364929231093318090754709570474088254983880874957318139101371186912811
65221570319863352791874112117777126355331198766513630483066976401544456478223
18355716047209589987316692308710800028126761952712674683660831097681740943309
65970632728416710245965268760497775618950754716610338937741589559879792097644
88952233189451328717639193765213825070879907286112560618935307954140684010079
