88902463198406390634960308428174917744875744171730190467929059242152888313000
26532209649873254021732751209602079070127995739266051476972220629354234335907
12809926011476596510494191332910175642686300370689411559859332990647078184427
105398225962080124546795323052815923379233688855438338082831071021865049101978
9827048507865507686815973106429199663758481517414044811977344275070682550045
59288568825169844978174223147927864445187444342877491010357681695486254632377
78324696316993259581793282730553699322006270317819508236943658741137704551373
113353053601694222193386490736600477632632412645660100068734444902508370471589
67498742963017888706993342725727024718257872438829447182491229839372299051935
69751615815982190687809318864190868020991879279804803024530399713868131197937
16949185218185654593082286106502897178287793225595035796988006512423956650266
82260628491424545898216559746712760792988277965557184398258644984697016310610
105116625276452217839806451216546935330974640325157008549674797754106093698718
14674165299630943885727829022737095521020136796323173679460712550885977048178
32950715234770740868075265199468082879122531712628693695340281594522735334482
38116292979313834883655618515747139528058350976190304945770202204733596671630
88371854785336124413003770850980907639409586938786360173190359560788877938287
108744200544214249015773541185003879605502058529744174692963879258559797399277
49829232302705041591180648242784830300834300280993374077640144810328106233142
55248949083416243855055993604833032407740248653284831703285927682625663575667
108972314816619764628524702584964103222555267551689733587441011866062489408965
51948441733666878049803029104057532618477739866947713477653402219461566844360
19819584647185819139658375013045057983188602932969107471395313642056295297338
34798605187476970921176965470744759020454431992555479130023941073810792317008
95320313541667240095464185452437633481725887703490155974635687075995962337822
90070883575937969861137751935413840069429251899096344708418875875348780780480
20934525625282883211516554556519339826660461913580789464076442052409907273199
47782630602361380514375102175080675976895330243395729758506571526251692277694
12289755067332203759037512960614422342191579340367323018945470975878690435378
78953696534179322361369944808165037522237559967864189710581702570465620056494
70452424817735437033723980502394547872429536162978878874650631786841307339009
93707228456813785149495029659580918646135426451075960021460525141999163810928
108495251531583379841300779674544118335280621616846651979804083003431666151015
30553331771849439720857768819138918588349265314364572736314264111471055598561
17742229344857848806869063658722262149681758820172609464068021420576996218532
80560064640752849815741340963628543865817159608765362812651363931017342720962
112154866174861009401993096709068480878784775457072041868620838893403706328525
85295775477068822063940127198492335652492270844296294221441544547792320637257
74544786100655199219038434343461863754454907051724858676587428569539734099580
107038081200038626598570295183856589091094283183249843927527084549919062737675
110272226845695731912292779252765393985266214327112974227980088494458526276377
102250648713607187021263262339564208106513304459466805069835503452856638759803
45837855096099182101633675410134771323607734123462972245671345058645465753976
76256462776276662469244555015511880891254916741783471260538491684814130547751
34100786587671883566143765582957632462816564155467658612476974431701698087250
112147970192844686819670369352942767167456868046164512241924912590594562226635
84286504995724605927956098684727652756244042358917440617330610064099117201786
106435686607783974717406253213698459665086596120417655173615651754516883453485
81040419332682207129216316979054134101579077150332268170771459982796498290724
384081397905510304313868795500115517841651170261280214983920439431693947037
110623354618380252001513466087809202220804175920870350722387111733915709977158
88175620068348712319837053055475348039969403466062339856783867812927473015591
37865515932839681492000249706752750007455256944126306467317027963428806895650
87009858050858111427142384368578382409176011305342332159900604481263721967313
67901809068544748268459640709743211106313380701836881317158232724413558812064
81981411860828281456298907331208221856149877190321289009302602869052784845899
49826273452229927745382940712878764696796389917228884274841139946940164595646
66792969456589304793345594229689314172683632853489864795130555338611072753939
73650742213766247714702661205902525522357844944046381328260214381258467861269
20860004754409465562750872121310208385589033000753866541062348055290275495631
48158877065810423612090939258372058067627555807668004770892626303670810446324
3167309049051511835683449845826535671034466637314715594059313684709272213114
48798785052688320871059532446793548653037907608537137540844905864218515255405
63881426228058577618690057076010906504392905148499752799671928449930688400657
21557846930476481348679502713216782260118171162814950223905495551718310795792
92376807298462235522833085344875467002959989695162828537244788998857103371337
90658381806912130522403538795776978167368167983901389925612120467340844072210
70491045801632930061727240916035253166655226934873946506458065951670032866043
104737459555437184870463652995337654896548027161050110243795997299732614550030
2465673602432101506645297111620670412015285984794247862684760332766328402619
1055231320121544055392094827494992361400102851416672819156520212075487230093
15984454283265092562865221543426041245055024565723840947766034336859184760789
44702641107548991381868254212888830948981301116438250031770335274361111427084
39159258360044377731463564049262314167873222314628573953935202900693727067981
77372754858870960961761765611420922433691290688091115147201001326227898724724
111227008644581849646068748117369457054551374936941411819507561717153666970972
28647016982841804170149274130136334198522376953528595132360461113958448112297
58490426933202878170649998505260134568807883443992128066291674396296724128784
61389938682643513492219099216223744594351427733438213391027280434203059536790
41392278513709964277610590935574008639328416630903615218914428900984857102225
5717845528975709135968153618142775057061800057091904255967783808369826529195
45059583244891168844600148218778715026615946247797246668144210033417449106508
69474450952328743424406667448002497266984941480161680754445449054960629354738
56974795147751367315703260007185557217218800685507241875559824598299203250635
15414980189005333121860306235704051699479469315684152521045547070850251799438
58317389528349371482865701898285964817494506939500699048416038809725027638584
17182194076191315633722722141553839349343511289156011440884515713948027197468
44787491975113720635145705443845100247363371517231248810684212620357802559217
70589170758298135687218423257134083316584390110885746235892148512993118314734
82125453244940409891899587666739284179951413071733695739985027927407473600455
32342064576875154657315287068279104239141303010674830199868013862886273765943
47522843481357536910407490025804474411001480519266549475699918985718579793297
49807416323217772213723161756084690141014513988727753873798057791687412248254
78637591501386116095583653344474376969297736878331709592144152521452910061827
57789971094473762010283911008267036618345112215222338540012226698445323511608
58755457037736184798459529104889236472325808120590016552945453419965323602638
28611201668029613219854699953387953601891392223628398950393291715574666929126
20758659413836830801614412428087390765218467828822550411900925587528032897158
76335049556359215040164718199106178357332870534808910911399327106925009524434
95353480902958481909061572992937844585279286068627020068678164417948078758854
