18302872750489932477201963232929311481901622512095675503250413751684124124555
77057636419098792438783254107561354941272831017327076973897894388830737769513
18602357405540745375655090390996684726224333978965127863831722726985618094435
9286649055982957734935077225652198551420461570234930698434198275231507717872
20453095502921225981210183066515903114363163479409030484144354508365609225083
46514054716298039883253499036533422719916419400473320045193228902615986122406
107616050447707882569286079592210248010625149841561780288933695026427123981858
106064274680065401108006983929051045825806397765094753602883627918386966764143
67689543365490851315369531258817723834322000380081265051541436045169383595570
64044569042228998854289405711161419946668051416562362158261347687908284146858
110362955723964246429722704138095331924152152437723838519153753863333053552080
45799667794206725713071166123507718077603966053421602214031548218551329750470
51249548134319442599160374284234191462989211749698721964141876578330155390636
110062780050776363315110032345299603759173245309474867072207532362043603181233
53421614302629191887283819110907387581359501058650790906900319574384928301578
97329857272682761270065525900017744684326477359315052010740498460440248968699
17792471831882876130044145150786535707395244298714965097965195043292602639314
79277611352804220178898525581477425828994291452246709191252563154318535963315
14580919132067729191421949817292362076055809103030402353557526195886429765430
98071849129667582993342214450862335297430406960999505984922784172462075276256
78902973939825996420478054981098771169080265547469069871628980943231360820336
73690228354857241506556807393028007292474750274786513044761616435965780996295
52799487823305616899621374616565538840615488863238484529018608687436866364076
76755320774227179333155083343104854169695905738354452754561806352408687657480
32553396781436365335135833193819627496647161793510850424805921957420677303864
74191894562320565598787030168293726632075408142573745621120710536764309341820
87491335800242190557839613052025395897748397810299422352131862383350559183167
100966375048301004530580295317834284183930487544601696197830004703563933851466
46550019923722308138769314734391050271186312179284794768365435353688755106259
13413216641125824351896562272590537343677437348500491279204352013372270923607
58276501146313580185040255037153704167238844203835646190602748448375814712032
109121375974082289586048799243879034243716625051837748959727449731014306534513
43514955316045209375804941615517085156548981494694899376644969893142331986897
14100803104007549959743085442304770636986767607891890289171467792229218210423
98443937770841503542393069717766681887401980026799629706161493128251513567334
1536731016432078474461344461703287710060283183601104689124183955948198493163
63926900889420209980449922076212323542500926398697992360263191110283321641478
63902632691734122414055022781571831650288586016631280240573640474341875423405
13369143007417551272275908797061079468139068891388545780682694555884027497311
55223839311737323437384261559202540356958814647424781541710605259776010836772
34121474523713453353059088305702488875346932416891762097424287732817518396809
87845991838981169555399002251366872572056577448745639218913765169312002356840
75714470367482389989484282637848725421760904718592532198507899777992557915349
27159291229659548454753305902485416323365221886947595130147073599558454204764
31544849625601840022999770530447590045368616383986474924248487802018272064122
62160445201382573546646785278403771943643912044830927537609399651644558790337
91493559421949823279241915233415931002445178937625275956306312051931257627844
50727753398733460341953267881537703370800101944601576705309877952122483088298
14605536209679349156706181342762091760189974833045256010976371726192798919123
45186768405535702566438572506437492730120571694938726085606336202628970239207
79619012342197311336353231207159213658195904640769457163579971966193286357574
50388190618797922835875889550287095204579022118323282195710851416721974659838
9800470452563549852300547546560122316308576593295935012855132879040923149180
106349849650273244833719140666981577633179931678077267895068886439998247346931
28915146311026762560008182232020690049980038118512193480981644210831466585290
61048045584427603987906615935521644935522949722866737310577155077196695968149
90027099101482848849058776331675774289447232446426188225835897132266661995043
62003801995192393011867850772235306182609942699505150648393886474228686024260
78927775461442948509409169651862950024050221190870447171472587499113869582330
7416699430773600312029762557153568272790328467540706884080359318457428106708
66444290925858790029467522945127330783044093599904628751665610944081119301119
112060569857857832781171740642542320897475552127250434578052472492940178700463
44207209310906180726072745893679207013476853934901442327979883343044152999531
975323191618769219703094126033564330386507353201518312297875128311654766810
39483203258729586826558237389690519238184584796417298848040269315295921027526
29116405887598693319226153681421170543275198102301082740356151172267425025877
67317789848877475869045786303791868926757298157263908377306841930387895890555
69484985809804417255843215623984823001993932212196267742388581681370366157499
52384142132007096707687211504297725564729846476176246935235862613361350300840
60882216799906377262856373337836076542387049481457835191748038420725640285071
83365582324901004825611080180861978107817794673308329853446608703213260530592
6205877613305477850616148809991931283578540502879835267876438405554012439937
36583973726082030628450094108703137950038771945197653465623472805574322536868
75122176573242746895620099094801793632831851673098889200303074017591118413167
109388049718652676265646771611054638547155579070712821086379096796439474296065
87926908301718465963539154103114510442085457240851174209106319506480746055086
109512986001759343163866887045356676554232279258891531122435144426817141254102
14360724469634737007122910869000332331283223172845997489857642972886473961269
19301510060175995920550934399049936699621163751608239121365400885913154875350
14595786274081538851421114915055018980818034546894906075759180455153252361271
22370402815498406844710018163768901232206232170579229374681519933402213206619
4928276635185715227994773406649819690970756539001061615803102272529566444080
70402109429180629585076269395684055089089711466607595861936386587596325858397
94709974506496667372590796445246909232893665867397745477498423388718452180543
89885813976055936790135300715379371103957484749788711544740672921963472334302
40900801801873587066318510352092486256661328277641853391421757218340505859464
37096597720940458006854870330288086470903441874204952199613888811894970004330
76120056304390402823654623487651704106433146540813690451106611233704815433305
107785640481471617945240041860642595536554459495203223667799113543974493004081
85369835613488638606589109133444184479687977339671526075189461418088252016809
73576798119426960104000637957762666468057971588334882134910458789200970983427
27877987138996132672491172255503503753115390171088738101423716075117778684272
87938917567605262145411480576236957971650125934051493338606053876473510063353
76540881934648217599994577716978524512337924552613363404299298629572252329328
36855101109012036661958735544020514557185902131663772888207659151125164609917
67164642825275566838427735399576806693996142106228565088989089604053314505260
92284536307187767610349137902192174513279497577175245356701155858674715436966
47035575461504245025785174457331386989140383021947852717707777797569687610742
104414601995053472516310243314570758971666116227078869231953275180589028020761
77667210353915309708822648740955010774516163929270646310814864465054718429420
84385363371832545756936227470559627453984573908968383133736591244223238627826
101793144646586875180994949911037762477956895060888897579240094184226247798911
74648785730880355720692929074284010607072826908787306434662269767368492401990
63603015045095117309061963316421737048284850805019135108611867092250530845428
66063426178830041510898299412702932510205631054779765682730690864428939433269
11334516075132034662131614358897165375526133877653204777208796773347127792271
8070350243065019372314679246141169886042013089095636338107554479822243520224
8127044159295932315928626177327108109785653497861062065931598050935730627792
11671320836004931191835798347712329131854557277837462462184280368676566345828
40510730201086196357998467311866216521699859452904120511191943699469924516279
96608857166143972730760477120328029350498010619122103473045440616860176039080
104276540278894689258331901708024699956855904145900063163725999648555847360256
108470660442640238273544952382329583930934117985495965655720733849034320284890
103957295019182043976565119425349627962347488701775235715325165430896774419495
100973754712383991215949414724821709464614174980504140643457670453073591628382
59079942557005341492473331103404626744017672578249895571314330973662207111465
50374589825525013277486481396787455800933507565402694648471051954729817013631
5232981773850829431823755129638442777667474104321695662979332107110859575505
43322849261851938651754646637999081681547388341520256977847986485138141775674
51327021183913686908846462524665458107238291678094277571343298447477911636054
83788571299919688037319206250916990395306713438622504397461359419933573273377
33435291241746112373745768667605433960131268169012122297139884855108483146669
108758910821451501968429651843806128055354024400524718317330717012271397800083
37866250130045296043738027172368144206364958684819666873318521022546493137672
94875325941381211646335828173826000392882458023290113238319855918518303235102
29863826661531129893311427252277287072068527080838332378985651345850153659791
54185582975306177278010303292429149367768578319604610577110575363793144184127
14652115544776009116593380235783238452700322414735308653357054078043329860601
102413148120234316267178017122623006003840713634998249188982162926626957942000
50570209341405908280612467982424961943435334816116717955037623986231260279455
16051888372073507981726293048655213330895777090267656498700790570168305835028
89496408183355324956554529144974849120241094353814260458839976814575784049512
72022494402343459605853162419256453965453566636256911332677047141116103588904
8441147578741488369557654540041024278846976735148702286794600700141296450386
43052482874776777177681851946539936114741397032435898398748390279742509004680
108876026873122292178197525771178898058851242821023270313796515892953809976773
78725106862141556017272907344564646098950348663255867766442023815140139040363
74019229306041960878354760493336531513120489633031218223581222858910647911860
62122816066759664745289923626679646220733044097403143662028692868469918807707
41840593008366466163291043900871219747453047241566380299651386053663130415155
68899589686431451283461270080715214907647289252409233560399828449590191937272
79818716710298859826107005606309959186640903613547267418123805734698510114832
30643209764888725023996596456996535194642025938411873251893079956934985589633
107693202576828914163850953493037161710501430585373039342749653464398366141507
80323555495250171373034559146379916211903111099915129571131700195441517123423
106923704211470667207690491298218848328444447667760372727744403605369149507549
47490458028314360636616327018669336339583957161988040211416523974968965553195
801002751428924906936784331955839739413370439932687590786945886372480957808
69362381454500622194706209132919070843564146261161071225297558900476564176139
74175746868950329224015261166938972751730477092084097805368378810963948747564
5872333274182893900131774104943437193330176318989441763949178409892038601932
30071534950245559115580501118234148027999156579280584347482099126187915867121
42045409408921212267201605942705063817501122991543335140739217156108525237969
57539329820154228763428591298668106138931320500583158838992030603020183560032
112495808543231514814389018547355426353612178077960883620443708185326094521627
24236288551463676702462151947455386632626699135942510936305905261024400015975
36524485289565453149092068976130162232199518311788166913338048501724285769183
41081762463249067694787857630854986926099696075589946249076568913736853614722
97214627377780583863872412603194573822339000228379445590784325648464857034891
8162031600028457319914570602555070108975899749927601770734565791848849819706
2186463133122896515942292191973650141580790484938549562452200985086780905800
74396308614010536734191649643345470106204955076270961840853542912888299896643
92582775913973480256051313934178318122567914386904084802853821622025090140343
