51247489533002021934469643691301188287718148466657135203374683202193791274219
31962251606972372557673963614311685366107884466989820282807404115614959640722
94463244623574976923948029684349476976913220855570909088574092770817341500361
81688921676511205114773101402938724074316482715613037777576136065201508081831
71398548395423333939782473461970214840144877351544756973261396984379381380944
103077654387032574745753440259379711715839595200239268042000202069206790679055
21578437100659249587897504013540319968508784593262845327217041436980653235352
75209859119614980341754558844312934706731504009050653910103457329820193247014
112386055928788459086620870915102418854538302508504593514493459247525227260495
86049670318259772734901381224009021843538073150426178098546046168162718999169
96543632761036707624575953739882427634688555821291474334795536786664573983974
38594883265855137027162444147409058505655593822611034941212125162259907447099
98161701215426905512096447726731312486423289962238639417709563763274413723956
73212973550465010507165943412581983028250578395542927315751240260189146632569
114050466394158361953273856080176918256043892346222490950331383568007532900090
34453386362500831254544908677287307944178449111493114922027327188744946561724
77151643149135974594866725775555584552994626199763225181646179833661482473120
13364293926790847967186053572320558419026064268291552879583767880335269730636
40848149960975969653913376865212722871935174792995920566001714042329252902229
21790688720084906438169357812048504189357800820491237697960453765259366964810
22064652577086317433213638449592876121007138697194091018665299759923878204283
65688308565996675028730115652647551670106017613620799859902943000195319505822
70914543785759814932417061091820943764565926265390642228300498941370968162305
58260983936708684702312486324487176443521011985415033963235600319431945543469
70305440804792902413823678476123686548347343054187145827770395882146677558827
6479925170382236379634480977615693574108929411118054052504004622064899499798
99539968309736777065051333596686418728383568925204849518219538375158325094556
111592843332532320840923910021894736890928668774299380709612647726753295301968
28133646495232431389786837334962748524038592829687383755428158599520858533019
50207211465527107508348684980603097339045678845454380629240162926369304878688
50518423859066757303526309710124859069559250519066787821206185157609241109192
74669081812443341766612214788642111485258805661752777693081006592569885669291
48063631832944335225407577370326951991239989154101709370184595678993192806367
87264825463313682579697817139998593892921064716128983820182646260932034269053
2732966277293185906779004897866457566952562084372101083378496879334399862875
81683654038827727149058120141400587598929904584433762088108821168595256868158
57074919067877438899939157645800811421957410964592755512776707168839690217482
54480087281748319517369198998695965334728927195488208091706093742331436245458
109400141239106342472382066170069575690060302005463981574589651810099253325131
37354947071873099190319678634618058900194256634947039038594480537967448965070
48936471964761959300233694168207649121574435683974230225874480568955855658194
87233737704191134395501351684905809932086767211782519586887495094739528779432
57858455588179536037763168444077308963630765477360954117680665483479283220445
59859992521898963731253485874901667825826378143693346449548285102535570237188
27349371714983089763232256690690668467799474332975727867497252340013940399726
100828811490471297563033703273004871813119417507412916584123681604786003538580
97504905243752084626797511267722444163696529958327798872244883286455753635969
26632523326856483281813043101876884344830697713124828815698648049180629338900
61704208907682270714532417233187393417970700123287755106958563189381152661095
113383790181005500318541395344156094256814459176917380694092500973094716166928
91938487423109194042524098015153839010428293272980485985274304920497405998848
101633823577508504401729835493664679856302511976926411869631166851291638810669
69176477165946636857554719518945886077301779832081643515115924167959926549374
19988354373068269682232808260912304638057156423808454724991028981902140715196
39124287535093543212395351655338859902271904719530491794225268100908676140489
34261382381333189319020677879340065562804718730111658648661897597844718103353
81059835158039257098888784433357084207785958884751416411528516310036721973926
8189258812898287277144142710258583599599966165280795178608653735953075768721
91178129254844950589295484529687969644029674410773328047888554705223974768051
16524633838864492180858035830570013697328245970836369854695846048334655727761
45039179364947882596151221873216088566395382653917226109165167113118166550116
80595798443065428466944969008121544272620674206296319846005523604916865937018
71918981850109453245224463491554738147893359004181641790314323084691435778295
83208599782106796473554899681106988947071377868977324953507611569943361447671
114952673789584339208060461574760136724789485422000489618301796620779636819979
109036779609339106864653643977173117989698383945211151865245857867066980953827
93200700819860775044746472890119340613783000386074051468379879171599410628748
2456891262710441374570963936641432892918928665488177119975229173658611328348
65136555400761854203666944261607461535627169919233495551492797924422880750637
36390100712271814258517029454430453490742613363174169566825145306188301183049
76568031590989307497178708225504734523863706790634185555724477036528709283913
76770803594426879446907810722423964869046831727632010473474515101282856928754
56086269843312959204898141263740302818756581067769773906156432031279861933254
62875733856628957225309516224325262271226917812575658100342055676564743029377
1041774304778700140449765845677170540856234229069141034301479101815495988044
8786652062396635358757826608209804429526543630213302918723861517594587768837
39068189006862488293125812401670784193892754649988346138693315721081096089475
87253393408479151248013605067762621513637511366814874717111334367159966663442
65922896447955330273002638041254192341649131847210284252299136260329463249591
39774645178254213704861270300648446789873433080334268181717597878563664316735
80672633346288473013246719935539745682901232321828852592355178095804401357155
53000979892899292631806635525327959589814454819259158539686973154688786790404
49967342154594211365603412892337342003289694562627716520225391567477746633944
16371004211514597499887946332276818602059002652878011793450585324255311710642
13560532153213416484476624245216240740986594585665457008693468798712422262227
33509351444325404244476028718676327520044619809672590463189559325346244472091
73046241577483292219268306205662484846611477257606923695392535399769759367382
23379881627682760123297820527712072938639878339152766571244370004285490145257
3135401744220902218545636230484625476311893227521329546733816705997690059275
22548479277928981952114215670668493299641910032434842244222603259999673110465
36281131006544699175936814850657002930888990329839274100728911990963505613956
11973548440056141597721746336467610121059394325467126661961429078828266924238
115195269623668424539324146404748859650975019983038928562389427210741813174828
108126499528107530359213972671194529683007999717576961200591488144390521383272
34458011283614520765817199713450588381394106975595547294759080602705217301321
81931066300828378958210885650640100645908481574200917768120602410846211351886
10755136091255385573214186213645625063108880939809115019620391153318809331104
67450877333120765518654806956417928458983386435550927989424066471514894414768
91762266037398365398980067264894218772876619232881113971761851442324173960378
80168502111733659798712170078213070284663231611639153854829020592402073591593
108825896024787770661688646612418390000186529348251162894904950287183685156378
24065760004707604245264552055388519898163065255835958812960703393022548197694
47077724901013312898180283167257825902581081925633743340512761458398779317457
38185570344010800935452105668042933296229832016190007038832482538450331094186
114683568850059450124014979526198063472788048681895760127321959771666468844693
63525290240268931271687240415241319112139828223135227529907527226237521508383
66840091270311910809062996424554165501369380750605289150047646077918204521840
72422323685481324578153190673433926719613180306455464028751643556496640047283
102272128162102520938105333250115644538200990358358000149835954401926760647097
60667244955796508090353126179161599729482023125267807563611385854563479714392
20165038960478041314216645906909553918264707456583517558817538385455990629793
57154336579503345554181310314190561281990228837895808242328371686536850252891
51468251787078878427205118233159493681556844645951890589112565517857808158816
7485231340365171670716901520206837323453418889881604009279030137195474490629
10776707985303056938723025949515666594041549094022313925994938459517594849531
67042771029022425410484368213892631973472932269969091123026017995703448113531
89887697172063021294464899507119159449411243474682337613308758124907828930698
57072283138058815509947208225255210629893934718225998277597183395170980158593
40664314963185915233042945206722155488635422729764908559034438625039196493536
69809215458791343115383280938950236655124390856263067296960711880123617624258
110846740830936846481021207127197287877203936852082052662917151163924308581066
24415259597552342181894628629316023798433639517121566454105585606189107707935
29772662976895932165870293499075677374954114973749021358837534570525433826879
36230144384782073785885428714816032640253543639133498140751945030565988526135
4763776082929464558815276023852096576789851194774894733832383210376261477584
64656636617477384086818285685017835911754145516883944608691370301552664907624
71985297300136720888525345503490627813527220035533060819712658536073049844107
81634502528918697040323148384027702920870058535292007721852385548738232230904
10676283405853950263692468742951836433301437035269538084768779124928307902193
79109992460873657243330663832909362355182292113036508339579228468766896427642
50547453927413156501224124830629105470595600382555609959203725648180509281068
63850894405850548253077863871307081239628499639037208358286488636402006851048
30371834538675242577714875062573141615141903232430737315570269238718399021322
41286772977455188619832840309646745895748506523439512272544309276589582934643
109983026038154585836659616896253444639568449960693492736505327629538918829018
10879974216538874478485075947584759782675482159078624655441605220200668126285
13526129338137622742764244265434520953873835136877275648540680071387321258680
7053763294212703973162041703604949944540580216267326435291613302990594119011
61448508321655971728349006711508529907308983620908609835162010784259912373592
98693303478734921711651549560918330259373175517345510457373749753454469627946
40106034977213958524092041631847582024762981469921635192312969244979343358719
39589056651168550983117417161853104283615133148014513351794302467965724773759
68417619774037259786462560698096695926402765651936376087387619814036939694523
3596121318219661525226897715800775704478155051266221377815300349364179733729
27586897715479522408632830690672252156267401214639443403557245535389008345641
109786627216544938444298127014117875940206483596579201565393820943789325628007
58475043359686897929892220121922221544699983274616601933395060210858276341291
59486113774701470123421719999457791698719666237165034890943655611355962005824
30789071089333664428050076826567010719475267013645939865279291152577513421444
32049714640130622258389944589650355642415823023330085817028412942689816286030
98140910958501935415381323074633087272084560949828533223290605171815335158960
25564766193920611064654212167916875362687055056851427006606166336451094736328
94329568639251605161781114852989863472845740532860520765800860607566597334196
114082978145869944072968078322694004856585702043111833247646005093165635321428
108359427813610439264803951389865622885292603244123102837495635225894374354417
58980361264906438033672463448197907680841373886911171879597921469403629431601
43817471941689698943782142424485726268670662714785504073010735096373184752844
96083100421234963379925151946969043782997398646541329574632937928340559561924
58295216702625274686373592516032947915582303852455761553721517549132331415817
96443311934611156275091202001610774772377296942622123594427312996914490730537
80227008558109642739211248851198472416371874242592714210658373715909345879141
9386038489572082643833785828103512211685309814052652605552382260758467842799
34913255631438693723446793696263901826174746905112911860343211611404880227005
90249759789243467799842849929739355606635465218262103601117368696219839766454
38875407412694906550993866608369121235705691999626444397449744016074571687595
31444149174710977477521744178290880460859183866342458990144241357141601549521
76132856829278294048114824907818436488755965763688348626490768311237859631234
30507997437598447741399345199269770400845449199951806862483735695764759156554
28916607942350069026694619036682216436212399311127621479147926825968912801618
58390079369786608767812944676830721284646547245379195539768115678895011211711
111836086010526341506975333195377504416236730868367636533534012682691423114620
66964061523305435706091455693972980347386015640052975594304949879852698137801
31585983939141735300232063496852341115947474919843787757060486517907419344415
60982000821505187759832485918414002024159831102853500902117213611819950365240
27520502568931439953868828257387263256376127452731172722813772107537675194591
8646413924496581918184261087939265590444611790593615489121624797730433178837
85565998029988887404403181137936577362276261138705991676668469851187272115001
80335882032122196039431121346565131774548605498072309223488104340485897992783
54962696559229427286508308089111611995040063176530419112388536335747621946170
94300994278342822038730112083333390092257577252034663840491550445821295551991
114428624152591497380500284082684661571180865763643174181377020878211468373915
49358611952519563526463091770492515886692172674529479735302634534763273969787
4886910257371967124615683099335007199372758203500754374518005884822351307130
2601610444605572871796588191304922835559361600453425437391892258298499979668
49859007399530907748833229408105193230194160828334594065129765586867966643253
7246508208481915398709220046181886807505966728869363440374639432500591346897
39590921947163906062582170270785418189168893365229625778574410346462916693271
84227133629281294232141113538694399626726189307733277185819480600623037932108
1514894138089324024061801981025273256683346903786765981021473577688699382341
4026948275671321516317038230120498528980280280371806252197539220202377178587
65780879849229836868044836503585411992519189781570616287522621784488770512220
