68650327648328389250185542212237713815774829184133240351689998689003083488562
51578834018844591190323580837347760637932833021852360516962395731667088978426
106496385998242647607773794158221474592865947704883712267937336013702917588009
7015847742731845636339440796089425184928000475146123255008942510837486550704
101428282452637268153142435779824811671854231576741985718894778685070708813265
67617918007586616100480963061042519843041704231766526112034576384107587291367
25537965103853977256757784423571060903509653675512095030317878042630917459975
15059252814472616735062303084568629620269402332045767500009149365468295946958
114546754390035786088584043295000634807950117075052839362351587830856539487382
29698182505956892447310809980910311401307560481053444213322926830491259380390
25560994951623246100108876735091671641876158250378788084526563584626464871483
89930590297059471088962502853836239302382810487644164686479359443443570335018
82320132186555131851794997835671018372074872367261396935702321709102928929663
29038901250231031335863839046816315912108680317223241198040683570494777234218
88114280416023918727772889782772921376774856808382330862045095412982090983500
96062907865711762621378833095809657207208781307234108370721420663121588228012
47576920559913042864382999284481644173674537362516855560166766070845445070807
16546067732636583376938691986084708159450305505979885733494610779251277678893
41649435874846509818564549843816511040920172329098267772533877376669881596250
73309400820916399093790178465185657885914029139930323370810266269990799853336
62353375662960557088822107179859299884690755021920399521997314997505162569840
46914753267890081858982164004469787768775436056832369480869852080724014351793
41224750713501887487549443655320196974696217043355772077733286754122601654703
68254985588938593718727669768028803027684266238895332224425829047462821072599
67469739455790883728987952628846339948184718656231413500643772622315712683954
108831945607218583519789347839731088992533420073396697741033738377028377282486
68508605379638807525449352125023809251305036380700223421523400129920371507818
108308743975944402317714567979241373326849467065595580829557847963004957931125
62053679947019005173121588335717357796318904190303697329043612833524527064991
44860595587413875533490707382790773968928304370723271025583904351053980950788
54274151508152929187389610964567395713339729331808747740339162208282971831711
80842568243962714201755824310672603030354604979793506377899802557169066259579
74392081703442919931703463821399178953837570214368678758016565541058142506645
92235330569233216873119162525741472175935922497827560093447567553271930838377
63281328523392757780455949213814190355388322448219614703681100993598134772342
113583741882723440957609755732536501181643029317405651952761370689044126218388
64203898769046869747548593140418953282922840883992347955127710733233508919509
108109181393363238257976841602882296065757777760887648300006879181306875491074
25359870443903861888120540516479060374573152071275080643555300002878316860573
82313204252258982309177432642893321766337422749579799168843654250173090191729
70457279776574137795802283330754014273562153008710053136447659288034644255845
84165261564047031449842032503914948075465149805564857380147543985278643857107
108738120133394217443256153971757280619326330953538763058409747190255423108496
37597862491178442048524779672776588474083233979787639812926794218209904620179
108114811310024761509144326586395011022335112745867093655972778642064702764870
27287551281392299138610598051253873370395275822930040276628978477489877401350
41040990949523669514649698582507508587928674833348154901514671954473584808703
78307452095695456046981318674043712300770508848670517308038094831932127522120
43164275497376035859102955576929676282183972869307638121019532911585980472348
16085245242971585004928183215844480457966515851827739092112180432536670531045
63732305963366358478888106415342619242177894249897548216830179216819813243637
29622823808145882141601023508558673786871114731478512766274370605406999321016
103723593814948999075856505757274898955513514897955821044457570988445518722156
37493438527887065391787371268105121817849270022037930920744950307173698263950
91879884437193367797700096842083039807913094360733512207464660599890196991876
22309139828599032682881365084802002599177261935776483266834303031545372982704
94778453385797364779406868894275851410514346989244395588035444896682980791605
22042965597969262198194669612691202543447078294727548255050916199251455876470
109205465826852039253843753465089596608451578661251503152348278957320180223544
20213536562447606078528558980655734291095526603334146613802139705052452037979
56621546496112294515977920917373359939645869407380006805676009652946327089357
12135191086751531975093491537901521079147186259636321674257584834903288021776
42317806012385220043945002737601971110759753677062069437144978142398380880910
14302306725599608933057300912203985972535992788601914518889373723410748684603
5971567858183902846494222043814119203252272418130083520677907021869796199261
43637963090458858593069922015531558095164167319009426947557929057293991749440
62970938929155813559948418274921317017571445220605052988215964302496133748360
32423518593852268734104631514706530223913638130839544493893344974333864810434
21501711236010236909323756401789988675826558960240782767051818708548992674828
16530688775970411881755430909461575224173194166388267045765155138078103520152
89605074130669790615415927373362902900874700624775785241716602293596000822010
41446104932651247119923047770489990192942756426764394868731025612884116231812
23976766751395400413040386097072453552757489229959616699844109310773021831898
48565743728951731733839501881063358641962197093015002440719499461812113603451
96019155916449102566682763745665042382259997672682558992205890957675258918497
106858401170738201201294924869452759468259731396446995892819246750235755044294
79956930602960211645924148350386758018634695723220806248379617715701666592465
95869476136340238637741246306735849361709466161277035341973923118343920399036
72532781315244327964775812974904057868705699003974273740758073439856206207220
99501379369604632974682498004030577611002696993385407641668689973513315955094
51859802555126025147299404008939366918666663156178252407225651140982602683663
21168791314186358399363860995586405758366994978274408417391175192153344708830
41108710503765300230248013667255867774733816940890567885188342251299866906149
18722779313181855227131567431035863098921226499522174361935684268864919705753
62993186183878113950948727218898183377627548387320003445462126584770332300551
47457043563155531032277454549590907824273876615343617544273681966757444923327
36957822825876218918900800390084547484289327910745023310624569782727086862608
32276077278679713295994286396321422530148505487524796047897034745688063317831
47113156451993809937970178589603041745681236457901262968584076954848015802588
11317170270931344795525829926876380546210959077078784132749000950051586191804
44015812078215676220577363907771755614292048086099377401981552687955739742213
6989740692191120840989088041910215615882501410860287001478635607777641091153
63764745703230169362220685000210568542939646117694455185401529382583389166440
47064292663813616167579044947367020519501145793315150679909708934398186136645
30738668663250084715665763710400720671107698500144837783216972413971770155522
58274495501002764860552517330646836625072640507581732217039241249916848500530
91612066075283874431246737777620580121527066682094966164324929700040566298118
86712091420887668780827028515985492117891519606415099731986127353424029899584
