72257480101477504330043913695128883116543267890733856615369889907278023296236
60823205562853095965693152716772335498763456374872668683392426928378574317969
231022527853740517796360378854004837184102744047499737426250190856945413465
12289240438303547358934419634164118280389542150048424262124279859278324805282
91370923238222886864936964909770880672962309665438706269986250354530577142351
24531334190538997564693199608190365281052974792195055022237338056586038751961
74804100625887575917772605530230633972395722284830971067207586477152996954389
31506942149485544947948472298187336972830098562567089038320655587529671046746
98252152226453508909848092086388969297856824471788952918658724476503639367279
61642875035242888742115924765423528290550671325921511679931202657894783383215
89362116125862044623612133823107090111562167329624276683721253957370960527624
17145593846023295554576689819664270772487067438496660563075782254444306130433
16593066271566826897375690708374524278680375521770140884555947068763339676030
6014725242977107530313582588043835882234640972805199664719386659760427143359
31506581665202288147080920834929277234242707352403385600022125864245702571489
10814367927457307707625959791058430316740371817896056177113888790216424618614
61394393529530242086599361749708388954212466399641660305101282431280097568983
81570128049464128610139809923243788468165114067042440139097615107958200132246
32095302172055597066588686827640942256937533850415334754048639491774022331908
3980360211378094068254961182680898416786858566604736805597919210878096960279
6511284440726763987251220810454086897969612694562488878528939685225874609916
47155884080596284350441632014914803431027342318650688291808793549206606590095
18123882069155027353454443004544849301446375455033615418678707931606486783451
30198217251453319050509846117126320833401588650002289006739066807638430198196
63221142182614414606493325654008601375106250557575056872205686707459359598417
25643887233323180981605515433290013757956848060963130482137582605545978217265
114679821241660839309962402613118766429379345866633424637322022473959780349334
25141580235680926433354326825837818177320460002426197351367684213173393298489
109322915259653991281176698139602105319851927006468709481011196113413322615351
92313181446433227704168152676341168837470093338276669335538953575956796416144
6193510810389086106171591059830329386671783074633326313729484822639407636333
10087909471759791594914098133622913780393691988594046030093828501061080162152
45232511236288503406312331786794979552418316182851025391412440270332390950011
3555998526228654261624951354994540588403337602262221621942002300085407930447
110434162680368360452623003131835369730786072224491267668070131422728837463313
3383399954335176886734741236009480974450299978227943617790706191592401642145
45007893981187708276594048432232432111340708716365692350426427026981253692017
15959293614309068692568559829819023859372699177281910960341392564122328882008
77003317988187078687085786591216627948598554274023416076880061989603068972204
26103022325675224533781964459378911815074256622383186319586646454781187924599
106668772356929378819105839704567089984236198575680548469655012425352625757762
28455514047005787899217069506220850424048168165387902629604036666554716220294
38172442484025823733297588233833333493920609497580927164957493397854558273611
75190318200488414363053185266590334580951425882103289313091208562557197864277
100618153670421395692184186152362710264013882971221309488154417774621435107315
110231338166742649301081729342774311329749847913264657437426020690571235163682
36459319598231658181625349144326297550387525845533256214384858702294395921025
63789551126758440102805295095641521078144208993935512170289686436341499296922
65308756077021839818176595700105088679790635251482234556678079026439219265105
99385837941349734761463899300278707765968719212881969102817365785511735077137
29158813342843971376811873220572287911075035732649887982408133413734443699148
52161806580544697435831256336757663463197489864714293483568685789841918195711
62396907873677383026376118757345348951254690202622613708992917680935920407438
100521866112044306594081214791194508533205586949667271150770447788920907520537
77290995573609690128455434314681410240163657138942783330230473346369214259439
4654118953790779353708231548124156349950009365425386169638882190463942786371
102307379805059332493031476744865781209004607764384728991623613656975061096717
761183370974267620294585311138174734019542895795958303257993229871343506567
14475163674405722923100974809925014913423929535255206841184346321312215965931
80400504730985022817257191073829130952642359245817039045226086693453139333280
92688779160085740370465620798971647441310064354175507455590171410576690176901
42872001317842859496229019754216982797051276047229050027245587735211152660269
100343680095248755628265910395586499768320881279295218293447031959816580867682
55953379100601892038060536968632728234947635682513395148298285848025912306036
4569072536342031667238307392870948426805006308077866041882682195354700885507
33442069741838348934685763233696379826828857355401542350719152956989262760443
68046965383208366234766886896881030355633623228752675999560380124274778882350
7825629988082376550364762659371510432236517169311045522687533746043660013746
9941302389975860221373088901871978949841292619268623974789542280909546605853
25957545213545020905092073115950945080583541375608609589142835392380326982216
89446444622429240769094220901873955917686952940218645741424271894826867773368
319774049591794466906628343619199611221913915538675254437746987305974340203
85115284548219618463666318459472066981962669293680712701988588572183953958024
103316098823985324968994328071109856863539555196387753653385720581369447697869
85512437818861158102164992476758123478397065208330031715230724085174984456235
7778075484126219243930048344824059356198510492174425644089049597223548839552
97686920408835217742779966806157214887087840544359955530793111042418421875864
9808918932428293948908929248170951352500138963272521644081216953515121360829
19899349977839779417310851226916915140541504985693939032809015820917043328962
45236230296769862347962570363412218525088491557017056796201717029427308760104
97341636515500991022466681640447461670363230969858097829830889959050667379394
112844590381092566094757527756974205645391802503021405230946706684503899861675
86164762948350363840918437664256404588398778096297390592244018400930531605866
106723656709148817814119304174966701499717729808134781681895802577987331223633
75457934856040637321255232713686446951766232278850609694472503451931019804142
104484069042102653976815532224195075816295411731710675875121773235646050380036
69457396155147365831369870361439780392194291395432141327678128530633333435126
73946964414018493980234833134156842052601382154319217514383170751882968669189
20461404920597648217472883277687591561222345582265843516175007105570912864897
16871512792740947664300030452784261941971733332121098267033293858793955094225
101382820095823016876649804028694164697919046547405370612894960280751105219375
66404940824270125151928411391342346028655667966890192735699019681475929057116
60031098368543761905508091932882848747246371599466884827757510101232681216718
76365431224149975998437811279261446675331794478678655330869352785088159613214
83148618428747822110511151789172811597397438632656697534119440993906181281524
91509410738139888839697387698456895348671973016106785403455884774257647346430
75809402751482178648847014664544899372393498088313715908229191614623358155449
85185097458197550165249540117173478497332478476903326451861571045441438273916
24761039794223117412908014253202370776031481095398139924489211973495903017798
76030627988961903568450713544687320569585555719360208752587030706970614617235
76324100731074800111544372973167007285761557850467928407125954509139897877546
48953464223856290883341336067183408065262381791390014179374006051348332000098
90887487109335351399614016360662491818411110123864108328862524659286550264013
67679035431058752640500438897086059199411789196994002170857116650806309915464
30550013603430671920054803314859389255233689072729051860824562450860413236554
97427795675259859949350132288603118186276757543138997011975154701464648689668
60987535632960608844858958490509498202091731901748015039388544189172188809519
50365538947839337532194206085092415364897545513603777001776660143103829758284
35666403588435916967679095734539374170094783653875227796789793386510140159037
42599207684012795759491538945912605248575213335395434607352708624609280010784
87961478288450617832654292245341281841024310875358640830268367520964341705857
88690685233677718715423830204434861166216987917179704170672370597289800773179
110849440884240581364790200448281521418181657046391493102530994390056555787274
1043445884337579887459936956159965927199598290600037003014119485950456369027
51666552340272346075427174327158071987193979185163227708803338892505760091271
65814571769819549716705607929272662182337845060520226867211318042444919839
53668478341554926050927332898765819272705790235712533746523668653050646895094
14853055819347467580245787793071686721918507052296764388796755930373530878858
3919804313034706804426299301041694990574155364425260883662160468698315527949
102154882321453682079389300835166088434903068852378029541533227890620878747470
6311112898967088969101490719414227886459450818496522875537745351020643244989
17118043240448326920375928902900735440757302241008355855845962507653215346296
59853094546300533716623839086731227785609805082579444312490201832502462397750
103667288689665167673361675164254795990197370970104191047427337897997042572240
15851807244427733998696708214375515623049384371360443286599659349960991842471
68382808585501638446664653081314791436893635174319760960871105079775071292767
45593095525768838640626162587715334712650986392862908350224695332851603712336
61559360428224500826782365188883637421216230659395338554572548381670352213386
75926933559863676477602354868222661664167924190121101264085985070882180284004
73783672984981276844926981444895754780236067566553584535382708790821483740670
42533327592155548881253197704369593898619152543472302142926959126226372259512
11732093793344323063819539505085065766206122652801918210010191181966788811181
94347451865732435813490416872308013521874377944065009409868072689567860380413
86200270289021574363852496478166389071389346975041044105989755400414092344650
90572739146561959418872682980452269367866386613198246526186873449691543981453
25102450218501740979195116206092117174015185265700047377496733390424348718788
20165046161464407133747626602108439279033449865929633022865376952632577234901
52247890137209520458881109584293449259799498533004060993229409425910363969153
60816476677706576791003862356408874148513333401996361094766582373805278852281
60251487882571862824169051128305511925986690518569710819319918487372843269328
435019308686837909435012462494899852945955682676487319667805424766386287964
