61982925904021451550343170952725879732971104697715517498339064461190116807041
106229126698983620666483846753210396003352969717521977990533607436406542133240
73374918226132713277537492728493038904768487468725935359774465122590754459050
72934804565441549057207972569473303716569683989358685816728811148487819436738
102400581995008186624761008759196414148642785348843759747369128134871627939021
27227581918232399045530513802116649703091947011504220097249303670117095470736
59657411748831419964885821555350335274277993140821639413749781839546655900055
106529965319663712446056716278657366776940854103264076520143330032165862387457
44924318333032686135342506629369796374161847349475950833679996284260334775256
86146413259984886702029987417609494115997413630372044978686318382187271470373
6624816902370358125867390200997667530691360391781476787480775434286689147921
105525475821721923777073553265830815358168837092237949738234364729626412617818
101885928351019746767639779862892797395494727755303703145255249603411358771146
81946499421125465490180539446048165683708435456880209851693842969439386641670
100500674140059549517283785180511136372404686338789000222502558760255677416786
91023980249998571008873668903692524260653602866357273596704780144688790044957
57256741095519451560630785845675921257814966401919865829284805133577843847109
14416696720455744178045152804839895458108845527268497512505368631366380426042
23558808231096683660078329376079490213329763592117850535704378383694361215332
73175404687103239961104108530956519055079962863990426151247966944562722024429
78673321035848166584177758338590944914744540936727188804826795387999111825917
4672866892133858461357726466077490525938676016028574409819226871165500607409
89230575817379714961139003264776992876309698677789341170722896935648619976098
86642733455490220156499527375391150112179615557679857490027089073447623648109
7252683924979027580520670282281928300700264225795877837687732934863083089569
114865254158037804950218281454725302632895360282018211016529800491210140123779
79445423596215918065502848706032846117472568297937409664247402204176526820905
40217363804155552704908521456433123976459051096541107153406114357352104879131
82033827932253240260344509515182781420385136543683648523826684491091467061436
38445458825407418201504747513333660078515854825811288736271799230618989961553
37057283672846618722701142852720700668490142503228946543765949463494019776783
85641391678761707785604827781961507481612639604706840591079773501103230719490
29382952592587456490433644476604026099608571659811233890381894348738512382889
114040505006251959160644473999299780896847176126571048513217056150226426309258
115637740019724407930921640026243280027088408286201275220094964694791275097287
79934877434832560674865699371984860564120313272727260318633145777529306725914
113202127683416158265422711518312081861045232334634258978702253347053095128935
19352320929212076723288848469822491633840836649343770934044573259565294224768
50779628849501027930415166046700353896618941014677878487785718933766645259825
94182302901103293260831189503836933597464545462066107807891203138706980306246
68102358167985648151733834307526318323726131986794265379286595350832837855527
30305124079118113533915827225841811091577962891181615509899293867780530990235
114867670056060092534939336134437624114465353318592238936893347716736788514092
62338250940258190875250148320893966791448175433724970592969859915233443202185
56410667997396791708217529355341396369788529225403294361190655539977667527330
2836556802846874793953672194501185027696980219302754759192874103018980901591
59532667819919856728276937756556642364543472268106039533296381127782255673974
103487963274336090549798628908045133796445262412650783600979566700238725780832
33035579282743043609893263558729030339060849985079554978195891139047443307217
82932788007054605998665245803963520123953370821565666612789038506752577012495
104552944183539309797639546279399171456899541937672254887087928906758424414326
42018040938892639430902708863911377893256322601742680948462468180000319164383
5330389462153479293062200307300604889989881111648265446641735021885861840990
13290025872999409448445158566653677692364379440136965324033297573942545624585
17808732726546149451260833898407899233889952937887696827591594631964179284503
68553407954688329379235693238316245572842293057572631336075312989852456532385
1810055690894276240474339687602337782672617001222054558560641003657624122476
360448883874076525653938758609342755868142215137200938873522909077715323922
19265465833827096153263790963869704326844098117476423719931484360609731725801
51253103832374066573597676181231411958129559984930588986467420581510435074178
92810882151317754050118341573632449128891764580838869312391883653139088118740
23550718973831043322067161703908185121082180694036062723383921347068732465911
17527328851308881029145383327196339351596612917479810609560346095161695507498
77458745570791741113796970360904023068187882617627344379864693828359385305028
112007537803414671973563626273188347626142496355136834495422022124376865434336
47444756986353615075068303796639983410535068745064400133986580249704741384179
27711299605487826585058768847433095585043111330292230523999104018198334616278
97744221371411636940011762060771701693057075677972294171127276384498267940632
14826727156954014338661773133416272558215745949753160511390789094732914895049
95892001695276145107726493165915119675371160582542318892189796268414572927205
98654629287406516401307564905473169732146480175831391015778063673984335267321
66428769536960897324771619910270315007248262919904391839488828668022778679530
29838425730232760559786749430138895104962410068764774156164503921168622087000
113518192913073242411246014370084271156024747972601569586377855102364944891211
104500357034371676571893755927130054258452359826761233084440119186417322825088
65107146259911038729342373504389462864210557061844042485283656544583987938466
101350633588252815342934001283900412885155298545389731275244530531257332787144
81811629049099444331375886541810382101027128071285777300426638202091914113828
37213443387275869547305563004373680556860500150102463172427925994410214886848
62483860218612562034817618195576219757126631507266312977679561771210081094974
81478382815864808137302841384096990608606157870772608435602673362860095539024
31067006146920886095916861351137171418738246833440808484907861082553670150788
93759946276802663620110520315442838570164201653142099656706467954606664134135
106882615452245754604696726735292881044164046356846460107095305891654568598174
73560948028807326365203461837668300777997571860893459117765299183857967141089
101679466394675580408579606387261135245390664410110824624769425932715437335931
50872740971003341935519597814230743870698908986954021988671210553321858994311
10542053185361082367650370125404046839288404912186622520987818605701142048126
104692497015231504231303761364727476066041643481628528699180892123795740658000
93788658298760292017131426393706668983581343119978702098871526354545611284179
88093432173961343196552970990197901122008248243524127182147326276016940457395
49902765357658213339211949840347983601696264736840900395323399124871051143292
35025292796672875641140670185893781775263995620660441203597988436778105548545
66929396902425586662047487053644204871029625955063208516441700320693014839345
92968527332283446319747221153973873859402428638263154346118643321181560640333
58839504805261836668830370458020253802856506665525440888023293812015771947401
109118618107171934610952516107212475886112513282815247203788228662450877850866
81611504895658581889162553857397787966907903202225812159674038845140753815738
38483075921893892430856386339889458896205973264413106107017962274452011733279
25359363050894106104603592653429477260469434938139613060158988656725462379300
43639499976851901973549193988748767608798408979756588725190601592415113604896
41982949477745666190503256891118075155464429544841960312111789880715462946992
97956874292686739265244190925870043377711927578319929291160138269737859206057
81932020820931925092178478060083852276780149322784321974707737171863453465637
11028811310828345402040232026859120435333416423238719061083551223298940214470
91053960306327035395716139759160613568184245908091722291097335709824040558820
25207543055414896879649831820862974995687735876324989301442449616012783367354
89760698913490144565171934749155617385502476450541780598698398615963097374061
12613340274718094737166251405777926210228773200822988526899988370822450980017
41726881728415593030015575889153324734828462475629196346166349722967141675375
3215286048275949516961916441212195709473628019783982307135323956246449639226
78118415236814759576086595546549745339755582965489079401842337012017999168228
33866566942430354685619537407447995380477140444926315706116114952390679246024
68075105832107972908824579082117740294796106778039155611466386782921869663922
102219177462046751834927548577249839267764966019104015015099942058769192514856
87059115019786402828886041383282590321717967010403474116922326601209220064990
108622319711538609177765232465860703322167785777405240975843726420582303632849
20777372748590403878406176671155257213695421776363094546564288066095644541482
96415768616225208244932647702832440278013414996779493507383936402365723156965
14233278510772206520720058656406029053102436123924624855132065515517104193388
107398357498440729840249315404849002103881426619881617714571926442192605679632
74735829043462500156113416029349161702902615134662320624295629073911179027317
94120357259532597686614194531024950718259336469516629536516571044443887670126
100355998403105652400663739995633024468852070931226591608973784658133454005351
49772264658853913981537090643069371177757035627652267949306926566978996564518
26338823154124833358211535998143743465980484002687783623836753988273101684616
92176567397062051538638326032418483084851614241702430802323671467219857511576
38823867800369057412769732042913437680302646579487641883124529878032325122773
5411852071953029199122069920942512161425619798300451904453832315543330236613
48098242734267749716398916934296188891474792291270740833671648916040073429958
24912125376500516249103801387211231948547294213235755922114069772204310995718
47626784060285450851566402462382718443538255548161431142043042015408160806845
52707262727693021321950094242511950984146714283830942235821721523447583509615
110408020635604907321483779669771441069903396737531174805815672970461908403744
12618196072288379034939596252571545869990499781613992317516997344886476893835
33042863316138614475324896381582885493153651942097892047120716943243126843597
1026655256775951068993688803382552862549609836437024607224483546839339072567
65643586075409296475763969239252243868584334703254502344561179323008816720663
64666700800462554614821789768208300577333564743825970124048648411787097459131
111562503420410144644646724748472033435935502882826735886887674876325059686297
15813424350848501799102652390971690886831193928370203199889723556960487096543
25766811277641651537433088159551188072602190351196722597523217197234614612828
101411941394234292069259380581921786420174829895009952955020283739385002132799
36404386058701303499553482763376588428408187068666889876092175310598471198487
18562428577656924795473779655562052910685017699401876666701189769141966770775
84819295582393281607536919143703099904973905087194618688542104845451152115323
26222328837055620212881475182320511536877456991065396487922957989971534988832
54237864733884461033078223003609866705534199409996330344875354154959902184724
20870275859142781891694146989391497872698479206311706069234478121696276104018
67847138969490968365623015177087541622822159462858411187171014931992504792999
96941992531295450799000302074191210472394910139907115487482368809832126225919
53372581597538469052054843453132793648535454467746453574270708371137584908560
67229445943532511283358583895219922581482572555954619600112333172269096425297
21145397843630581479482000807020356912899422988157972454284576156281675917079
87898093220656021271617705840052956067725737364487204505283928447010472386875
78467725490494015741801816306810396408313322641858308317601963547879299849192
91300775340782246333382102016167022763285338920477653874916148689285125872073
100964800916364475613310862487001956151672581968704329684657778121279061927601
53341418446710232552678623915439273577981217256438016113442753486466975483207
68677122849623901448288597581705927148191944503736494989635305768322104744027
29147713232577235156205596929124683193168095222889030380424634766595886888133
10028367948858150492140122314908233437800205259474300217373783498146232727411
31959864915108313018446135267093880131438421007826175039536814834462313616743
88115442455486568659497270388203905025307845920689297067625030355295260601577
41538728959243649424533222432801912450229454452709066978168665585808494904579
62381593945387726780943587898809670827073715762422233364524716675219112583782
72096871207252445677109345098597881871183806822476149304748397430866247440669
52282947946860654467925951398324702670688527067053498502468054526401226330392
95145876439617424837133841835235434532485114287624389469518775255239509698609
33062675533928835330349728857501834151457355185116233155070683045614675594698
91366446747861802077920147031154345396383080624590612201428347736579742331079
67822210992147303418120442839928082344170825923701216145308624659663678829009
44084498555631371859336616064960227537650803720713277264517419554325291567688
5719360755151336363594587254702893397090840943781356807038171912295206247923
70271252286706115082274667448807380207648840687844363654125462728459545887463
24305784418519159726813274269577785900810631882772758389482618411374238553280
14744373751121445926845299160777830338665186954225638482408288372624176996745
28962165722149813313058023797405816161053488104411274393402113284971910363072
43297928290487725128111149178637426453560576628855303328378677564936893037969
103524021505162382583822200234799629876381720929627741495377324311201939441364
97303414700272496469623874827240321489169612707761564600472106504256807735879
26239592075285271607780900639651057607311872444192709407596135746064415832241
83911788843094766163515785808652279278068522402623389792144404549711365368091
18167290084734564519359497858540172911578719122093079314063460231672155236049
