38699597645042643335755241393719941863476096524553813003760450616940143415138
46675930542523429335319765016523927878129655280781636767894629157168547286969
115000209958922423597493320579543229327360143246132399473894058070779150039060
90869509669249016120504194413337186413940826347409101803284936511238493812169
104105163636323747117382706751055589486492535188592445653418351872798676795267
66764608058027451093554076002307694639505220850564541323826495097884981664343
98835052498550660191071293678181284675545260458545803310700778480442245034234
108107607286161848656069247753093108903695232377341576767399093107339671216904
98976631874584387780621641825846493127206165409413395693265459218813546423680
115505323315295827351023996606195898162191526326332117179499201672537727502847
58704148284006831624048003496494775790851569298336074571728902685745978614415
15573951054439900240776471383728771016349140677686226368933644260336538689840
9406478625967649582448303074752493626265118016192515716202302980636624206761
2592112896606557785427721635774996900627495286463755645766187429191448402359
18912371922991306153151324474946367049791693141911561612218155515739454352065
11329280697614653935004599072685709783074093545387238860784205013296491999130
58710767632895904350049335630381545082098982119508504193579998083671019837643
81055454933469571143230632225715908925637886019409417092595823689949513432521
36126820850095670656492869621851691718513368435691690254940821620462864688396
7304455115870917645863222524043552489453932051062205552011008014976061719822
43340154123313131766344300677922595233687226371811145523040114005392295749118
59183443419171333289004498560727236655891954303106739095891343218439839530973
89135100725403682145032959447723912827679816644443471598963900767272900750616
100317150719348803474464817901354069098739086322737875288151666642960954695805
39004127744762730679515697510717792483637190188577035580195579660525688233894
27644043472441940109198051261257542996387658203175449039814140021165509155886
112420428549531605600237205044665189097990708761154530988425014315168966406199
15599231823974441930069785136205054074558920635797910034844048545686474382608
25180508439554406612244858954033400769412011596604630111076025730213333773403
109186495552955983589569433192721588599955720782024543050090024531763531206380
96194624305516410637125576410598077984700726194842334127615178172328301352961
21823977109347295597367753511363360176105169530095444544806716078621539458507
73992495127914395601374154290253708341311719421529548327039371203520790143668
18095510594581684444955055678595929426062016154650884757149115520322305151789
71197386498050087619202254138992163287539236079147366606713560825506376815430
20181761974471625315428827773993843588693123696868810637017370843797790547312
41194086767157041043478076711655211335291470161334766655225690009082702778834
80634538601895657386565000127377873357532120550835451634481138542743225789560
108950632590218078449163854197926245045010387093624963245111931156173859069074
98185673467793166957978670667841297398274195321824195400326802603147774656363
22648240576750565052148716491546601636065988116665833577694765823069472401897
53133737863046486193808393388677595012471947275308555046294846010651285642101
74974343740442246088951074945486235446353049799050795455449429999536205719419
30069814563729567439784556477969191810215160687331783000485208336341777528955
102784864913210650549069904053319336935473022514947757642239430238060367278644
18331694123053788549927332355206101774814298943926305451120378630489009414395
14316681474602325710309777480059345430879703695260423284653233249910428199331
28375248517703074926852594041492382965733754935672422288052261097924700079314
41873839447382131043982117492054653105666937707359413442910268133055205325770
35052338604204395017383706721919839680014874363806061071528674750676960063015
27775294871415534750716204562579138314588814951171068915661688167936564687866
34551337708909942404724644924479849728591486923176459238455176445560788295507
76968823512517657257833501352813345101259990487553118314476827234128028302400
95470583825135181569535475244437982987010552770968976252538744016735374955670
83926874168890994478737375569800372188785774463136358195759833344241103294479
88889126284608201455394412502531276491091658702343211673657071391071693272128
65867558051808946626624262922775792176204887426268272944389572657798464512381
67297082177227251173231263397996485251452333998172152041739421639530182805027
83452991821561196871421281336636188602521402834641507459373646509042121744260
88369058614732387034550657625030797857043139896722387649702616675905167814669
98024561858878645391023056984820488503706862475471639345351398109214305461112
77726895584643440739458944724236253350882393053967605624052810127274344496599
34996876414707868957616011138258355153013613129951206229562765957328886596057
108522137025128281416357300945628192147502076464463408569747705467281322540970
108282494052036599375061380856973740804757953699770775754922762517478943119026
80874309424952439345598778433253199661047232747708141256982952187703357843166
50977350422942394565081808210187457195605084369019409624447227049205691627652
4759767916570395104529460891954257038028317503266519714928434615737586095544
106162497084294915886396784508193068049872022688501595635879122287168767892498
29898964283756915797774389757830474541965547639324768189946582897425330665088
88286399887105172440169017872830454908543727245612504305939304713087633395495
109304073427439740402853448373712543211569286196946319162709232063145949683550
42339908887581029029103014952513809092776913944434868674651209055336591761323
82753623641178317528492657992851705735010426285855807593268551149412153866626
35468004178087451894311631027326975354789002786199036988920668856607184362155
20807468489345296005494794245573634877206600932895883291675715470808483171067
9481932811842990130021007908982003113816233850191547137614698572019839919744
64673971830159803570748890031960133130213539137891310873667597260433116600834
79301920134902379887376308659340581418381464759197665436261840579287431060018
655530214894249506257193595311370142233550776236611774087795368673564612723
76469061608520757256534261755668447817266388688589465489128928295828292232201
34747077956127449496492306617366217117188699798503544254894640651484764654300
25844331800837900342634802413200358151179798732026586024605187451883596064941
68656851445595554861502265368804155792220130190968600487110364557328101657486
42653339286456222829937529394416212718628613102698103060035462257842463476729
105923401792682260601268027022382242563810073688799710844592978296245600873317
29154909806205698326621712649359862740782278553065551632704938980655829936310
14437012641607847785802651721054249207310058880019953405100223459145657893512
31782602432763041971361426411844199719886929467667494332572022627199783757423
62911823197054635537582120203232789187996955330747982267673932095065746449344
103262304531048936831672890007453048311599307682104704126785072567932293922239
70280684024246129874051997646757528601358554069101355712079553226331334538245
