81643668146508260743347456382312107280422579973278607872901917992073507120560
92417374415447687980384334172593067471720776041856395431582717161379254806184
55423976204084398815208834853290964724742761573106061884319123977366925503231
33178922126439117572926114579635297078791202528029414435943571240967876927212
41369807724529363324722046328131871348649433417037767836013582841397426750302
20436594141134187296766961457965153156678717907057820184428642491819313368056
52904478403533545690926355133808532125118778216570800644900451467617069210669
36605293148254256213401651577334593435215768059241458706786923863624869686714
68836195463716685273306582314284573875000551919104684977833313006035358774374
42683486828492039880531774704134424763948190020918425433850997842822860733965
27984950957868264691959701618443404207525814076961284242771829391274304936483
103131226764471339539638608864596177633543038758906781990448421537043044183538
61025756104022308201097127330682909214129821828883738958048877910928548290099
63397169220831673590273910585499610401830407343734703983492562073532707169225
19479956930149234828540951766571818931826440340757417325184717974576034197684
100841027399947568219257447783964582081427979851186923225721241550184945912964
8140675266234426540025760853465286479644966636682092807183397477522015215757
74386085418302972532176179149229594261772709460685739907717149380510336682743
70786942926108541410080488124072345075628704440955868567054297522430279977764
67775573259010632872601098573481578847495516373767968471510876578003543596554
47308349013493486318998695232118495129527447604638170571005634561276373981310
94260647006533262030461802351541046662886312109451690245826385523895316004664
12607735503299386049730522544216203130779909478452355309423750814188027099111
19849553834079633029028655794672515175514791922393865596584194889531100707373
93223820177734541419818776429096597278532318518098194908828081939338454014970
32886528142127129124979976680281540688560147992012882544700514746989528402820
52125009354655639978317592150373395718097074871635791080849192600514634833500
37886448118897749449961414408977657272901851552049675513555077265115228002905
104728096683963334126230761672730627818659545518659958864613093807338372590890
43629978985598921086904938554283285550524599525676148882906347234888648870909
84603570768351795432684198856535740475398275822190974558750546074521730339073
84559806062336277462872439352976219224747922963573027598057291739193196722508
91178175868993981381478794761168893670745449236945698495510266875147818122770
114881626659773284959492499845388107057097264018494444623224925682440561952998
69299123224092376095955801949214125677084130645724152472206165433303632276134
71489488746155977908812046486244570719467864219169196456557639308030617901425
28962959437068975789345724596307981013742636093498097612967712091390240699619
108359014902039230410565441334995226118749960410007242146796166889232186285648
74018619050786440468818012696829255116563783938290783142764977592415832164373
91534997650153350514586378045386281620710035190240437635190939931164248063489
86868623106668938095059469835364084795703384028212511789051455295756051088194
30759695920358669380591792036673835576664789854938923287980814847686806397842
95711570148665683450483506030986764977842721134715736464590334362745491535042
61912838739210554515344835389040445114264898334419296071891939338038780876339
76410401053961868966420489286479737048336435912337132660896602384140397272940
87083735821746694509104612684926417095601588176127212783921594539408782964495
56904571777327750030215250480663426772972034530928443759018559414540939296632
