71868090112791578225781369178691790369525552960874414896831423456006109962781
50801695850239966676665129642282695666349394175856618800705828211740438210558
67935570941649092357026410681040776092336781543689728502242765848901725595918
49939956701414093870285048572446218121802626370545739792526652478268038194705
82105589543253857482350791755195595769627251941256475379825005137871089904607
108549198158335756305285836904183575312190607839576561051223291550972896990116
9360454172004767293292115540748257948047757062377809390903307913906457612142
109218390426135511115615225757581526712943505511647462608342859432054485317081
68991386365720153922911996257687407033894943063748885445327336548005008989626
33349002777792912965204558364327948844559308133492637284172570262800440962780
21037973133676863928727048435470272507711590428813073894163143055503717419504
85031450102539754764433152566819370121208756762850750735178561478842629437263
45166386393775721432875749059076301247137021250664961232867237094884476124531
48115671987043615938410100837149295723060932565044103248147417106687387222397
25158420285283041345555526118801481576789507151044222457759895815593798450422
114643726191438065014738781249151335318383907480446985874538907116092391610725
22545472322754121645625195323799364829750068808142072913274873622636145369850
72545251338932108554182484974620611208356994904676749002485663135086981366414
55797204966221651066323373152824425905295962321200326842853021536332286362408
52087020121315610601646650667178132361740982297717607765232224873034626124238
20439963457789411004301661454398444653874230003771487375385555430420647857176
69416317489312161319334442389118454844105370174843768769303238629676845832324
14660142775979495233128235795225340857863641213311914989806212886417107284759
34698843661684121186627618382080295147169530742519274561924539167404927137674
35369036158186140381062319687479590743700001517942446791401214530051033614283
99996557742461856078312984952849287726689557599970779117118841078048400003900
49788975167735798317433235693592189252661423178941328097957283269402553162017
108637568457482182873071653191952150108423349201049390090964130566123018561746
19036501565451823458629139221439047366378973600906627589467339840761851087825
110751104258054495784546423594447640448435433608047855397129772657258541251786
114451682442496124582475216257615239495912810422932221289485781319944274661090
32237343186685828158054045713228255526747747239492347501513316589942759711503
51963283226030601095220545693729130158929710934350539464642662964516855948081
55391045691471860748245856673964885535828885498612261680331421450574705293915
29818330473886613300613519976183014772083087322857987599793995448401874280348
7238603177313254169905424003383768358580894265737182605514979381539903010548
4012225313436080349529736185234914238464441733981197262600185816348282179556
105447474191835280640686227860040464420306161955405594492924116361444103880928
91248615695278734142138328942719726800118354239512057322678264660518324336805
2877734485204746502071089979505567067685753885686326446441424121128808527036
95109744442034959942353193560437488948976104737358885569615289123913894599830
102865872971959766828513860736946048629874806817334812264205015078572224370381
73990722056708698334464086380944650899591933314110552231509188065408958212475
107206970389592729346063190097552481335907616563446954786528158967268338981058
114666274485381506699037569069485595968591421300564942138147364973901204661382
51375443449464005073978538855533854967716052738165323577764264228771953238903
