68247774708975016878339699198654392932136658603097485495333744126503203477088
61528987008288670031795314392012415339961447744535412489289204439543931429177
55969698156145203805529814077855160871225162677746834322226550541639463546118
48898673922963105649651015042194523276784625713767141575416589946185759185690
98297269514350600697177206699143683570730092758659702529796361639957776615710
29875669784580098380292282169599229182092284626849257028492217109245724086889
57042478992809003319045908486577541344006957104063610846743927322066149322812
10257060724677788719716247800259029845551614651117722537546080353170099168163
16974265515727559349761076801235448149331377929422899593899897301222766712832
24626434497529879379970040302417817438814280173327102649793453915509258471285
86419535288632658237755962180789185555380644459818427574897631144333651184482
56544235033666612186911134199143413888778573278627327396914281025760551244351
59345547855958529531154769582750482471147629789739587738771133341778796464479
97954423853270709857425963009836933575507812732553880727186345133920207954255
41912436280177893252922753123259303618654795404897055324886692299202868061745
94043051967580807770873449408303388402874559354323107432518044536795541367326
62036560074274223123636420529003891609968938159681431556967728329764092610011
38851073920436585478701910162702105726345326634788668694881146513324922116133
110424801533889812119735639244537848716315404826459706833026360509074452088117
16497804932848967754511724113509099166430773262360555021596233945890494360081
41232665280864337817720213718833130748934327713539602109390464654581380154017
70738478119956512631338654979703256882174935100528907867027641517181541014674
4062540577923103635267493041725721211116891559699245148671168515019165878297
62622845590746308331979555025225522278636769214791959569774998405845673993668
96251754122542078447033660732639084492292858361312046887425582683396313417563
112990469055286212540202564229984141103704740174645604006077867562236551132418
107881222556441552009111645642665949024377119065929008763098725530692639054854
28366965939020635347217865085616079605031490935675676749669074015367857264172
84893964029302524647389734160541777526903358342814413268797083008921449832067
69386472178370959464359260428369259524191297277178418631696280252118793258681
49757032169231230694674505560500337171463677768624781360377568593123603551724
93260195633360365925820355443991514221453940477516135487783331316094546268413
70677917750275489810261345520443449255234627851308404992286787080969754505781
42911944708692810052688834095877845616555562879086856764798507408771826554629
34859596463148899376839275303323543311111640367350483555721744240614180280861
103370371201635516933743738712546591004237431755878431193992970508087841967370
101008023870586249913323725853954149129336911823179229377876976063314199502138
34530370490377112103854568902335906802573924571484031611073485877837837775363
49099188318266171418626533718445103250483704512311494423571668007046218990001
106717243777865901330216709620889384565668793315278769316283272346596578735513
45983071689011140731433720170878763199657817910511251794045645159364518926649
27163472065191080953046667889987100297300190430642373700472832821775374158483
5833526654240237315667050023684316160668838162731106586053677571201905151219
55357029812592375299193780477803273907686196417279318493999662215315562563001
31860181546633475063740638571485337032128709632867330690571967540105417331922
23049368471038875047469536452885655999951017309749379695857124428208135484295
94389004978175254123131513379754887514248803186049304367141236183195442427626
29638962045403086023346674015632034746281713157643621362363054124927264879708
68206637092191166116934546020653661500234283314027029818579812452448982423747
8403316267588038540870997639848542527740627088684974799988543807878466086489
82212398665029028711418177887510414926382078426587309881039691015410953455704
35440954712003184499601473618657401318250838222454464047405046223329340704434
85410137580039586027857081470039639305121706020176660122069628297447314324662
40100576270347523060696254331172844696603618154247435031347920220670874745252
9096326658348661608019804311829431231169031281506971602871084424574041162119
28711363251320073801993944892935247544909094418226944808169553863105156888079
47421929945998170339348954642517053593446033755383232186556245639435022718926
40372224010598372795542253247395590582907566236260414092313766937285824638997
25212802758371892742660803606223934119189394285803080020937515688095054423494
57443919384192639103715565535854743933241557589657095757017762640445199140859
74893953286088032744466778314551997061369952770673734471914505806112727407307
97967651151690278759941574436675739183571803260328345444366194403666700009224
37686770981270093897427637872541181508129976066359253370319906883495013538251
70873325052237081262408986772922020988873580033987023034262470099592015642731
31806861767665633326811982416043689164741148217352561549484043736378143697369
12595782766763856237645525673946748591073993577483134601692141227607798946341
54812387218761433626373893616914491793933389660586969660799713181978703875256
97002870755315232531172116622565194945705139489086939687120123627043084693667
63835161019265510421723144288807650618936388273762241134028260279070192034888
16266357097847370169158300367252505285115964223105076029571057959035244251711
13896502093413975609351872944804637019890977944386271528356801422687455787933
83712421665444217920461090524947004986564684839582242803663230024545174449362
81390524037911716451387660033760598489250937354273553063580538223703863094373
110928548111899701552438973016071018712571622738255196618374006924066602706588
27989290606513178754315330557484050723244107096571493709547253744459007662515
43182590296766752670148872222188647117887684132184237739691811101983524741943
110204901237900364983320906287526009525987059856852765176780252100761234512259
41478705594988874899537756167190678429911512137392885397389753779500609736355
46056582682175068334788690690597205777967004100546397740715373841752071390558
99678336843403578756619223669042970894600534985588182057967372054093058223643
76526892837700992726001832464121115885903070865669681815148356067928582881668
71694843703162137466042315730697179098789489508693625895102602675953165980602
25998139154023709496724183876560405165116814770780727801142556973529563050611
78993371604113417850572402571464570913555579400296440279916301456107002075559
87258538810752964837182389553485728204413012616317090093078471360597061446600
85034099747056548063381651892200322831319274833189130371680280818453253609155
22085152721479668863088792241550668889639363389361029946244692033399871101642
57566918980092593215327630261592596093012768059697032006884801341781251369451
106562623440743443716544787782193917891341831541361406326744182311699211193801
63061258068643348306804067740621552312303270193822763933416820671092639743249
112295288936927179423825883260615071906541344328714213699508992475701110664618
109583800705731895263587908326629338797483534213742754752696752277016605653394
92544578010451792517271512679187772878754322088141959842579736657992455434182
108034488803843217732439105995625198365424127424004818011558269606260809328402
86308275439644264371829846660901905325055856155752789660843248636142885975167
19877391740171840011897667690451638290831635119706472179831810740175008220511
73823111175606284447423797732568458306483643167456094769424956740223199332205
47056128373828982570078657348196092147551020678133889602346330535867214979976
55991142253851887272647306716348625372034881424044962335328419201530027641266
72125218260469555828379392612297683495059733555837304765400338209183890577846
36944998770260993280759174012266994981544576864234571821822116413730371058749
26208738374289513637184900170472996681222189749484127533972781662050678939895
57328534728602995073772673019410971428284911477877574570720473960095123729189
28494677205806695157165810414072331443204579364014199181830219138408907869336
24214073054219881269605084528206135474875749959221205364066948216040124026156
42891686377176198549842945588881112750396296537783608499526742029539485876342
92394352910492535812697510644148186094815385550460953398233270574707300983620
109797361097994495086430848755490776849523330987870238486689050287765894949755
86484763518169250375848036538744704214437025104245685289835981413096004518746
112809603137304179192773438551671011927967993748301065595435264373393393322460
70026397469021468823123624700966420334461966846825698064194256500438154363281
110766151978053298074306157992124489225826196475421104535726798248148898933996
69441334729134967502190456969930095450244048513871075435934152756853253439692
38669543883273459257642201821362935136860999543483932992513130489522231541703
69111787522230431582372579485704225930534737320596191120455579654336042503870
24945481130897792200053268872161782535346290193763904693875127705172777279511
98093961136946691403846406107837739243653697244751843923217285192656179809293
36268971260355525992482223117216440724936023522593261145843543052441311588675
105977644677607079555461193870888722957186129462634749088270747669287863590673
108432199164716670055879427856917735183472972406602110313796655643455690117196
32399727372231388396334969332654918294205288815679698629595422991869597666434
32485766413541157419350351441895946616291474639051233452226260705135442575264
70088273058489144190701940985011067289958957028693217316589497013277153632586
67289204761191914042581343021865132488184853551806268171563665030661248962079
64546836403965190463030823780762011746046250502040100527114051091333237728060
10164535191513682325932535278210607493714013981376324542581635772359743518935
43047694726590451880472594025481534652828569471740879966057747593347231843925
84844622424071199388485471306821394587723657674615552428804009021715440947744
113789549249064536390122929290714952630370662730564198347828656515668731434150
91243117417823822240783751140710229741311733732078412280967797297961477505722
30653983874662310789990558938292246172174869164507005003578633674900256372977
9078166232809235883578357715669691163149158595817402109844955916749849663171
110475606751233355547649782848961346690165029536422636562340294737499450324009
85605876280747748290467267885111413890951496082574799318928377466402588600690
81020061107906186484129016953494324934186909712836250267191963727397219597887
79926822404187142520135005633536789284621760517506836644875399572652046179763
91801703236292844960914486855540795734963179359445704439949030964853164879468
2004279072331175726145073138054895918477930044604267240529511214865536394513
60258641362212676935818174612303828214724184016711069302155612383185041567922
88906758105378074371046784577079678324314859413412790297852109197230703614764
81178803585389790220785920466253619640895686739671355186738150782048749005996
103597352343553230332839393847927239286221059218510617193539877406624906473715
53198864335511899063521226516054256706828112076151186028632421724369795120831
86362144816424508637402158457329982925532536953739475690877019925778243419004
113724730239065413229070855207699133162764619529194671038597631094210610314076
98045949833220578427340613089128305192881775566603546746676083516953040483848
111854722066986632150182228407325171523478469133956136552596997682111186570390
5709388189432324463918638094566421207858622272033806241473992079466674354106
11912842789564274533273661097991435727589519439931904451209588795257094938309
95810848669133378009222066390732716994391515048235775812914656702572494100706
4123497764572592755645800264103273729686121406544515394965873661891099034637
110871494391894096612668412496011729248326152176828532724824983000675415886917
