88533346442445973351454993738258862912484680074360759954043836539469485976226
5260326607690700315882049341605846830022505136944024691381963080814008931136
79342270499501785585504257880766367328925706333778737784566110511313985933419
110720159840394748614261848215456401378623477795014089470851274476969418581177
32788720107353007807266656938536171890242230370615073156353670168737751256288
76303701424634831848016050441422949247088423513170340789887694245548838821273
107175306410275225372389857810344701973667530242177935771269001579177423282888
100505624776158076528482605228234402556977536432871532918950466641654297648714
85715847837031904543375605410452762462050876182008810617503613268729230584564
11569936563347673618405692609240171272157965057445012725438076723440258821597
88010503365441615603081162685236808293994863633715520889674453016696452423591
110139506524680239548899705015467044042410628052730745974050306478123182011587
19731942396351853061540725894970669741298406589392055091595078640782135346941
13548210119035096018854932800153917011317740918558162733325172238504020373957
107486827091420519753698572588316801775025114117158613460444775692817959454091
82058396935430355883165837316648767599393069969716071024623716394232039874378
105776649922034240719710084485039943024315185389403913885240786077338942214801
93168866898566096801493654475430424367738380052197640097311865747266818088238
56261204192073131120799726237369883906097227761655584086569466618365528979708
53540601301957863106197847683701464127822078142675566635439271091448268881821
71349119004736873713801326039874498611370777040838119697342821693275695046885
77336316319604552701805666567583497204076184487135757169124872427479093189801
89338938936984171850273540756828457664047954895517418566448787915096863596840
33653565994220195525355750640909151107114674672694440838522713037040181440547
48992607511545853198702070063271241972513004273742053650412686892711845255727
12652079354362150366493205397073300877440171859907905262461762478283301300211
11032763469516668813025077263797318273550059527015071247343764995795961214679
32565928432084448822039263300468957324673384301841214725724002100582742756675
57220013887171294016246457333028844321129548004783652022897890121682133057910
45867870177592040736396434995495481106276731649216976833044410243473109386087
101476345693708996443711728837391887688627661783299130915471489071911162146063
22665883546332783618437722916017999740440123959895132105561503017398952984426
96652742502855654835128409337781337843384171912274617136787816087088982811618
12457885941821784635018723353705372375890552577847658761456367071381421068828
70920154326676647757342243133909839690092456406151635195417155212044276528301
72449465436490304054589535527575294226646454409421982015791820397886758988681
50550273096600552197392338657125668855603189478472033923122428005166058176300
24207416373091747013683707586497183177592841505799909492110136979418493599523
40937792460773859368168803781103009126363656090010944798720154474509599115088
16933290478453246937565287907167821650072746736283621633479424613135366328997
41417153990086468597845804781899942095829828646090115532194944019175201793098
70192643550148759504607599030781704674316922267557484511151309905451949374631
18470048771688391852053721183377416613318572267809866128365509670461038311402
14163308833198576718011156639821606610509268422788841922538230884441643962124
83234417122380696641443708831241076165830679523881575613439262302318556833804
109167113271433563593270847821301877689837219856341926538710361907587280243331
8386221978972705350974584842347068545057576337561129304300450613477081391934
64424984660508629712265917755662192792199373904742142698483072835344588896862
46554960090274741859873201184903509928501784588743313326406901178644749695832
94928469463858667043361610456251409504458828963137656267686707017217739355325
18970888119816540491149250272780475723638655422833389708753830053195261002536
92581380244463836171012469911722472279990484241080593933655160889483788237198
3388305786599386741252185570439470399364826413060485501609291951562759047224
26155754253153450981742487043316963869373739944853258794925409725893415605934
40533154400168433186819290768436917145858520154883219069465237503883643610345
95843672904188115641200391458950473359116823961285018962230521988613863613574
5633288625978884543700889969944058799507446377044919709162527500091463950272
65323373151736640062176638656645833325910214562028629588793288540610338963634
36380260375697227240416138955326591743904726141667401111706973784652521270555
68888457454346135465528180207348345635441504374133149087390245267523542405458
17633602606236103783913731629022697550751160652543970935518940027245290017520
13320143781008694056339563402056660795890175805382287815081828988968158303801
76419595999722811193435614281376274152118408983409826220464318458315548431856
1955059305393015426992915420614185188356746173345507183092958066394515058097
109220860723085851305917258735527352784170301293329882082430653006021847405405
43420286314914606021181175004735580404498017336134719959304788925145451590981
111560225812586076691923105441840801837961939984216414495898513984259535752853
110153666111463702764909058639296933548284893544611014256110556255998691708279
56144354083308771122013017395360987817984451389679921114087979939624251177406
73444453117236314890875335152005362144102261616238965393389075263881512198611
94568823772142572349049422218028922834259828075272805617424206168262319443935
41633228085911467601846429358188157236648335777202294311592760376035990967685
88924606639437604919299147463977314727300958060673170322191230579587111833640
49315944010000896240278931951327687151606973144094843371386630938597336194964
35721335828773958288064186601864310955153561563113711423717395950757250277592
88852295877693198816661698793368566583208430525841188131629795906922144436311
111049401277730676419937674525720580486496021540188221217300756584233237661696
109310213351861662035010823274485701948737753829094778069763623228590426794208
17472587321522048959036633405545520418132069163108371647723194315458660508828
13998425790020377256348486808074334886782652259146939012496992543964235621676
99207191767671868146898719574971900274390526879593850057847129916731220581105
24357261527857898088559897894894316958905922564239537075713361759501835626681
53361383534213346772750255534922533012662149778857878820110823919004712690892
56514711695201968815284587824121675266246610504391307926051755527897265442786
93994989627712873660673076854027373898713485754783818972027727728638111416592
112502439709414852028505756908342468493320447936793723138541009265922268103189
39780183663743181740755263657170894975881862615080115506220803517062129275161
14029009028314475169701419196561519548891444929559353399713664106010483281403
45889690351959364345613185712707388089354146271040595730902439744380639016058
74855842338022657399490013175670848025904160997810508457842275429572076454107
25396031486537095395104629861039659557075768124690807051995721873898738741292
79166793509124305866500133962894358129060698190722044199009261577951784694252
47886501663828157307019080624065894412950336161516834041646622811713400958343
94535226076478642678109521289299522681520426637051351892669601752788395956103
12585524941164691043442492551651931119112118280405642142957093990373755267862
93153481483179381327433877194740144063274354842531036084187224430941696009630
46487336737442818193823105601400080791426710468488993566208076122977795365974
14462476389069359532799537687690250238408439552160799421997977577964342356637
86405008227487158115555903623822658883359968350015249887475564643123564905040
76439350460637431582757107346906316720523665992392410280732215296371393523358
11172430776681662567828312154795182737930425923161666071550053877511123461109
114774495216814223528645455467816581992791048452505467658490714723567723195773
68247487497013506222276760283626755580830174794858638193188853588668296209168
35537530220668045184890395717809784632673869895539931939439249523251054342727
66234179092670296067261963797639316903850649149751699652197522175136608565411
103819918688943231405480887980186135051606997607010661915581205462218989213978
81549131298411392077411356976745866166347085579631407727363208291435365533107
6430170638243296182937507883271513136831003154640245212836714061338197420728
82850943303805882064770704513358525992926578957269482399986806351195829459759
53990990125758567987849356742706031506483788131242091887443223532403557398927
56012985865738329048810181789463740026367293566869934827945829662349569245041
36564695869188107210805445165184110446354725222366893332771525630448223002859
109904448025202817785507175625006822280940351767699516722129959774724644173083
79845711067312448724313438151758659573629090039385971245348100493032593657289
68150201931131570967955108142374302443338818596736128642730117476735485849372
27629085411325199037142053446755309311285859443916171977019236369750212869332
67523495074296521586440353672877291836520763078420592225078734052502331909291
31063775800117190872859905090132773062571174982156956354280051231521037861774
77587796419808299162950271934989379036029178730942354061277175222674994018811
25572700453566688341431344189499851489519822574307535367541376097535135165363
90256814523675920936148827844506644957310964025213451688201372125006894446174
93717817185854630324084012927542064838809233749008017477452372002505376077484
38238165293639099941830078608767975649431352301750923491350930879400404548351
51393929218892148506421946012359261046868795196868730111508038969293424798631
104205492474527269544878774825419577607847218555132522256110369832378743298256
36230372594576361524855406186744558639283151201925508802982244280705353107301
87165891696653763252471869054324243150694281956376674557190216152565464836528
41524141002015072159537078507170166836884132447695776782759700864037157211913
21953782487428529907902459184113982013957342300697247680693890241343273227523
66733189458524982159157144623160827690839098703590401710020907609266569698726
53136660369101010615266897183238023144935018880502823738113134272657620458359
56253796059594353778300603045205804614871601491154939223488757995340920865307
1359863797741753151648815224403982885273023952614994334846209963160407464343
55886786671701991733783441851693205347577804630978857414569483405894624884769
42597403291257261213165111059976424943619580424759130001324428279533200552207
39762041558862433801005395989815164932760548571810094542492734036249773990473
88141833274158980013849688650020849193807708467561699928866824485060370248198
35002388473191004422084529657478159963912959346123850597463205063540636888015
19971317655220210610320892014321458419208465399744251062608633330997385016397
20831322514898432915438286759250629724499299508017065741434763370122319996515
37823905777984250610921669980546975624888564744115387269191775120327166772589
76973128374652994497244750309035448791212486761388789206991003144044969632927
79416191049419992162206511175627612464269770520849755623587655296916885273865
86540445267616922463436797614550539687697322772213255361658641182504699708648
37012262511511443554617203918240971978005897123346623614251309719538188683199
14674924212662069899367708591143547021047271748390023449985567764728273281217
89328950828437027411735996887293815693629536416889600641892906330331252700873
2083531480076717656344078514226654048136554095672365888791394496743137947382
26717280298959936624712238504501400102903598368553285330313775019336081692691
91575815103074731749517085992175331319940600863825137170251183160686973576627
40213656148579153326133509534913868524417713442943604022669441173288162179396
3100279075794780153349516611847113862530316213561936065989391147300646483005
25782637686634667688758615782601176786706780225915838341252548229450060499392
667330172462384168792825771548243612681093897681254861844998034745761328663
77299560046703516833248882503514720230380292797000404589900844541257974386129
61023768373236704227806760475017959584884798048699216628863218829641042097426
88804624523152046772333811851576149175052547616486263612031072582084706521848
85545169114667896424919200274087908283524246833162799150496447278202190855755
98387173451018707655453101604763282235545207459060290662780124705963098718516
74535713604541594426257353486244513142064934313018601343185617481869195680626
56098983967772338855372058473922554965100350536388697249086585850850414008785
51303335544454346221114858207625838211847913527770791500412457135740366501831
13161991196121404354236187841365398295960390763679679575516091493048513958123
78678298938607382771041256636969538387255194754944946201359834230037210816026
35373452664623466421831920555252072654585372883093578658988072770772871281500
82746476879079377791340045633902575619746449266205137504399020537269779188957
41143426174774601057315996345772526445006305359210945362533869603857680122468
56116556952078073701117008572780575520446805344038177839932791546220050176563
36425441264767023082653686038879406519666213203008738105676014769583478706292
