68248815789227401077026772965257351208033116049780172785445011590182635064501
22331798934724970277489106749762774025490746628331419904994805336657453869172
56270863826186079894201285733288866350857742492625522555393682533541974518996
6576356001767042287598229200642021530564736025727404305264054144726222894214
56534008113303446743828128134726448632823420614856754369645298970649553032153
37264987949080845539485116257097544351629843099731497092708093479461799090998
78105018997883777152248072178699689316096371925398890851690055898123330934038
23602906912481490501810768843583347252306610707838935430780946923193274566681
1156439646149825403703198424442791590126567051186297529351795287706403510021
84330434575017270067266868960324165894974308317865190370282147985462889580611
84652876406989645858956937267644449983178626749811545434247574226994853229271
4636481153120883869780781212904415686016971657007079831151756616963329537600
36357804419959820167136465962332093925192774262820567929826172838336291426179
4015404282882825533648521474631675631322096619160353338960942298093457247962
56182705377291498241725911976937511092393790494167182929971569134397029876132
62651176569581911993234850116228458583378325038492205622465321246282940519575
113027379449777073531249579166098831711547164497320134211115274881003980694213
76901311812894684128278543765328675833510202747691907146236062805343141766235
113123452990096264645202254032670674098304639780617080827669556945018237199101
2650842239887232470107572966314554542628755035968398296951186787985907797499
609720779273456022773802975928207238326946162919554970173491404355518360961
31838629653017714038832023520671836073674952997879203628779763429542852185937
46357444923564675940724505241867216630244631002087164682679219772994449194253
85800051968492705333593615587241054486242681926277105355826088336239072427921
16420475856857147831456751331876184459911302983001354239548508725478167235684
13464592764750564934426125181432248151337618891904527066583914352427774884222
69421388771858766942443301750341624874315115103362075998269379411634725673092
7842561545728039445883512822666666440953827248124897908172821501056049859806
115078138833967710307058864388770011894632187093220826967979368921900626445714
64514432692548628317043414609601753112129285385770000567231092630443083282037
109460441906484798996746859544051682749202538643549196262028173204407288244933
104188002066919242538961529227565640971970457328480354421800819659925936611876
5060949041077050232459484983890106022933520440530502719968928513603858246635
48717836641415260961871093339813983350524133235340218402003953131933661256521
111659747494014466782758480644986509307883609155231454654853524007075888145838
56478775918521795606773574782310712158062381674723477776578173386150806137519
54479372293972608053845860152200790439739724481738465414595841976037200449922
77599922256240185823029322786233063754389068531340265926306146902546011382379
5841341440639071494075530903518151110145930144342219241939340699758572764825
105353316091844417131382761280538168854072927298447627806416386742460852362810
12380124203444585714145702150875697478532942226349738558553104590514296189521
67348974198395759963635151810051756135776154641043238328197168907201861218773
48479156830317938036515790480199761608994499943739237297806073040698426071165
42037767459729018030693628885333533526580060474259623907077515397614761147076
55170888657531603936500765094433027750159909654372845082719283877803574924810
84837463456720003073643974284814635797263519276769946220125447014874232787516
79614304670759894291699764530331711341521565870060527915600365859163322471955
93898440150378582604038586997652347936420569027187785989334951645384785877072
54798697731232620559262502867930870466852081527298209343740667153639714973406
18867346646576530944488617313347340055588796376978503835479204229793699155074
108389020935083422480434109420221513246253039673228858935879012912381104017564
34756596720174690860455302905847180495138299583492635624017537663168175312372
100569227741030272514223031169750515643912691712877382994630452986493156582665
29256216710065172975188816368115212528819769537095621556607942910993693572973
32768687500224505914406289045335989706475034591476473842434928168338969027297
33219796323837828393395472962910875139350337701344777198146053298693324666184
7659909963363104907706435273687175461096297399967715760726877979627997715640
55993266618084218150304365987510340683246775985589098209894934604594451609080
80103605166945013715881388276260576699845228998822906532870921449545711434026
48346619728679228910496818432342441721027632465714551380846479504747279019675
12607608245223124567918734414251719080133493501514245687187930410239659454209
68199789805956644225974241759509076511916215576115129398761432416201890868051
52964673051522609123074532062444900549776897097393992565904698258851439864817
50464863391072064285658425448499302751676971367776825575295107252895799925396
82425361917159657072640334164205088446193100447900911733353733460404749834837
12848755727157502063569470073463258090029941885796250156296103495805322572513
40421843356734478883904819729742194288399450873467979909379013146612290963373
113675714861868409849824291895760988986592735338080225238046146807121899420564
6645225996608058775081881534688621056959586377878784524436129751940092271449
10683673110049957933619076658018022208422659869938016808020681001708281095739
3013740500668035780015605986416080719565431216017667824510440908705012107562
41500381308675131364841120237137658814179511641922362957455866562929402311
83757512383164610900837524575702705392330355443960944893459657649680575517031
61263346077145256674717199144570482510589181367312211894364499271375276183195
99621781523961037732335364322229704891411369758385938988880944699825681896359
40536619224699368174137870239644060421817366808380220002605458502146386251658
29508476800321685905784471625637843539336878556171066676688873526490507323774
43828387307480336510978047809494774247013979446693424380756935855707672527641
105148502293438626949574661538179769305527181328009675212430768767904858934050
6837085431925098464452197162447631763687513481751950645214079139314849286671
85578570434762235350559019314892773826898340421493252328987811291889237689819
38053069926282542563236104573327878453616566364258775460729554699266086896221
70596435655312684390096776019903839221981548492263843893977036407894631953202
242913811793637902077869178208342755987732378670068987426911163614095951424
103764407600016647328474366733603932835959732038798270575330572755943545624266
54900185841969502448658376982184980774842758764258736641697398479655561171391
69014882115037171858171122234233140556423761614632250156658059275063665226267
76640437216612263226819535515529307123405009734681253100451936830492120736575
31168322235825179615219923991650368681907873824442975112487926391382029407958
2807208565664089767149125819837654411833566575299042176932700950731646532869
18472221616067452053694014618314066924708164367433649994918661350056303824826
103555993394622547497243885609706708626438982614045872513803897320105695516832
12248268590904863787488642299284180648063511016925173489444936378707554303576
84624928550044927212339537835973164871099706083954082378202742982088000131318
63502356988639385697883326610539159321338710596580765296878854085201986465807
