26971861721716002143178908623274776727565514000973770438087893205920001339338
53849005532437160970527730454987010286799517657097925807364210854888433995808
87621569480622897423727617429558561302288218382316600578886835546308925423360
107302257703889635493215531896181740158752059585285727205011306014114553066344
67731626743521866599149730029351020913568547107108284625240180009554544480912
54207916126652880473601286384760683444292658289986649607909820447207134680709
12836836134507667291347215286000984025142839018970154247859357241516946475864
25549359998817836929822307423882017641567252255255250026942919434381570856749
86828997208364073973392466074755090720779375038898153541822968928460740488971
21143898197478598126628426148798387263137616971335203908874922435914689041045
72684007780571172623725217443525217988272861760509145829341011910817440208689
12170790849048883497304717724113426164655028383133927567746394491743364214820
87111211619482461606844491452459928041872888260012465003824445569838373301981
76025882386799293731795228983473111477378868014250005658784161040450329916187
28249301775621786098204121092108854249289925645193558447470616560884962773780
100095047536241710954587109543342541493781386117999649817687587921808219825165
86504037683405344350797317877989527977615908478876415363183815719975007476792
24657376586955036360108386905434877835442187713413730900907831795933667913564
96550798758878439149415848623428508157906310088630365190638043896844691283087
23440890404931053622241878545159038011184000320607062674068695973566215901628
63964933074364926951720314383479942162060889264640984472637629023928444459728
96605456201445119919090096048665475666096019402731386547231003625217795049295
35379198911582971769347160848707220035069270298983367190327799293057328528594
294378932697190896431754398020168417494268075942176044491102701395342316035
77678926604345601694475744254717372417231532625019046789214296784267923580613
86755907883085980259482910043831167704879543749644780519951791805989800037047
53006869293045155301493109452496996778524429209322058253647565127694331863956
114669142359011060943791851933925301496623572651357153062286023758360756885610
21671079324385019391576259649873487603159821000074659455239551216493005490245
111569739504715888375630029820503507133064644507852120260705518485653622801160
109249548146782683575212030352095823307477143076713241335083383408229409516019
97485023752426719570184028905160792537976624898963559744517670695489236408073
98157050432250059073075469732800690578098320530408881751280992040546283552122
54088309797823586360801554378419641364901101851335579685433399908894169736381
88811726026308962485842948759846282444453257741693759559511762042168288067322
54008887103930771724814848080471587465812935306307297939487998507386040256331
82401187659747386483683461141909679958803531342450838323633469660146420515167
36328376233689103506863284032364141736269477877124506861342902383306940047829
100349150387823770861923821968527523209444880599727219369166146331010555914645
107903109650629378096652580793833717879509598002060076595538367092860112302845
16785432194523685549838326686611261552775221607179862739929105259837003278460
103459519651547904895602586752401955299248756288188758941691051892968247272179
63509072841416945325795263126524061073411940181747223901735617793287221288330
90189365298002350850752359805643141630133756382039181362143721526277270403520
61732033385575008513272762067865955053898008149386756560538563987513290917110
39362720970843170829930130780383744656092597571182098036974175608798629374248
5532597581651549708306691296986163958131492796590474392622267648851831506354
100890035248049334542659506259074276815365882175417499407473083158568851450992
108802306256195956804745218049965189460267399621472819057297873325360325880914
32415515954445911448241995093068264407648758968754188118377528859107105266948
37319609807636372573205270734514280882486352356569040471372717123855968422440
108359818525857137033068499719210449379717572373971500357361181511400842673715
15356688855725859538139703124210345625080125203299796324826034203016175287587
31055834464122931847952676611560765554371844550584341756572361069512950919312
29610798087582671085420674521219439022291705925092508812620862670290809154337
16669453345412651852548566361202408258282560190602729101376407831992562690684
10365562971613942314086680854182871845921269171655599114222782553521801952108
79714754131583452517006534553836152105245023958030645806874706498969434518626
113296161554548309612115026448092287340181750571558276079491848040661903671224
44768864694863985506802115449116857108736116048161252371556669606789765059746
7644738662729281540780754297984640802071023002782066076079528121549224458682
10048076732360298975271715142421881695270977342002148828840599043786631195611
82075011957919444651724086066570177551619864336056509774206164652157642758468
28795921947439526000153937431255922379550220024262497700114568930291127871173
65027555630930113634158130041929808082461694123232722915057513153650662791823
80243968557298936769263786153978051039507375975635902158665476466628457323223
41004368244042878767213727458245436935855697915000298449710125547931714369613
109628042562791766994188371594516693913422473570208404517635911986492013709964
107389749494163593390963840880319148448637007351935918475829204941620150445172
87652238399048772041626124285236433072165006512425116590557552240126926801961
108606470301698881275189208888845802918138980493215948237907785174828949877387
40396756516318018410168854948810671355711848721021333259708118656707651428879
56017750260158826250847954797814609139044144605299571039962967750240910755473
100157062611249332082158307729190935153267525394361962079949199336367308414363
71655335817264078775461640269860553338755168820860895176310214595903221107835
11818818792022922652854287179702464307603919453768450602380590322447480387401
104275612909158829894263480126919026913449272729971349443492263800494321483894
21716858341310143981504507256418281813550705924477914981406793572308255585931
23815241957152563942956985838770145784282059808772181175141850468772452289313
