80107855144493523156389012772773327394891184393647884765921025145382955240002
75760662676331140576829673522306263690083728675031774779778156410179188181113
78409072332647931996594431176591539853608924441677370362634170662398423993981
45003288117879509090906194238198892646129490382499166535435922792636986757022
56888800718564447558289966887574990054341487290735038712409931521514125096962
41686975977314963874269776265109612832154791182515944168964381866726540049648
106030156621782347456661620818832293336771087594757221597883697709501619577411
15196350936462488165857026851252681574019652185405799259662036025652898467819
4058297497918772672820445383210531682534314701658910083104424366364739421138
30800088744571707532862237753827333455387460623150965166141151197059013734541
40968693814738343214217274649917262367381110221484266298682525787969429273898
43088682173414573024627256367251187582113835822157969008394878305892435687649
108897946560464298033311453002374438490445987400584567931821846099531697090957
95969319648897665769224687105508826173950370753036950356337616996133452158264
67261366941118155153728471444781491166093741827852856458385771427809177347157
62383513233750380747532382503667216310341820159150821137286394567474685551394
6980071444464932229638025276564086508055379538826693299164952538681065085907
47218161306183131796253623766429744593454814322663819023503782935181807120683
81179357583964574746007386731417599007517737292153894281790096694104567059063
33210389554676506941931377221711515681199410678013099509847501177308748552989
8543697111149360849317579731500933050967169127976652756308553533917850075830
113099489207041618996460155394781579810265737431900758106199382763327637814743
54712293884297742785259496538008296228258964775868191444236914590105288585543
107891350524661051381913240495174904264673130140668529308642246483059934653197
41454366146796251968274948933714531664739386966229665660671639555125350110157
28261071276687861232944030464417108524227145438552386244501990664168248340481
65094897180682244063855360229798485626103696293723017412949735453966319697747
3504720758907271661824590117040001396227449249795589859366967140443106656807
76335331186879042858863903373115352849447050525036838349209440696996380460801
80093816885135501655394035692022088480405127898955080806898242440386304538289
46130344879548515980550404548319137649124879297572117555014006113654933053505
33848254007100917552664702134400117477302468318028901302507011105219296356390
32929236648137724535357300044148879468378146571758966562879121854453861715674
10889435565617371067074791657868367079355832012808401555133493418798922418100
56223297638449648466254029412276038731336441343162587551707499009845108480466
21985269780737178965464618847342823314894236528689298685132138986694879846940
45853241006447347130687766836857192384423994088054329619330035682212393876527
43445488943274588245213064621533352766102368828533839530232119334671544955119
3372331140290097688312628964383493552299636391593567889269931678863187275801
63647728272532376769558694189655788906347081086892614735498490793857161415782
41981674614932080085108521137110121806132193676573852190087255891038023437136
77416080141835167175600210131385836103821354647040977794499772073738830700607
106268520122240306396287499328852883706224758191095026190149080517805130482983
5026005486080674489952078172986298036424429855641846191810317279180658792767
101090280154805966853468659129505019219882859409941897420605684546878468819097
27643624627982453041759652590062364850665797061785085239957320739380894740501
80345952172002350335501898138770967500131820603513850630128024800689169852827
64328166770781787037085358694101115223731162926347847436804444266503493393283
8327648834402633179104667980888612708597170666142911072888355624715008452957
99013040696893902154526805643068079829286863945975607754570312401085428191269
21090010864959386677028084339575562740181682831968321312189000415064878928969
99143044863450649809834113698534739866485267453206285405577209388237382661368
64324179575891159674613864184505785827070650271507120871768702882579503193092
111001133590571813911764981600711096524270177759788007744964031006150763866172
10651960627707949766465680293719655495209164293846314648745155485921463977247
7333027645390179657566418780214509377673628757965040393085543587041845839584
81344436419349671929256846333518823644932667759639732172326040793204987188447
57035694415820797076152339043724274636546165776234103436340995142137361930619
21099514948968743663596906845399834558977899465880719898333880228742534444848
91910862724770016270157837790379074971978627093311052591431894965437885923851
49173578649723175810697889313935356339377055793099184282271472102250258451763
34355448933731010601961600307720069289054776350477333952366262683396397703045
69564221695129801445084779801039717993079599262681691297037498687973717298997
66665588133284412997218496416162973817949138258298697189776900530054547542553
5516413281671247447844853217683947255561382448145524837175809935379649077921
90352900610184525228653939312763245540378156484353894507456974781758902029786
61933817427542534241401388190134804556409349576683539402662006045197674983853
32766295355619865420106740530141646430749754027526395864286123037276844744594
84239344589556031139779435946449482724306797737440315987039239594720489168599
86401817519526552744656269233393587648940918258689684317628858571770092611755
40947287925497224554846459863459701859878200199707178422403144260605089765259
89384008392197076250346092914295526211677407274658557200372825775213322577274
113331264728027187552738740424926304403741832978728331152583840667674268418338
13359310438808268719169524194833720788938640889080678105658508018397853968330
13676818002008016742389031711638967498947777369706614562013216188122072156624
81774444873056818211874018392432572317595614314357742018689357941991988850146
62795773931935669570624824446299451251478394948587587146171112560839973760800
4488289146592866191697047455165249241430163525993351009084524071393396705311
8965445818938951561811187200109512751100490877796391255056914463681432575351
48230547278125260472779926147339007328212614776767657050247770938456594469927
4991678858941382397991812421481942264610741347812657967434957077543839697869
14903852318096853303215513722893449891798655735706026926492125904992443877753
104576970720887250224955643676637135056310505037458886260719977888419126239376
40707375343049309056765604751763813844141425612642966708894034355208313394579
22713826314029599843035128220079245596575213605408909161745854570175265599355
62484326555766245454429201061243510777193366906993202112379060947351155735964
56685586064391422339456552406626759846573348321611248025452667553097283444388
5023096715699545519742353460112518154123949649035258331668899745269357257227
33697084618044767643834330383944743399280027109093707419926208560033919043525
4695239929031029957260035593527872568586053179781325849811867022863127782945
43101860924301873900239495598744696612613086966325501434562268928045183071355
56420515787772978178586382028968579960736247080088882690801013711051847127716
69166788003172627402750499700083410271317533459815292026518553364766628820623
87346892130011697147734466131227692679446980279304076577212868236503479231547
24143921571828448316335287534401567170291323523034562365595070280829070655347
48958989458507094036999530379158980622180147528027905078467627210919752225069
4433652889146411205204555085034612395046856571537085741030661360557032036044
113981481567578010829193398627062276195886289813659503539494332461919445389956
40267517140491647790626313994678763309240408233703345843857949369232509345098
14449384059403458364895009809792036307048546896992892703988279032690328629336
48419503951560098914643919109497862591758822332315543548792579503728825102021
47351749364289703672086082713552848812840725912767544209783519907005018020896
78245657635964443002340139488062090230535571553839196362986063242053887755993
2410667638294157079777920360386985768746321063476323307994226268313782743506
77716861719286874665423089911308256215349320841437910609055821817927255479347
88028406750834506795869298349463554448630142600227533115091849453139271494444
82974571017012804170365705279601917107425008159903614234838485946181354553643
109331483277231063749094300303826235141793478203251285530489746907872431119876
72924137846556563105730135510241694046829452112479617479008333676206106329519
49853962917530088727029156132304520251914463124160330514017428790238504097269
60587733768777236427595480196219911106192255095204390196825486722853893211520
96488189950469172415735686357609272317438226989787525435600482962384478058021
41019400581140042901924188001765274183768325286698637616269500676022752645537
90976213190225708767767131805696899157724915083400344477182247720191253362588
21434120790310334702466182413018543675873916955211609362821102620340153365051
80053109609213030293134162793730594004899530137890781597471957037538146893469
100720642079563449343296820290186429800968459900243747101670302214456703556581
88362187886823356741607058521669711867871370403999843164393055026246737711368
49727282679261115581083375021512781811033296964339630969776703262478074338852
55359653932564803792671586934484460117513796021337243465630521442527528442113
61225531966745978537420431292950947817409396612724080135199434607320083611703
91824405047495587991044470789251722638576188615797823668654207373546534126326
30882431826273693850384609011030159065601857746638330463054824270253755318076
60332067849527578730201229788852888114456842257093419242450302511919971064670
61868432150910764706140838484843926854039803210320970526823387163614442144995
22517787031392371152587865467724191756577998921896397158848659790348292156681
59101719333921988888328029757192234916325037362202267681200774200396538044279
80064045844566981342925268462275501309673236612297727887669921389380426599743
11607609420133057375571568420351175321201552339658132922514227332839521493364
42006856615084083866225219046009615024609314779187878883124393351162931822085
4381715064603098787389456563606624159722145868960279451431902133885072689058
4314457624873543646037273449835282832318434223963828003388910042415550065248
22425830289044697233904124872255786700973857504021691034536325191708259474503
44545945342252401036250434338230919978278008692916400660500488623628955806393
36125989785142511492565085683377423198551966420531049900291146756551199361091
37455123125575166065867471090944137908444682125210469946184307656112032636266
43566557032224560477873251599870398507978756622162033050390379792226666713779
106376632618895792372321797371968842535494095370025698830087053640042805250029
4017462015021854849869556670871735268848600557337153081116199912292683415484
10308653371957194606615050866655036093603745656869912776255265345222205561794
52759623730891311423661892308873009188974898385982835257384274793660464540129
3726548862449336207925522564134579203331960926235794365176732900511251596239
17411772590388723230039856776640631826467174581307342054586895571874155549816
78249363141108108521247532087138189722367195095562957426927233367438333771521
63462286439782295761000775331576694939828096160808962716271055763118099650004
27472272061704602271826475772876566835018403425122364382717343697232157170807
97257502553051150473778494034004558802813259870847697305389839677320836787995
60532322179819090365667853021844967411165600406458803556068528823152192990867
93122621251469626274700976240651806305694226054986475963183337438374510936489
88326992182444355608000098396084845531519448263756655172269496998034925042321
33497420668133124708991839052313137058758940159846987878062852231494354468283
99798760852222212312198898835644675133992545694145663416704600299991438710478
57899258591499461403805107068895177575386135981524912251793119532724260399389
1406072768983320828268431411599443942716985407521713950216976499049290119897
74850746962075975129946472385472557580752895936763805435093366554203954956040
12719660046353398325516091729018612509031939552368023586166340766179884568228
30902026889409822898698722340973488971693213738095008900492390770610374837655
13228726105873387355322901329366632762471179403646969107716193958775752274541
33391247560492747967739812730702315655038052679754180853431699584458105406545
38610045383297381031275800597294269534791663877114391916849658503289800075837
112102382846451802260891698539698374536937448243892423180648038726639768282339
