93758807162558294019752425800318135686258189423719819639743590728738339002892
105649189963154332684364066117876456613994989860231304143157397500224529925550
63145585269173423444252491296856609661982452965093259630705967833402058529882
2075683138750547287845886060537335664576865309963548214433698781655051811978
70994584820883341456528244185503740109469947795374417253930006381239179923694
23835956772708563614846616372149884273376377985754605135959489657341785777931
38852301904198380770087724816956975865974628879031853017153302738931159194987
37685853133138040221446592543141865050266746166032053751479217195090835816965
113803261974676837673315321748826917649934492200737612468618006428663144351843
72040415476687168233333516778643723991110478817169248073723423377828370390590
46780161496732016464840697296799478507473118609340553083296767976133237746868
37058878376151862106463919431010978239891824748150168516927399652410990334130
61150113947013098468587534247777816901075924852890811034741094379022319769575
38519047525644461044243279361902455650108866893715983563959612821834871593272
112867898583242741714510172328759870885299575597297967608656655261035130894628
39036968390246698718436557704692383342801551511775384634892335861753795053589
98238070904492939651441329430823898739341984377482236475402607115323925007117
112562296943331391799942847483572354934457702433345611458832769231689738407598
113334344305225271614155437665220480741105447450626173152792415460495636566895
21364971594179092645468581474905692221649304408418843150854032357545058278157
50129411526243139342250535648636160533236088030401395241879617311638775751272
69707493502413110397503551463501844369222804757149550255408923057976133253839
50734934345354809074803019230719196827776272651175631511409670976697089209637
105515228523484948834299997472902861402509116515863384919571157223704148772866
79083107955356173486205998421244574338338421321461216022755626126731953895602
112819065771014972325587296475003407970029015016686652750550927557587268060364
3847002128435601654894828110736337042292957177092799144731578665476228965186
19720803949739702316599946041800366621772247656851320843328809480385850810246
67953697192674700121676965048762042764486603138727604846634943567266015200986
26579794621540636927662306845153594928042144139118706536540701134846502800237
16723929469003175858394867402851873582393585928794818371216404498097156489091
8633001556163139737262083606034243096342812920022220007471157641135513463823
112059337458874172404349137182324126167367180637943542767942179939334484924558
20692385953418223920626825969338167261159468431629158559756150770427112999407
29834549167447430788585947458554274475347290497073290436455324816104291422759
90265049152462159496407560924788951806514265174891913462761769020821192475491
31995470707082307704794195352465131950396303694281900722514338614624730066986
130165749350496540964343542999260710347248509799709344774017843241858760135
18423440546138146247254663792544896133594767422073229399232677842458311019401
32121246475526076200469947678553060356309034076260951858058945450740583835187
48686753836067887052827960077147079007298934285173159956843050426509250798329
51062781252621989587750323464232684614198160884222655677439433015419245391510
94856829998587172888881714502488256258454613575390996739123533873037193417141
26390316504287265895416742247229956218761326468314659715853308566524349356617
36943707494616045472568359303240901928709647215339907638168583516013665542351
85491580604636072848745860895700162556121832717845663418891064298223718322664
38802360962169465555328726356953562035397804198904112776497021455246506692649
59363696888380843654697410642179034735441543936367904578413419133458231912961
27562530211604606472326249890962229665977696197848317883157004953303761462464
27685613837176502773408251351835271940072142658919539692034349154424927734942
68247830188377240893296929077202514609993593283175394126917756045548951907000
40567061561867668161666103743945901384842067259157243863595796543613208342905
81846463790488970272672908656159861231000299574749741287500676981296293152044
51410984917754933678258064204970410465862419355530310180770867874651041146955
53320585643011448874807498179189059584749687162490735994525590745687001310046
28431495477939744078302219601101363708263609879775932573297317753351862421393
77839648370408767089042815320516748144838181212846423897257657078670032178347
94702501333865603153089195971602971322413179138339363289017182096238612863206
104234147797764125698532433958861868899478229980167418864100969341803084764109
94643631191655157097971771891819650979328274952280711046196589654047512717960
14215149624044238805504432816373017004069583192993020305292833878683280931860
59998624218474838354040413202397037036269643005359717162998519511698814364796
17269770835842028415391855559049030953095910618095365808726350543755542564532
34328103852256907670865275753488627305879563161335784716095856288055264876292
95036215449573851243216329585029360036821950374109937464848859727800472726837
71600905133718072503110112679425069035515500125953120273582166065383409065131
74771132606081204285970610122900509693105581386094747645664647867140395576599
54124078535990656960653784666500327448969430087605552216647018568987195793691
57223614294555260011941529225616729400487936131491863532979635606381237551071
80272948234969617547301565104385179769607618743792791639564193347543061178553
50734793968030490430404104501134243730816722148871821360913427507397924271081
74273298074949387066978670266977741821323353251751984709286847178719850489644
75543365661860749405596040349193098034726715618501889934704486504661760947136
99747771064420229266916906970553383710502289382782049872630803848342425912726
33144063228081167700992355089145985645968989397759428726937465866236114308377
6867884919587751523440239775226612147996944054024520259985211845495418613698
30249760115773499680249890646925785666037934539623532183744567156032843218288
72619065141173244050097909050667391370671032078244426765488643280781703986464
66584002298685941269318453548954229715459246948802600924361282417474551424040
91495856817090737178651771174913949130049761511598975367748234382678558927866
88665024300610825219396907740838106754245949187115360510612797154102931085764
109766749101479768210497464592585654476573412859764971003805928295712127427111
19068761992543052824510789202997158443930841023433964827731738420094969847727
16495392319184553037545984307865894890391047015008805320321955579672673225373
1421166866897171744269289235538306217299250910486257829506416520284148192036
100706094827114054038936462604539295690414697783695983554526606199800696257067
77693832441011004646812040711605195196931933796427908079846783028416592294443
54971286201855273147665070302776913020540160925479648823576334084908252308221
88961040777029237967100357721001612678839760024943096219001405841228570260887
105020065433626877402503002239778515322429170992226179013928316809608633610396
37424674150506638483639431191953542751144204970697531255786089198619583427840
88567454149936042884955193914688904219807245345399737767272959712681462574744
68071435221508429280405888554410281314094405699630854431880736730718169723035
113732971956748155924814199014250052951559641560513047546154697528558935292289
108317617358693710502560180044479970507850267527321221613505756437561695379659
23586105792495308255865016531663492411840750115961921614753285305941858567160
5449052814393028517939023305149721325695352706438767484926778866435518557800
3809223468681610260793851168378119627864225090979515921553461756696869766251
33914509603522143551626013452342936671883470245064550049013506525028944329670
50140776746794108954425482907059975381923654920995312497967586199203441714313
19837153323481941042595712679844818323207895939261723371075694125283582229318
96425215430148103374043104053475511821198880562871070931921073385469185503647
19726410666260735084972929199491723406642735881127131326482719386944403180901
112050016563115771448845373595986578688983996657839479847678860362360463136481
101382955980418251502955263686833081509871534297535907711753824155842795518749
86487706583569134045982247888619844598973493010489672272995175882293276054522
37734877599251827436066575140766288541049848263003666845330768741055269213868
43634293856213435520288069835304714699509508558843828147533846192633350436034
57775941688185162394966203527499783538894605710305067939454696878714184281958
25527712603196406180995201894652978626727230421300786312025265287331098410466
42610382817577718605400556555097969291925571059879579978777471243765759138138
61393034810365167295295858087067094916002828495393815705190356056698827486133
113399298919937502153620027088211158088234495946054605557688578487169287880207
69205409427327916696477796585777662460614205081871556404194657541490317987152
478647678085045158662848702896600634854879301665475488153823217692013923196
114921882622713282141735280991357253807668358396730327763883186934527215622177
11628328437308085297453559707598346370571006498327396052856602938834919761194
40916212895113874998933995273152674626127373247781085501817713051284475556287
82369643536891324298195561416362653528293557286492998382118594012887010316299
3554065663434790727528071731691741169567106576902652540589306357434483620888
74475301817537416286315806199737070598458853931063665226033181570572992040307
48503968148066114486851581807530327063624875688557735085817734071866728935235
90789255001800738021562134827494685032439673217494896605076052251878297755620
20693347385903906754367159777718341464247217732691696688527458962451955184653
53209522642974868718728920833014945508802494995189499225683537547912576919774
