56716480580441180736995016781128465170437353908324516308510782159773876410656
11051389424283587309489691547727967159098862719812663704834880598907228273484
102183110291236029548054763580052965431184167965533966356147847203622129149405
79211634664340297579629070767487638433174920632025848147530069773778710100467
62627044901465985960590634781685994816542780533043409561233917101764296812569
100122240219102171389577913968686989595906696018065179382581236387704368675168
21215763239216563167350882763255761999756029647094467947952691667126737202751
72632791613119363144054159474107943718316560563261120986376407811787879407484
112648138581373008360158993824228694016947524468540755069101390357904600884790
64006604091427468553204533839547573683248663574012303498022675071207768768961
67064598448678235238770201286601720119192955583714350669081699399789215212138
19912678467879381863680740786754665929430573500788515318564859567795420560278
71397248580936718540375359104953303516698258018907682726028319245052511295057
55247319604500360726561791885218991284473791402808938516980474910937703639256
22961416816380299222660727441415018276737879080900057020964318311219067927727
58850383762809885312628021348597441706608451085543702384083782846560512534224
64231724233116151512183151303878084204171826660709500887452146576926691673060
61233026732587467456649336911122465291555263907760092891871351388060937021788
47654592826154984152159147423326161691088482835445928682456011134141879608752
10481971450919285891719746199503238833877419968844394632904491280714073629945
46548223353543701499905872199325871479424933931816855127404801499987434412115
12568942936454256189038921558106225328117530062129534800877157632372353439457
35109479458955874951019884091984319138046465169438906805731901661955640358895
82345621312255423109214877955891739111176873496546654962663313282203525672664
55786187506085252254131263954542050466550604906791336293156711716322900401715
71399515309864683476008796854615867994768669755256401674889237289030248012267
30571399119433002393707501652995320089767887388565054813382420949040559928008
57156131329642123671058973851369554298972686873251858184203818967859205297403
66711962330946528047024231848240646796598136762530046322261438383059417653674
5938083912874654240465250044060334790977555293730374774610900999439747387807
113958418535637072448263542511244090075113299629286571443382172278848951542543
30906270502025867625719476094758009266943172479244089867652281619313127508110
28604723170561750281270340728090073213209349995108270970810520060889927002151
15310716953285549627482039892603867478104468248811496162417924288029986832040
12313506639568499663638139142170837894110722158054393932110968813923373470979
43692051866348394716262719602722700349362288872909388743376587976385244941403
15235700701075240536955239582706218224592138400830796381038060590567689399442
64782616646334844277857078101197051080820945462142019223815385033403920743940
70297914884020146282877148984182230984115444522233064922705885701896278731963
64084561784961089001846876520383185139843351368485291381075964188209790972247
110030039570159490263046607992016733021718992696001156907495441448106585525356
13060776776516122946352226429088440589837788545534890580044072221632990920756
97738989980538459941140279311237933236837306087313622173052534395879918197627
51520102934183980451950167854093678632529458209741495863594663372956109424742
72215277724681987915986467406267196727137266252036592878183952736052255946247
113709427261547623798646996905241122108908312175612247350615809252914132895247
70230841755244703751487395612266479147353370665648394177670255828900285762557
42251832850279850079157707143283115011360130791903198313706640497905702710042
14847311458657607058112673066690048821434491421834775429949785407892502308597
13434084837963470783068134107098094312537115592381215318522201630569083356128
29030680810643912531746506721207976687395970177983911170412926225223006225430
96943238562836071535237029286693240046597472592844056124435641604617603035534
82398157957115031897662682719743053060671710297243085971244567368563262313436
28459279091642572724751286632704545779953676168744161814286753813932240089120
93773676148093601170563154264295770673081201951946353597683941176446426039090
281586130759918633308950635782463134405218456938235359218282297868182864945
20819138889867423395833132099622727587068960093886436494528695733346419204375
556872276705131247893879909182473397780330716462961179843233176256299967683
82683884233705673342373428765615095286774390237377557121219987211882524558580
66513648362675730288002397059476345999118077022502408370774799585484408317752
38547524202868711642466043572379805652199743112063510873996059750537719218485
63187467963194992243157331437554441475566861749604264885533850847201427414552
80787710144929863550769330458295735820719694427855239636267494203685176383470
90409937950301741933919057935333118130968158719866281699591740690481417671179
31284834482928006528473245081174985006628653150260983799731775243436224486052
3966788323975970161624383521319750204529508303903980063301813859390257819095
49599741457848441220343899887006080936368213780481722452992960324257010125427
52598550174111030230157916392420390795542458485270079148669185315030311122612
62492366793880400589748748310024697438499676003614270649904004184584678500732
43765779892839195044859409956326573541711745011840060773733988739422218580386
49112482321848256047632672677338741544494104866853382751187238662972096281524
113804324355465977669700603481076440841895900144502448220286856954523215011599
111145759043877871275790076286260393424968578016494291008936849776193463413560
66360904021297228535915735506997230794160516727931188084002446665121463588140
77627572229486853861203795490521144763612573661639248254381925486412752042603
33479563924157397871928231402484679451062372437846551292319948965990015582612
93090976669400409503295540720452657116778682512003411348701481968568613480158
7365781691546129060016558412357966849769312639495914029015783622343090103131
48262639414175199115680257281555235926324950691946913031967599265565362330315
58877940672451317379411759033209948537515415923828221557629756720039310395415
80704085910417011189788388226795375639287199048691580965403994197729360837930
88501763273435480478660670885153188357647574060111528061966025446250850794971
17440313928135403677390522064294369336055422223454476557022190173143188743021
113909122035142473374232109137955110703809027147631157319120254982082015036274
85556680760015834935612381840150720901711930640588463814231647075089283418633
71361931240912275191105083700975457908350327030647368457938939866412840376358
78664324748341772745624157757796075250274433202299633242844637307764800959248
62516804206717918391179465951581841623258590333799488967934487603919682496588
85229619669671341209110253360561924847482175713102060189640401779039130974132
20019050847717542254315685233423005073012605706649209335760503697899270761497
62318904461605258207466839044357032573906731017952203066690550709795042547940
60856042230898017401408679869031715841909619048444642698298394285478132291763
103195301640055690733926811679150043702877054400958676989886592890995026284910
9354800493134624690265170968576989421240255206307515837042383843104491027290
101050147633477072119892619861101248826045471309502410054142155892783700534876
113026581374890977946603302271357718144762337249393885881816933676321945920021
41893756583579292196924196326956011097076137324787688944572732331731827266985
90352999797880238181369962462065936172027094121800517542593162309574738423491
61153472283929884435099857622916819558927935403605456678474215701304659354090
22121926614138279648627922628166961209571619989057827708938133520878362605038
6621319776440669098889686304795343911590083774962571843866998803674228187907
90387885624156845122240222711561908559742621482486269164032837514284266688593
73472716032936212015498815228127328656177145136364757770888529207106301254055
85589496298348573058862171839509777049901329818770135568359797444677670231340
55150261455981233858490230704690742074779989542054567321826357284159855164967
48858577477542593922711031051392088877547844548750522181010930147967654816276
55435247405243660858446029969375508506751589244870109569979383697343620243320
90211015645202264378875397767247981005072926266557559726353117783903029665507
49757279446392859817464105958290863224205491409001512631264246637852310297562
84374068727834580667080401224740995927823496637326729136563627983092365414190
1917520839444878250736977957692333699537957978340528522217057316725301821511
45453017764579962845425367314059995185654054549671340101561139226488018017855
55692207607132561529228461736243108891916529381404477488187160591760472570090
106941304547484691006768951400462728888430532468287153498650350864438176362182
54050544254168676217530885271938080262901950708053541875755618691353492289194
102231392609567631392899904534244042984059890214285073028634989664204209220333
70663276395539688633080162575718875380097048293439432254373243222702022448941
62814635794386282843298879437505944703824243331306336426278797814977809076824
104070796312781768559046704173105389495529388789596868527061244173739427334746
71288079391506845273821147848609187106005563465117646036237417313975945721273
57687686514208844189375806395316853436591147740533709932773258178942139690951
112932162683063501553874997507000957389232006434935375783983203866602885531955
107424833348249906694612249710268884176239714174646300286504134376926782236042
103239305536047405344151174592798360936970889436117500597015611120081512444990
72849559893934885776937577510579301375244264383365644936749789707740355955338
86504312251543473482540564711872776501974599643289413528896601790739483297153
68729312079867557255999530775560943066751882967902984411164033949379120370274
1042908757289515277007751705788391966105509434786546807384234389649121090421
24907146675308238506771932170891597280540893353953421097825506406956636196428
54805194784365890712056963731107782403066790704592029808364990098695413145843
42018921067107967950514579732778293615486827289396522554531793202049373050718
96726188252486439204424461179937002362631646370782608001599318767324998469011
21456758949326343466908503373941092241552744359944240747858062278940087429120
96835088870433999780139107790930429840315159605640202134457433409329838571224
91500790128519486665308724223513052397192742540653004418485548838207504226276
11836923913437511111291059316811812320208431958259462991261505648884914799477
28859319257574004217700506017660073867921656158267466061128742630640265569208
42148515277204038815696642693312098895250504414502729131889748632860437620912
12927485444600016013863317285361662895182599081938411360705844263192745762244
5128924034675960505948963848141839115858311070683390036215427613389750165776
30868503450931297549158252396848690268217860478813956155791848883794983322493
39887933429401974140528319025757002669922696385592732442245915453890015281834
42161879602003214752796224864510243713654080542544088755562335977387066935290
41002072429569454438552930007380136286963149867226692541835312078428947650295
39963816085713885362512797072228685763481649468175887576035389346537928650462
7907233598772104994641577420042161718689916557030271922758045778629601003255
56922823031696765830896458030801545447935687404163273267456306332363059837052
104772989501600875060545833289630675641197537205356623376784235210315757562287
65546520138697542571872768877265997094513575932705860271650884350785408339497
28002626004874523598539720428587763704388255348379383947451544301458918589568
70881115540323717139548876255688168629008807237964566357146528297174928975918
80813961546736172525660377544761179721367053733808188246374085170248927995706
27664150377425434447728567459246772330119226732659794866288677135124497303084
103018027314207267266656755291998711381255952735600032412857883383669223393270
54196532375976690485964232163110283169759605841752903602714848488810773608641
6724033141193167922667484150291556163860457786897791327114567983875647617285
