87913919417100272713954949529896293814116404112543497759694546662843891145900
13554277943599800372616281004333288623642651704574884055485838715766146850838
27822497223298239822845664918593022422809310667987837607874078374399235551126
3663695854658798918341127785810619299308108577988373360450374475183271742789
44402209446485202009084178681655161297879381803539850648895204065336565703127
66348501328220440009195148427510809335309346276030589403197885459990491585348
16253937459221135801997567603495557633554683105711110578663108194849871440604
53893775683092693216147746490678368810859722269873831732703150706544356707095
79425100979552994080071654214974433655385732850023538754091642652504515110387
31862950745486771167371430263828588862543956267867302415390794286338529084435
84833645555120388758181047300741723433115592569942203104423096249572306115318
26634998573029332452876653470817573692149076349477378014704567880074394102584
20098099192971017733358421324556891893752151146693064831716833619778020549483
107699015513692082256231810195257666834948527510837511313459677370538583326684
