69647026377884053180811580180855594521497539839288463401083277520286624928334
752825086723697333817565196980427972353058945472165242737214962446525274177
104855668288901829612602562359322453016628416000707815827366660467906351870126
32446974658952096614497253161840364262264885959473003586645884044894028161117
86370942303178094065005474204136625999299076325640675191262208419308632368403
85207934580480849666010102487335665068923568854798609996023907575543290989329
74458352047564297895755782832747631825247119143934204654723960695873455692876
114498061052580801711858614001794627191733124437910252449681703210684097239059
33286011150636612436473268204830243532426476768616400438579119715640010415906
120922008626044637158497450972261594789481949047685075358447841547316745003
101196826922335748126251068600644329965200897493879879941622937906446377831193
42175004909390646115660777361827885993429753488093179509872763825079954582120
31944039720385134783061390491409296942735192173662851337254045284055337862297
83632655710207345316156964118049620819276364940457784595947406168999898268841
38008042147142017700165851043415808283658753534419329360585355382817595738346
6772626249173123474321701006174684571911398482656358833441094881446183340557
42884340877862965178533830151878697792887290531436291468356271272106842281659
48376149295246428314367748959945253122279137652384324668177439086586399039934
47339943696457321448627807339120488753941137330318170204557067385085886413161
13540928291158697310553503688999341238834615847806592203003927279264188939410
33795370624815092085711598863532554492416218085617465559189655011469285346153
23248372728711894484160187308951116338752194766101343804272753049960986149405
28646842819947026232924111704564986896537211155649902180408676309873429918713
100635976360116391346503284710772542681531089905490738368161243094107032773635
81455624318774320692451555624927667102747987062217509286630769658367256185701
87566710964189952771837894462715386570243287383362558991237439760185834413032
105911969593388307229820992024288547035295160017965983495365504620779216640491
26443394497000290971760675368290759932367028899491456041985278209662128328681
108756671117511833315421666375710804350139605892034459295738154350754048615363
4593530704155787106319271338011684928773697489115373276615268047701640710050
35137334384662646103643874681164673203501385128133582175577038372937259171315
103918161132782883388269673382770340044970679855608061809378787050487744290867
22507989205904517875565752827001747411950587025286735763614817239197754333641
12660227657109725109877929012263018394338190319308550879382718973123109572773
48160286071099532596228833108165707266080746065958257043512869218286896091431
3218183662563904137983839369321623488903193941205354587229887415748145515733
114657598617669888210458785706019153378909441908039373957727189220828727459210
47843866992686995236880849945304392490417821299917307147852840924549208866107
111776193156274031017264993102709132689152012292631376439124788568230914054807
33227732820574959184886454704602739166209288017138403836036908519154655778234
10076815541871035093453293903832150587013643431412213766021807030604323977451
72656414635153273578254813666640171432318522687414674964247491437054359784002
41705665433503404424295334568226332102242113969679064258043930654920614230001
63960040509137317803677458567787494767163077240372548168443108632070173425048
77845822383299863292134912185148178683355680162343238103061871642703914509725
73163947872074565506663683400382758492416993629597056625233443304722253250941
99339904483413572650923363789928156331549338848161957363199368464765130321714
81905856583791442447216103518655706873084428934458496146543298738304409362007
84312145435267686686467054545969844102306588547609914704317187841442223148044
58432436717968581546842731906057968471903886133149869445540897069204732206590
67639846579162730973371719718900781754094444162671280211634387366411658110302
46332903009416755140368893444666275376816431869718814601892248805543586921289
7472169862285863855337970525620292937350184867371884700401121882211440077385
59717922640991602961544982588218177145082680450148058182936270917344939150759
27918443216061187231921291363490736063211250856332036456105410544143112705879
113740150495624363571681867261790600639518174738554257312792040635118637434625
43332024502591112320439223112695499326530230298019821797622957194840178958109
7432780042090828691777321570914800392076815490765579811820036982673056709794
80330001951844555593823508488378718744156838952320183819568720470291483842794
95079411021321573719276975728587743632694516031848974537532684110105304187407
69233283707338646576459839945575829741436230071276595886345402143928437743576
26450437441537793561594108409214432081827350392457614905480236525008430252212
36179662286139580355858096498190968535285458726359486395537762650810711869530
42406255679912664092947784271265823350495679174168224506609219839428300008730
94619240795332261109280831769644326992172981011006514815948602487963024779306
87021043023195818469429686397690012177142835741677855300231985674278092231898
53654690136011328250118699344701172920034374276418167737091698322079848869641
663076213867064462233022806997815961869949501275669966542214369992062786724
17416063657716385593887509861589698103603998914080659936480053156854569980960
17668374068036309411158060928336165292363741682427126168514530898719657995753
113748875981009335689451490127867466498283998468271391938944306594528366984505
7010948756975434419759838938923358391740462162403601597146494526605670223651
38430904189347544738406780891424751973065258733503946208720188718711932126902
