28425273010089343876273149904038488323941155554426196826040257553575708385340
6729094452352019995308498430738444557287764061150099618733668993529990711768
1026311350757720108043072768111247505892124890107701385223977791926773308142
26774733594271318308759442901609693369995104232755049520837145265464153426973
29225068231776026724331550051351518763379546536829671347221482160290260646677
92687545338259706275481077658802983137472010213546214461246655634613249294944
22261223938053509992913194106677130504201679999486508125193309104265748258933
64403668914273667443389476392880568465242939548020451786481283572295018238573
65860814708600145947705160173051982342617390988613796208011126729565442034495
77637344396993970824584616671897767588709844908853322922744163039050485522714
28081204537571764266754836519250504292976656485831606298099726531912979975796
49683670706741497036944646000699202148347283135366754720266404161599774238114
84926196189820099715737916373285551999780207272520640946973781981171292976802
98024159134460679633441909647577266509373450807614179321706327251379040434591
84009833929071780065753816080936293827366185531708408267923353208638677751751
106575080346113176007575308486309402275871216173472460098929967123426532631028
61092487572726131152423669684319053820835345861144828077826441444898973248184
43878446315196648965615679395365081679073325331075940903067193281100264326930
100476712255322915903251242116228997111109561166052110478335382403602420157718
35091260816748629493768946056520542071517133025729641409003208238926242607053
3529773485035313580130988712837640101534882580982390342077701693963908825084
83068238879448657507167395021547563353500621047407932399155333986191306015183
87489223363098149715350790166394397028700040674968287172626081614037721468436
99731307334726490070957255234701107156943203047510566313694915814018444153788
39645995187979158087099893514980244210950902480948932245818066282838151381040
78831597461022758530541246340577129222466172776211348845604520660092711202289
66887879053920050421200420556208716424041987563855017996982802604901047957049
95041649125486599257828815796363270135929863946564523901053794387918336052884
98012465868145643255440293202334768829892252074594455777261113264522751085840
4540378674259665670699308990698578973807715913836744180167088301082149640334
49290106421275969975036241435283915941078732634368053536659365986361475094951
11413556740948929175672154081779754516187555116013605714624376944864830761891
33827012462290035651062607941827579017063687808794058155383533769624438068079
93045317804906085906762751764980244177828390939489324100147308656402523413295
81202061534647664406541181047795996388382249370310001654386490968102624120045
94734567621091830187633699740340266666701155666412957630966848626226681319275
72616296720473187545457912191841502286005454165130485186529906769636068235882
33597234896292003205416420142622573042670273798635066470794547538302942480447
46269992303572039823060692632981130175196769064405327738752773281356619339012
34268463082652673008802340874900147920633415113558996339165812395150845104259
59525268564313683350425081977760492786031267608165922300060674012988368505156
101036237889135071531561235179032334123885509480528969720662245569940717466429
73462718921795266686700424795133491410733882110570319694958630981477076285159
22077780770395919910663507957170567284395939204867266381623475307967125944879
15002545213158098518069716694274656678599268264639314527044645394244435348725
47491515930394476060520925645588434534117594576507165371277474522519937601479
13072813510296423838758185800491714095629041794680479303415993743020901449145
38467040567566400839825163989873541596122951470594188475257821617646275713299
9157312529408945405316049520241709163809324701957204563651807301179968091418
50060180096340631588897977518649939686923282062909134720736883618925782415332
47564896620158417915074042615267266971393340623373541965570101980010413724678
38519347539196008765318329062428772251375601061372896891548280305574926223791
108542286901617300506636917861761584057359278063068089730690150459074326749893
60102902512214801961074875519002205780604033600519282755699917407137105534748
31516255308981386929459751740344237770317330118024682890176811811553707327499
51382429279561258958511237535397983931632976155041034860894704651600559823144
20620068911013763980930935261839706760946339503590405948845816060311080298250
1339839126297372228615062361105474812348691424026695437334534257201065958032
48403063548740018791786133357750684863698661215130097421116110294636333386750
85864280765962700298497320649566922453089319974638309646963630988542063334498
70376477700672631119351819318965646549368313617328808216602461181190113396456
47406821022418231077839392510861585205769218142308121145587644325870788828435
21025908203951840002254457768556797871438959516090086542263214335291417067688
75003312959149960859982734938396318332450840046404679664607842507240267500389
49614023962743727817805492847131710157717015594459000006758637428860742341669
42836666505363184743855465728790503398934069626089322642795994594495802555372
50675939568949547242300243002421962133271091637223458255530189577223527229760
101143145168939592901333542963639615888052832749038747165463731997319592050014
43292526737913798885660027702484250266463729553242066643175314292950803599383
109531238538429310579069521914865112784577038351225732846145966128011214100742
76771567715758019709951550117672203857099510687117965006208555214149737052954
98695912190966364148131032046214552658353456296092389736072988284736267713041
101451642144493992101656224354435748651492130299181403914928418918340378227697
113418773337352849022842812643351082616717717822606753750335675438733004711750
112787581856691673047701026787172516934156557055762107634827242147101631359462
38127985511903414588717407176325844414458470424456610882826110471080666708128
2202385298241766127204297229081991113975149418078030426238199222914541231320
78309886291889508088927109003908633550306590705880586122430733026035503232601
81092622866289454653352842739741448937826759497943580362274634909458391402907
47002390968002752175540965285157340891853262590150693106749143480671730320395
1697587967499214279122473978623722990530114465093750243715163623198379576672
35134121554216398699345801268090338428798856513826734884229477947530857831342
66622977969623829447921221760310989024821598177328289150180651976398196242229
33420510130132688576220568452261755860246552641154757317894995868332122081677
38895067428525797048510735037198885032635542677148316751815084847058431762239
80331865339474230945748784693287290237456016453746507108072404893175211270757
4997776238941062235992540752960028929657172140929005283217082429047654756634
43206774326827426155241432751264233631177462954322246663837778383222059025146
110956174105209789541245215268049127542764753186887542538556499927555831911073
98504104697234556590671148883280617755997160651507936275242522104098975293504
111811475433582005167516630443908646254634849817907222787325292066338322178666
68185249599105439248884858258256696283570612250436950011377139548951163175890
68307388451164946515120367749672048896802070293389216463004805281841999878259
103611178032743775660878741843376263232247313236804185807421740278546382860645
6612792894953165382912410627720095629163172042522630173709808027038260034795
55549569809686961469270330726736850961333633419575750252296972832974981046150
91504893523465916115007680774531898226373690019255756591160726455362881771992
113165942054397277798913969989741028913280310967517465049221245985088760915140
63078373437797716992181737661755179163946177543123658192909045666099910532487
81298232328296949527639443081634906195828691778902227413982752176419875056474
17312629285451580878091970487617449395091730306215039932294950809760065929142
3236632142817553215080921062959273353572669522539044140303509627813752230833
76716056762347251208868381188860252973488089737102579067888792146509922774330
38526317898877031610294994705543884576508781530493224803193622260660357926164
10479666897802571411812325649033438930210934575380143388388442890029505887143
5666582061423147653279797242700396838942239637882215381875693585174103409635
66716680945060941502878288023510175879116388689772410557009488303062226108218
90021494748874070823863201596529960202712256271960456876852530984397816844741
50596961988708517284759727218041928244044541913941578966263303500418351269526
72809509153328386526163305954141308958985950661756362888242348828059335765705
16025225962583622336759987563604094292276627670663480683559955052405292552740
26660678415074869535406437599949118219471917988622329488614784597151126994176
90213894373501197119860549401743200582996324631173893369202038049523273324866
61277636028846947800318592740207201656430794699824336613672176358091410039588
80297358066195186686528064671680872295278537588082745133433615296821294663608
39525656469279981148429649707718671365744579004854087485304518995934235951249
34971443644146183969707854280825282071528262577643052233441890429276395538139
68278460562827800890286028292750095612687326360681689070021993384690505669436
110582840042775564514466292968629051184857555585667832657548693427350682907910
6483728199825503366471888115336267355362238752564341901141691445262765734997
