81513070247048472270877624119368896895242399373561113492502428314547681502364
74556527408971262506612566437044046580694523859895795226836126185229275179835
1405972285714260829026321118479438346159014165402405849992138082295927918062
15493399490335901282198974858370190840590443805980553353458941036514061888433
108367076480006300252089609279202177834983063386463080874645471377258437039887
96922344042368067178890143749167130813545635522074061977912352724099383989670
83117507205502850843110979116931861693031718700706884660646768159039409793001
80593988488779882124033366311054067856040865689990202135858795266384548933035
107457737356514643197044088171832853327131581059625003634286949510299142093812
65135861042097732649493220472694769343190752479547981724332108538859866640215
50585338836607082662789243189414932614973777283224296309927587995413241481532
27630800178965587699262454393088814670138524026555613989258985267932203517521
67233266496086353764570914526143275881717533444035377556606794940025199873017
48672498567638333099900235553560374407984197508166118362412691346631624477566
71572073343118133900707178121424140842536631511234759590973817989071204606324
113925806294685691955511709960715141304223331342756320058323684697553055532
27002234500082507257114938107300685525547603161269542969048174992119916646987
86641796687979096983165919137632795405425274239460245178665144630991214494213
87165596466302180569806627963809212019849456640075687265540780267813188140568
93027920658791357155117293497331825278391163620978003745381588145514790404211
55502463673477345523399868325610256966843499725837846324192049202952221075384
55729599367239996271671301214664152355661598232228650551991549681058646861846
55059291208798963168064453016111686112063201544887756508723496335541826274100
42502530924685790262550712133915037267206879630644314041392474969388581957367
71457562111700207612522354305415225710834841990854081917967901418509932037046
2689820381174503257959840641613177092175935716649996199249087812708168662770
111454909561990243097134434999428822895572493755390644301612054033208813524865
43114659784749555536638238440214560385784671546968016393299233843537318888712
110602259936798651402426443442995858318933609546377951184870702083680514180881
69791246679199516763217036502926627658138653736498264045193653626123017500198
19112056801038215764669289812194494059251324405011565794241925295907408339359
93247158360085662811118731214219364921261471135407318578537955697832072708206
75095348394744886999548530561660008446094288959693542866254700484126923983300
22072068899800650374739659726277809146107702387188840259457973358836631052600
23844531282015803985809906057371373348488258464263439524207759396050902058245
60345679581365593729324359135929308994475360292551426290437098744186737171855
88874911697180396646476264011209797331152196846371346901605936642198563590748
3922057948903566990308478632768316064525148334032248975035245774659693101367
88502724461757973653839012840388731567182434824127891023800081354112000096184
24304974959821035236559733950940563501707143477856521519762842434473260888481
99968627267858724336236981651081192636216297282994143586017751350778684144376
65818412540259109984279180524419576674689650839550923981438616173993343638466
111920657041620867255817491483564489430968512980346392757343416343967823813189
102265251443405566078513229466605985788527080806288761565721483275185288856764
107965854909596780438507410949595273547772950088165932172046376828291431618075
32711099028236055535407553469858265814664698272901133129706693148384445381176
111017623948776324137742900750296693577872038809038840650261221454265948380222
74979961478026272450916474808460382417988672670026235583316684290404328489252
30652198453049748636889365435165600295435010512923611632732773973591953948806
100342023614671241165076256350764907032544474501408067603551618063081963333244
39598270302663234184008926463221529141016717959871437917386043994193183269278
36084561667249732671079021981108498025159457209885727212174028645052179688663
38906949555940327965600241616713066073125030432460308743030023561836388466472
48062618064338804968917534760748551519073399919282751257182137284705535090758
1285506862211138342966129851371770298882301658797715478972220820094966037291
80182737299866271781721188598309629778157439147749007251874146321025105732647
56126646343678438265894700003757712723908517096854748774631551767414625977688
11212321021532657587749240249999185824268028376478983282095294042506584207524
115769417801365374032274904216308230457375808271191777503842289420857121193427
2577733790840957010103369162209414966458645188236548451290297925255437508818
57589877864536100275993896917455900940978708029979156366392691577422268119221
9134607884059155755083984300468588783755408437892615941826984675923608434988
81223192680673452043156974124949116606696955908846202345154388213013552236125
83015886314142692626148220634657672513163500983377199236679785970967457448979
33549627198343651910057029743361876676778940611905614854183280380158546097571
74037152500636286813873268604585084180134750094782371394680576973779828076406
107620841899350968148097447734051796922652976277846904827678749623557377885251
72960057793064763996183091911431466543929645797552013195969083568324437507599
48083767037091271600368720234111276223213778757255507514353485736532175518186
69040962181942796668839823781792927223627790417351844250582378507522878355183
112379192914668885709997276053370636300052287837795104172722919435813665790156
16833446713280910858513421505559713344121963615247638521201510719851806837030
54842345229975792770361700532826853791272245014316376534870037752426714219390
77942159434179119599808422255322124687816803506507876693122303883967059838519
80530688810053205935836674694778947235925192229935393820876821039344756414851
96400936639373495366267802971192642255305236495628367994770580840029185906715
80471973814511413106293885729240447221586516988331983905323237899565271141740
3408284437784281678634559864661915382538831051470950236538590387108696521396
20029781929947641687805485699059925173880869618419330481440859890627014325272
70888524485266233287970571245664364510484378096731794779598216253285283307511
5674853706411893074720297814418857370190967677616311308207378820324768289538
64396640010147505823161853071704711237313859697551957547172674429372816306857
99248687265022452129016901260613122880571998457973729196631043205462412468178
35180969494787899379722035515597764210989445293076292817652016079200388338940
104287323391436469480239506333306732043579566339279339835962725775178741329736
63921526184769768118292541085579119572460435784915353277937213692239175115630
92234110531739630298192556304990707937168918514872213801038792797738932332957
53557725411674928418569099006906638210691065788635352706337259851884613384263
69014433403056953046102093854653707227549596566798014769840717246365162781970
20057154879819328270113178132129800812813552058714446630687549404602349882114
93297517078896069883380221384762508632987637231888997996458230173249031585517
88336922488228651133635668601213299228750936197895571038727673875473067302585
103403177765293378416905252449831673769516161650196775179281640458225193558821
59015329122196142826921241363961600002107426752898822770920243843384134376292
98527005307823475594045677546652335839734532784664671376692464657874210130684
46346818752725549912018499489322185062686794443493512769514442295640493801476
35017871386850361868552505441303100316289547886553402828160712191992052614657
