106219666612424715017914520009005541865317781347237842228224107842440642297819
37577351175474489420512385847314060530005019647308014245890584817017782942370
98773167033127776023228124185516815623265259839087073678813063186348341042713
51822178175325050010530379894072445600028603855156506904473135374792682129588
49092526997011562366539640323930022352345949389886615401948234766452404310643
38508261730017929189031926141813142538868956129898176309202987728867742322262
7442502926379163580341210224436988765287602089692644413333724044602661434656
26702122869628866093133077689129248420347756720862247467130916389731632252352
832413607394566071419640200367541616301135776550342787632249911467371179859
22413830939443963052089684647733506208763109506289527173003034383232265141132
65582115007065234219184977848360154849165454394598730215723766527813440252670
15704225965086547675398615619951526362638189163735678680256568247405069480898
5052252388553647081652850876351991377849181107560335565061760049265563553392
109062936770910388294209258467878021157881018285681272967898246021872932635720
71123230725858526981835884230736541793209862442275880536136112447891755723814
30314580618238438742507540256699970345337763242866661203167568533136192022605
18979756560095119610533775485872656250430340734897340859793288296532545757541
90471339701126923051826855888114572176235083662661710572932262644306847087410
85245329177144154681884158407785308925291344895130152894310068551819559655132
66485936314971115091331089019664024777719105543875251594830316499243636093716
56796759853342218306403895334009353111912966674268781386642647098341878931175
112883517432020005775387539131057046559183859894553205220895249068759187999413
26904597209676791043670594164410662732648474392958283664274618670552544450586
69695632006875365612171986192726801937097483455546768565870588857604047115120
72169039746093219113179343446097489498991149581712211689558041953164996314295
85449519571247595355171086386079697344851264671151128433723108417257289569330
38550215020175216571318535745042376273323195113180629401977989155363052039367
15325057367508282461579128667619985891509800949876705367358006226140171701130
106891563515867609153741896778579975735081876371825087711244632597559161125518
84581392201752539460275153123642927692160909968997833064876643680357054503000
30285681983279514953062416623695002154829238039660759654717376715724208603514
14957862723296515277943635855660755274347840201805865387657195800146730604902
35808695157540043064346053584774220986329561568259685420830372683955135124424
70231465238104581432465351588370369965504710704465335792038897818991394250458
6965624469750038448455868967555006496329029126602431902034767417997739944516
108203594608418158180151075229260458819150610896330715848197913814088104353671
31503650040580716522093333833573564252929562885795115490835485689914503192267
8113374362682308518967109924895747029114400343422461184741255249385031980047
102997302190789316445603532343376681198534025720796320171333179433231706646522
62719353436377076826121729609903870163805895036276015175685409631618824735096
26761275977782750392303565841796332186574483602795588737584786159298061152492
108556926448075343046475342037280108942329878447829468321535561386803772620751
71969282440162593123833425380674612081878901176090970664295015520168417343197
98383953205407845196473185545309678666005515934165715559832673726264837954526
112440908681495656723028842224363546703490411930777620665043476700476404313260
50422968827901143704210886056686206651984951154415659786683598408670235889955
68092348859516180134416747204932099136890727464206588393321603536200761550613
107990855859619864943640927374909677170882923693550219936470195606881599592677
41624878549462505170958098764921200717845732264433368693810715226508057917524
17037429237215646557256619539860373277506284347136623078767747949482915902634
20192373156403353505483316728702033910017078091916144790267951536659832896559
21097403390946848457885198022542279959015731142591358049494812811562608534355
11059822201738917395191148749881586727466597022868619780609284409166117335270
17754730787612313441488409485148693333235594771539210980459686961905945180319
29695140540381435302509010354348187820811017114704966421880772466565837825224
101102700160207770511390825666299186034485855197780389144967552382798889759648
43820995224429999415114593589842696718645457318413357376782860527451927169331
65713192531876245541119317833189145655022847409133277836238316676666252139610
10416597637329547351513166481903543136949688903402708733632327115767802878098
36572745035338875127970440107435451939732108468497186503059351609813619250392
68347782046162320372127121666573717619602867422020505074817140680417928099243
8722174314279734181304079698922108284718582817044349171620407519246205232399
1484553946650502754720882871637142596588425386834187454783512436091564489999
56186169493491871987511575579945045699009800379444636910871093136950560951346
79089998919990198479230479294925464005923792115322409036665065963679771004281
73875432629586604362908165867395408654258719064690262175335106252167417854345
70045986487315017221298376502724363334790225524779417133836650004956576073831
18426411233050200050959231181359061499695028952204080633821984097931724481801
36558638569861545399051767059004114042597179050700563667122662691652197001501
63466471905449839287388801053139058566931417296446451435176083765519787006582
37472293778220718616798661764484522760891512457053409099511407844161669933599
30407504151249120042234765901652315294756080002980701819962495096453484840562
89315988385349219665300797625235934594847853917497816025628177287302736690737
90678862643206071592346865461533004847358648908627098398486919999174395433924
79409769117839151489262001682192062113534177442851545802050420232912277541341
14402979044360734775270620478030351625219959639868713185244165218033764169968
46929002624747173796166691451610414743112358133808946392944764485916654940603
43463465739419076330315884588731209727951875392338704663644709565159811270271
17991340235078619006317847767860965863804808480178711964013683853921264032195
62281125805305064144986428854267475494013870593334346912233278333931740446052
114374255070326140170781301765295046515050535849650589143197534816807022285304
56539548710101116542156331692681667789129056593343547217985291602398943574169
94301011225812976357273958487889886919082665485126378423587202827209323962489
52199061877939450290169913049207738201198513825153413278437519768146859353066
110920942415753303000298074251403890195600554842667018423840949441342507197422
98021123292652077845565710091084792230433450786130483160696159188437758871541
43476853906543087245327616664668552702043684162849123920973288393915180979779
49017608205252164262047228908188758139077417552291471147660892560313490249737
113575093091876090192455430078177420522516425174475768411998713288596722893612
7639223302100120071962640507782361142178141779960351691359272636627668478346
11816349543243073910376900523965617753100875920702225664141487262589916535631
55328945588536790912923570671074791747572089337710048821769476808510605147614
61863322615303854097574389051741008655367057632890864166062705839203532814225
45899141760588166607000789844838132748320214162795444409576267316681411530284
45349714527682624560394079395114376609330440907883048530594388812521606777326
80690850486722869555935916808995629426023873906485744875045992198287690066073
36564669404109181097221231160292135536286387305865268873076448753706185094178
62913094308582707594569027813478355152615599305422961845945373826476285726116
76828228949192852195340651784668968130600264061335740691352397620047488062632
48409239858874504782782755206511159192609693239158088335382655692249339156137
9694483059036440074119290319609850664304771927080723592434752724220485982773
45000158252751360414250802113444697137407364208625064017765469965043778903358
48315350385931719280309706867232545610581745775202412125544661236553089764546
87033834324995700749314716807453929563870314572319293545566137103645551565886
55388062901569552259807313946558017676058589786397270126589802685264568309333
42332443845146206758644319679587914647187454764166061783484985477420912244923
5885495291513410729999117163085448855234734295759724932313124774199960976600
12323870233874674552978582497265962618850656309109092280898367056886883480678
105330207814866650232990383230670463673597926910720677148708709094917580581291
98162508858302854491468446683284282897391168932122115161477218184835598946190
35733508608328967081209870413579000551162767473962082382998413688361182676380
75525011970459062831794329263744907731702720390102944633843469330014135424266
111779716153272520450700373481721000107502066176075236218235468217910667190363
95412380843439947238879643851595888924719411729125849629777698955153148486697
98305897572204156787010066945591231414146509573065447109326941598663907859251
17643808846039208682722830678776079189760632196162735813103785049829389632494
11582195180449896086214317660168190599997373088388529121517150809696750653825
43918702940515644361387460222602326110293370464684348918335113982418309371964
97679706463811063015268364207434992823501453314585823082384644038046405176867
4223532750424551464699472638820460033362495914011861258842458012982244494302
22785569483459869277288105458366740991960363969254961438650618619394170115198
107539583578576011325671014180510038826898819277552731569909954190357150370831
16584995962001161783073970150149324510078983617755122419134543678862682646010
20263179541216160436559022737001590968651779882113564698959354610031755266221
23513379570814673641141015116899853474819803353528064302717111710307647920404
56755665820183588171339173777602506160781055508186640569694985974004477789660
74140165700808520143819166175275671201843387186932915522209752888503918594832
32828121245597551563270480981123168570091307039490896228650087983900856845684
11698383885268140175836019750716051658930858792873824615172361808206833084459
