95456772578457929351201009801240515918049138702810888977817389752254133931430
2095344244202787044538376388689529304662083301925895111370002008977276973718
67883688615507788322718367800619180740554419794600255773285191755454159302015
80337102814081804157713339616404798059118513671270918721170644812148826792530
68892336354676789541699502204008467819826852590318410850904443211175856197806
42208714825098039589778179127080183306369118283604489216549715392186823709892
79102167112869969070276517104475303001260814716585670806181261436327362437011
1549461271905647965357191935855463873357432616439741674378983446290443527471
94749340347642705798542071889542684458580927216170911428853723366020101671042
51022207117481330569524064879323239214774319082782776281945587704320901227678
47755380497061326607026931285181671734383282258037639930080777065761387539622
28688348281484147259338436045241169177880124736841144298326338998058007500911
18497782212260241415298394051619212216437773846831370581698109077454985367481
23401558248382425718609197471181829409689864917018967427348647212593650645068
24451205966430115035470646887715494145942109468036241571557616618775703731240
9566498793682332648240608127765139813419329763565992785661940676889189711472
37849287388657232906474237246915411561166105002436185571654742601944577475918
80058777601990876725981107011442493498541699310243782871311967467289952340791
39771832447480670640595502078533854735663709537254455107263280636277133649154
56255302156279267852449357516799701614638259929935908290125116182205417080
72245223661509630669898079456493851052430280786360470784863721053941114650495
90431115508520975565992957834995982449813519792162675080549002401369697598249
62214506809163518154167013117792368749739869042914547252464118496646098602566
103701431289166025025853350584809229583736743498098772918013836744681780042728
8851306728873968278265196725848619012543966786916927410092090623065099094542
101972873825490618475548940325431835266689526938620691959616247104855612951158
94401428232475077691830541441161619020948970437777917045322282584885146797222
76590404781384154842635556542434141240492963680627710981880052052427285419963
14515085018398518942133319023519169124852760014855329146108433141800898200101
66645040439726880095396794767260023336250781420866472327991393686078560313197
546926127188545535332669646204685178997295235291495638679779549021941839935
95411501726712312519541232007141050396861843426189572319416758893880897946339
52713362762694442728434658297520500404653634777555413138221200000621404717061
36133086400149377195328467157760691662862047995901389533368315165832410359806
8583434994329692114392668386240607344838816131727400363833692797505390373024
74742515802593364655152234635543004592581199063895959190173818966442130803427
43303448041751649524765644481510607801553737069095627502466823025791700187860
5928002370809548197143257754894119231366393939263957513839855454416217798393
68638748671029842923410292118979869321971143210196431256584299132326688662423
11449888169861026095735667878469644289124943856733138939543996697657801197832
32959371302582846870148722179409477361983002697524238908501154819929643993973
60904856775910102853166222707072172506238854457263247333696547870784577758520
35963687718842419177650509975122469975275637641099043375287881447177229252640
79774534257736076866450994064246359014985057223178571358450876198346489786269
18725179848864451906825201141516966254363170694135512541526086627718493021799
