63396798525479502560449786623200238827394018337070341550982651080517644925919
10175679258765873305543060154045393292670074342050053846059517632066824188794
56554721203579315968006075877089122085570679391929864014732575292743795883099
37428714866135158591909764597483764946095649425444457207821560434679568813046
52757520805958580589991789063314803586535512326148286876349302081279763647471
45946421103291382978906507274548628716588085905238978834900801178852833531632
76595458178426682739657102798237131714080950703716324004410577791304316224886
11590179483447158405450317575448060760884933997929721805829887625130821984524
35162756373478166374677156090001392899315279509810463902976184195866495580793
87613676898478199241166257589226329227253613129389978147571661942170984650898
62542887046105260023924545611667274065972543337036779751720570669454115510663
44200214236918462953763646052758791703083586938886718995690148855863744882513
14425517769800862952644187266349335852111878369728144805214926778720689705113
65914202375830008833252052442769615450152590945458272800001390711546310410645
71431104065242253729400964657744971018556552958353914806688485097760376129318
108328102953319739710982946596900005097188154683685074909338649271223340507279
83653465517130979604264600064949515108617607982550771814110651885186909183878
36297138043322674734238707553787841801647778450902343930652808144348869610075
74285907811184758264166648568115888567145119095217656170916317349798927282910
15326642516548456726948271619893174904423671797255919686420003346371632725763
60188882609857556282222086443668642017811490690725658587682704079293950194287
87212595150422036112757974673207069836378540213582378596921161770297691773285
113403923198647308362917246503464317781326566815313010640636638378401110958278
102397369616743493809726269841579483049330414610835106778940093591864831402658
92447189487009124244423045593387739963922686947294994767275075618637715789921
12757166415037405513545809478300734199724305850059471024573660282354714759087
9347403982764354872438994678882943448566742052840069558268617349477201275001
83854048060598042587274231141538324557869811713073966196559690777110375585820
8493067792184566822030626335960888418517290912494108868439606084163883966346
69780413813751145347316578699905925455058232626143319795454011178116419863962
97109753611043736562465507155584404675382788529982037736912888519011128028583
68949342973879611124521014387480927875908417585784219888256897654408742687812
8021542921033110929909009658567795215573147790685708773032585014731916043455
63796635476536592758505301860938574928523559983767578111952105886765924586900
869193399737882118369312966647273239858760638360503200301489496561126187466
101037568513620334127070215528233837211641704772972659018162109987388897687134
97839927312956313236647354028755803299273729416513851567775419549953007180085
20289797336761794730333885294970356440340366112614874869674678157595306874397
75151190101626471269464864845563061584660422714795877143682025013327888793554
67107185361318705402495156305620098038658100414991543715247485118757257668264
11160794596209685170460019225629609705637549944434524241091253813568918035588
78038678940586893560227559621080846840478061950444411733460885046222160178583
14025725766987125667704217014090518204162511172303759335708081877412265178630
11878298863250695230817313181290794689949270616838234888841594820766952056535
75938102925592526342689122996451383204487668561002623269151020552613422110094
91126965055982873508847415480551176901804042177573840549424581356428741001798
113829506911972169174669596149865874710140800781178275374849485272084404002154
82066328336643587090313424651516827013696089145843631820793317265506469006220
96411183618329542626607997870297810126910120136893642481177739323176338808505
24070432609213091189270376048395917506709824400843543816127995896721068376497
14382188346849820331877635474504130342768709052536786281257605843527654547540
56414594421788988853467344330579979131603496493500043578099693771904556591459
42475939905923492885610788570810622750051900032629204873677781710927378298061
83636773802907254569473498510832745116542369912881229463531436298727684679426
84957736136895995753284400557549597444920384899962513329098819737841961726009
11768629700436120684637792512329311548862922721582743010163724396442596931965
10896121750072742319564552594778205249413387393615310603614446656063487336538
78007044376231817895230732925221719372533571699075679036356048913669413218399
90936434284012634947593516186994777551389872090375408541154071227984679126765
105340008150662526355890479918253579552087231243307134745953857183142931509772
2121111567460275110097023163738825054375654280156465863366323262694305975652
47855693607814448045390777659874425749834609538421714849070238036438223628886
22249934355512164741819912408616301156073534964869626875318665521252261914315
31095595882337531661883107370479114519852575905182479495971486642643455446153
37004725368001802161518223203261122609037607133210257723658020607406148869231
102613312424790730539628170818915155903032281292940758741757245427460195575377
16869222079256052451171041949535061143863385561676231844207825153242825035417
23367297942846856343703630013300703447988070403036736027970288871416882269361
18286456003160436958056472705183036644496751347112016517201547151969075040014
1243382955714345393222328692167251413111353436177382136709260791958360103562
16494986797162627239106415899682363118952183782658331743488286519894221290805
73792994596711823581053732558337299394238017714046103030578647860951478016244
46937800327045577567652070947408578766961160687266846364322859476652259870454
90280876110569789711036347128311768303097751287709315796449032365001405908243
86387346113618126804531122942911782235705999151028855299165802318717703863656
110127496161188235494905550430786079632257822236958565377078490668492147432227
115111175068397167604565531170269930433225978697920140501948783225775292447905
41023095117090487457252907900576473577152437479715648515316003255234078873808
9580093364632740805671499746562236097904712547017370799604214429647294568806
18876850161988151195515832232561093011095580676914458876851614286264434938839
42936870497763056718685397047756479059331239493657750167073067385530704647314
113998836759806312472762026719962540645954381482850750272421636727782120480427
2499960720748834943678680599906433265087221381653741735979189276498610241084
29403768536930071409908011628688754025245644188871054537204440136782698986907
53434249409643787799461638190745164547658097968490352337715171846678789015348
81066019595249720773144975504878936410291493997844585385414836485973212153211
13088785613427991746245983141768299572014053349559083326108976046549772322096
18785677831799295562199294078619462144595205598444972239048840024009805445824
104859573868558236765440325234806612089730123987455410967241564003988161481201
107614411059478017121482193794414554605875382003988537732707903701994310234229
43355373317746720652251553776327343396658751356636974638195247712174390621419
52145843617690037804756369846563560398987678403976824395744650378713939787333
1956715963971621481855042032217128079103726330409034805875589017348310034190
51898798296216420408153513880823295235017046212897306533443474909636492859149
27006423627986815900107769349861330032306681037558059851245642207131758026278
40342767026624606070128185996941694486479479992938455395105641899010396112092
103731102674994724337526158118815310953306350076953181966284882995725952741687
37194093085908710611714211882741733355176006020931125765884783145652052059964
66537128729482985335230277473389233527588825317822610167430996323030486346500
97896999262057119003766034434878147984381174264096517587101499331111754100215
32575819591536178311627005607911649079746277127596306370327712633029357595337
21916562945802014833100702451976303537014790895973069583848249622547076984207
75161061822649721709286641163809540884798931725659117774340003640225687380458
70686177159278099934708354576000025723938416399851799783292144228910720979017
53899184102506367580771225024625739751543117858640491480563192472121826675072
84849246545331046038229639577929127191760250035513565652815338019271964630453
40015494916882087899070888114047275411602607274447276420185455022094738585852
9149742253042399422113640898409854470177508623192837179457227510623458922987
3858711637055905748445928111763119564213176738570034261218635933635024809968
101608070300861334774706427890536028009314694942505393421617183902859013898792
48098357818241555713405147636868678752322251395335033117860294055199602066177
27563996060756264934068702170680349312872057705600236408647406551240699238096
31181704158616040186950582690470490943909402176697050581595615603679935034697
13034633347230610937703413223837031730540465803714742872262336683968481998618
52023632365101794435713604903512425463453797834928966130434824080862138994370
70055825812276071786406218798549114161760521969609402874929310361765266318337
12936836842299098638828460897638849799117833094098731999165644169913547919419
62984468024466545769279843162396918306151596447333953483875531425198366402500
80091957495952388586704371031658561120635478051478113181992562481997489718762
57515519988150252135233529920245741229497796529322630761483469654299872298379
92524659001260803718146652550203371632217865544636399134690795415211979102082
111239831814437215484946032566434661731559409376343256865799985789398456736496
20471202413440930534365010777996632058171700730868376129284448469852211844939
53524546601154100485303057746146937960093269390737357199189271640992999693488
105788031310231401230976592093360171331851329638594360806629674290195761871163
30308064415836015575165864166537930167394391717291952085256178894258486852994
17581528880140522338155511357409074410593923606297137390885518278054081275377
15688703394223276171676349646065083383389034476243751650264244187246620388586
72174552465149975746190868284961229570166008265145608818198307814795738398650
70977335299705478958959084962450844690370513829330494556713262021666577432859
50289176024860288583905162054794023414970563443447005655380016658051354613698
24826085522354727831782851747771936743843981501609691829556378386561936672839
31613594264237633871143189532137574542460256946870251109888329308105119091918
31538800729187796785412093270851553616563250958142725461752443812050014566851
82399372161245943700816120367294055324003085060810855054967649725193406192552
22798951765702605166685536729051215483949542638453728318879960069291948394427
49375197005583335144294075445345942137034433802942513655568542748282507904725
43075840855928789584735700010368138262534369572674444469010488169309731564673
93276829317898577508323308520140756200713127503834522285357083665622900944534
3864102740724445982097663674017503600636159965548348546339961258318633859488
95074682188327176625877958325323723945965040971889956624871327321837765528001
93011992641454158037742307284186810675244000457479367406249829454445722349463
108799379475735156830490051098509263622894734237849626762984404968913806674063
39609090051085142997753861013591033004415839692694134148574451612639650582102
10574978217042837076927553191776670351599518894548532934450599578375413540711
12201972692182800024454486174985375947233960101732759407500260491581478754601
73209223236598792846954228420483873153357118325142923616261873437943184145975
66318335794670889480303686949849397016783243974477535982810658554617592130005
19689111842283872394394975847800720235777933480139133180513488315844984689069
79040424221089617670742980414558033965045900630584638679218675685685309363878
62725381571483573301910886591207164699601220287435584623099820644649009132241
83782834657246433208968987917191355664379035347271358967084523375338613667973
70902968654443966063545812855412808852750651256580236019034100958206600910347
102504754121685569326350541211578716800907924352021120015965070169393481617663
94580590948312150050141958792284945184291965157053273128352888162788456373150
57698090688378599229196802818638274976433454464422412586647672388074348069154
16538554428846569594999006456494266227152853871124103251302926093198073702677
104963534954444550901302860620701246351394746327617497789230734304921763585377
52471180091587494448148007209861622614503133881450192138929575220581798616227
60132204999661682157316973697669047802918005736662583503673810383832677705955
79194392720045580551770853028784255196338196085253011687532657208980962392896
76791581488709610395824998879339594323503560623291063723937061352686857051095
109446172656097042306692465277176988326029905051049215981318302911976442940271
91407562854966812156048314897715322240257064764985060189226157104123686816480
83523280286109322660113855115425011044827447574023799731684163937164002635261
32172464444075357883027125076682140269898129211792432924560579137679020169441
14706934445840928595238127581262997332565649685147913348607163474353893990983
46111152288559033510487367991812791250212129248141255984845880943088809073291
9235379157468730410124674016409429742090356754516643396662966274902604738376
112382269797234288679400333766641147644716798290657090076812704140934106624737
39806465523664420272264421511475747385909604935236204434549273483484733533920
43860831760399770795825888343715456930934023446626048492800915681970889449847
98250865240243650441233904567433174024483968520730628962614702438630176793858
17740817868861547661520954222320800022584886147554950004118296005889332460357
39076431521526303142318629780078668564351489270329810209001312004028671101418
113144773459576242868068556209999591064510211319462230433396868456174104142865
13932218016900261329763692766983756697884329272502347203648777972823856595291
8838335821164503012535892125578264908573457387063101889550850600369094857844
61321020398897527860415141925314089293748760516832754642660936024006280279056
102100042485415367292132796374230766710355135119761356661422851417365114191797
18924238121543063835581005077209773035843060310471389101722800093568369561889
