36994287279370148476093241086218487126382175357845296299264361370953876873580
5150649757385404179108796521950852403993737643704762278797003255113128604532
108598756492842882851041143002952580080139468575847137320067825548096424445366
101386928293137646448960795278934023943998814178751753367675534719307939402243
25486759715097827901099725578498808083891844023886979892736001601202926197399
36463567744880818341963248455183928367291121730332331595453662188898771789399
62309164853654677484317606095531233793249996020527824365060891258998891303155
32426306146528944845903827075463293926544188569146842194062329611834426044950
104801818060551555401763741103357993025541058626935205201072324001730488526537
41475463580571965782176750116914752330020638211814786688599056906025944328828
70064733429835997856607925584026894373527775771516635014719343703324822977786
66338118679902711054434877665013193678532870273210021694017772175686298761487
24029142835046910193013773413324246853614435898793554217921268019471695546791
44720791407804886266394031982070546365688279052987778077772221618836081647437
62673401786196216128555558951016932701101268215199824014492983889720714707490
50706717270224833910412541854665521566998258531445409692152598830641080636328
70121036115154861058353264719616215562490284391528721394687755045764383183879
82419622738471074312363412109906952647162709721807342655449017556507465029949
47314494800607271213145553174621361442403096602756811736318698873892048720809
74084561632579442497447603881262868335738200688823546144988072769268358841954
105082451854898934308002349394877269756000419948020751251587850808518436121864
40798074263111615052613604325468960950367023680554720533431541799971171558080
95719542629206509736166792773569620901553647243591742635882867926721871174540
89605516360311555018070823207666330761346201050989654081233101844215062436598
105870119408907720533147104276488692406838550146929960134089620566301354698991
99387804128148544183969876234528683930325354504236484360701324134693551997256
54689648797914678831889409970290013557395969878680377947713329419850717225782
13390044569589142822413309675672807247400868587982955161226576939566540660373
41956837032422644891957155537204087777011764940266156852401930775713380771256
85742197554209521699307865912143000305908662783969708621253351374396942832310
108835553378486170984799652485188818884786872921332005665287381569853589025563
79868291806174665266251875905417210101810757420703896344577143300211287725066
68977062257101716428081800705178959997077607960975039394366118912409583289248
55138124855230071524227595304665221328739428012054532793096264038558912736706
67092800851133131089829563770201743282611755441754838974173160005308189975954
23936854951922184837353459532409728514941379404930030669619864178873420049510
30422472195161739422767999106812040316296721743741586803001573873212530802525
65142332264782777468563419348641498941583262881821657287994503847910308702867
114712726015375955606844453440570301371238246583337590108380419093955083887372
103330800999771781375385652969098429699267540989395012612120428956990329820483
46183321329622534721591847177231032368565654937920356936010570485906051865246
91856337013341156882400852686582966908445149457111482663545381133634823597479
16188423629735352640202056611137913875671240484271060124484479926801055504480
6648809005701713233477723669359478802795283463689686795631737825985078117507
11337022884315159102457243587188790958635002498218999080070523321401239868750
47026417577842489451396465042498638483771703280062125789747083431006720786199
69792672688725793724001868910820574564373011323875004213052683953235903162782
105391767892776460300904059073475296869107806793697054214589608734099024444228
79629288925841550445402204542670114453953876115657403257715146877226432075372
98657356452209408812548250677337083083289978573374683061266377976980228352718
35786873373854320801307256003222251796434818489368559956148114152708274546149
38464562705174235039117346770778439397999645256063461634883954563948161113613
24185454618878807978010416208139988096567507367479714883302747709238161229573
88646640611674787066241527762241051035048332787242857905768374544074977338534
17280193570441677867900188873317807490645697498939732312606823103347692169241
54985794112767203950212662329943690366415433925600942045100260645962529942517
87874966698161604065600633533454262650824984114286882645337632407028681774474
68558905047108209123224128553194951136455355075719962489924346878358656220473
42102043881064033421484786036743914412063441771232556360328612178597929353226
80353889360297531196030168493802371989727739483006676685905632453392169337415
33936043737434323953049613735361849511284107308238750768291220678525104111243
24077919466202990572067587883581157650847823498854041606979495718424527639180
91834896377299775689586100926113202088071197160296657926272188470746438842252
111196689285962195778423824929942617518421129636902520295538706368551533509379
43787065353081075158173282925977715826721034941593036876822261770839248615518
93316546479560168932749265991363244438521608532163963122248457249635825390458
110625752679578192230474920155389321054251574826590720701085981142411332886857
34672218692605999269340626591316957607709480557130496235889850948251077895731
9568500139548677878660091423782896515508907931629316682452949958846639751431
13096095600053296687037213500641267726321132285990018572467577315749238336994
90061884841143317094806133172342658772723210971490234257576741930492181437898
79470607936749561850354101565924645900736199187058766294422259035535202323523
3034323791026409647195518614118326739976297994150190590011450720024951216647
68278430765962780594573873601874568126696119392592495120520876656903771976460
82129023191213758407391064808700584055377715596359052910522471417919322914096
5613415022195457836325980464927417338697042377539780721114503763284852080874
102531073018366703144729116664788752361708893033101558441012051520820116074295
57417923409118447354031102647327511163641417216040020762974099849840359142609
6760757962927825106648464412670990077749606297080760951636922066123425211594
26365897289523525500505645628170832764985323124919632589842146665659558439402
11301538704723673231876825784105997201955567638342296710622690847657475311517
82299496806349291743295086027765445105042115205771897400615999143968688950342
18048841664370815376790698668717847897031350765217344169909502034043126909112
46973758691112051991260991450019799061698234290272540889353473211544012697354
24880780811780983893352212823534666616120120139427579353026236589618117449991
21708357390869672103605065917530720287461683705430775843873627229079425758247
87385711100498114468111512466424965615218964672577274284053568039009173083999
114605398177930905687801072862915642734755201449177622610862013488217938874996
64246667332791726133198714469141891634832712939181660321371983359869793108441
18908131301830940600780696486986560992581319510222022956085891708457241355901
83868877222981179023984532045465011993998173013240600174566971713949302801669
25385083065322517930428805190726954688678568807074017184556777679067833608461
44261441488450674187129630263107832619425828443325677125761912343018526792113
589557198518008559074969145282347830184574370159934591270246713844205326863
98379545530108193460019628947686551060697179793342818605478316620018818059843
111898103235658769505738539033231818162615028665451225640152609228015939943026
45037201193128504810664893674869107452058608033980633249812211409426809975812
4887387903425462482678997663625143515603463364890266307440511829253460054052
30049569151965106340209644695195185288310879575532048429887952200652363600625
35951907558841736639113286903752445270642065684046737995877607360484061120553
36175900072322467371238850082458598240801036777855967996476168707480923388577
66294775499990663852726785090784887350831308872663904848634476371648020807407
37555257131149737263268713079160395436579099284227040698229841483491728828311
81881870871737850581702221986043733989460521306133413072097716276928868234994
88014500343044857447017068078199238050570555738765916574741546372041993334959
101497634741744038629870737424858263398285090534709771936728339651198317014031
22945222347654731252409965298070221407202529097684322014221386170259097321907
25384355522425721680009108693934599305929451065376658418515069088889095458036
72580011048100273705860880445440031844692066031407232873588893149613504037116
8740734953967316648429080412351470855947151714516598571332214356779613719902
73788717882642695607742012022981065721733117574330207326544036928361180830486
48150069980118356680063143774799476182224043407882730935822017789415930608739
49581681672199961746765122850220478700958797487855780239303275727028189469886
19628921724382629305304143447868577026690983095864944708925962300864598834638
83044312285872575219935515529859984193289024897801913198246886497390768484929
10102579504517626762708990928358803970478067654747090574377730963993087970471
114233501145390031868637575431749683924604994706174259227784487071664993773672
6785167309957274347945145136474012351602207880416687207365914506868835110182
41541569576220258566052527389106752723629035067339087351454488050609897035139
77084700922942685113440772257809483817205268757015565216131695647769962814308
20197877996075860690148962093295595749989305522949114695196828482431610762626
23493487251110070066942543629716471834572354103569434143818722695945294797479
79241770431452353119358508332578557610821487379292011529958250622848020689298
60574995875370307160825693467267482647846218115764947858650801664869887983175
83085699254152555186059371695130799848067066152611019116752442564776363275681
84945326723047542314999091819773512424967098117329681403686420123250437535153
5476401451851784361920805858217297227487974593574371272331355323027902776634
78175483159212381402265959366505012687075559886588047519565990290612207980213
88990315265050180565582700585213805712711996953027463733427285875837754689310
54205983213302965439347920459446652723241847595399979323324972396932493685219
110204935648532962380408544501940382813377230486211400931456669196131187352050
27239032934091353719458714198258408471892214854314732957132599154693158205948
49056393924730795494680036836063520642738809660867689760808060194614274241931
28577311876143467513233908303797878948744220849307649724815957517840780798479
64297225529309698631128761576240008126013843631757270666410278042303649703026
23301569114754061980719642066623232532219753614294836965214282535701039607769
63924071430721679970064042590947216138370679278747840626117478822541674779837
36588464067502205661120269296819661527030023557864257927071959864937392316380
95806863886590092797929675902248379088311897927735046844915733088401421483372
36004397046789557198248047360938312735492620256872131440823566044237346576535
94670716926050438671196139829071718695656807313995332592867233276529914761232
22682379278508953363907690690555598395223152280445073751294025953383065868978
64172845765380936843593768351688630192689047396874440473770098139816329259514
40686391989811572081642348609863901899494767837707007763464091197416357412776
20043065467579304522050083380151910978971419347801234573512266910832183931228
46329064402831917969038995607677929091419929194675385365631907453400058926561
113818672913740679532696451303232934815817173920784810268358055667126193693223
57828857003024438009541367302269520376091470530049374761550437492524885394517
99421414688083266233682680508918233423502550738956194662331026135303767170556
68409246827447955814900539283764526538371926174898291150066655900516784277872
38806625671036463435142879370152266870802100307271728952897479581554514188996
87263475139875350129256208932973001797140518228421716285493531149919106453974
37941899470562778681483806670939851714666654233291840691597834900811237370171
33622166119247576840260002595452725865694079906900782569889672212372087057342
20378815677039976556030209345666800982490537759014529267185991582293024641803
86758793299286601241247024473515959431936222061450953858794344742442528894276
3418380142480397030135471950292008091391138401355121451264361980492479681375
85219934100819577385866140344342782416943981431209681760355299670493879679809
16926368503260641603457535775359772337813299288367834675468806010172990620453
50006845182759551679820195159341094192659646105215787242280972472810670446340
99443334648732706182934657559664151161584722851220410097664948538419267514156
102472406774248871037100161495373925756694806466298124210753435105940179149405
101061997227462474088862744480832859896248331694699925859924135148138738494974
79764933640368090024220324989594302075854944223228642941557807229853081842945
26273884731881612769629469200711060764536488742627160878899909697093333375160
2338469475403927888610939878150543368910205746829808307413308364172838166409
