90747656736665433973607775211842637399133784077224448526048302999001960453566
51277460982845936428661106527383694330804066061615895182943316672675975085394
38609081881827151631044942641827611472542216748998886992825017957098434168412
81128359698489195051766574451090395439075703725002515531644178373639812272804
50206859001772330695489931266652228391514034721018650587226411634987622360296
78956644863085147654998792164493120497746462365272022129996115111292287988681
47858410097335515309471464963870848615959578575218609447722498163081451588688
76692505756346612776879321979386701872461943093675896061125289050668775570139
89418302611674853210718505008179037688860384548432230226724459442987751654351
105482088061270090317686697018722982411787423294651803346320072734147184596377
111454347470315570280540031743577583303898700606853026740691626481024895696485
53466983757354427401942069527738287299420801260606081274551328891558657138914
49868616784488344740754042048127476474935764320921679782329258648759653280967
33195365090481076157457077544986814631558349378440871218827226764054976371036
40219741917077615036814563700718568649013080044221182917828924451087594940885
14518797828644791224325763464153956491528445008107418636888219576403411162576
36277535080491207653664261112658696882137150129192226772580693321573500987982
53619982322072617876326245696316096769688831902066083953487240053432686708232
23880682521821060798520316138634992486016263306080315414427153984806045143706
7691554398866145271316461083490793467049467652411779330165816569036148313981
64213520980792864594241971215985279037665378653189322077408661485184574911506
62826823497168620165925448914375066912784206202986928336659580902075595683125
72061762284511839293405782849456015560087189318721935187227873525621584476595
64712081565549201329310404884920793786898371048394551268042776715460082318137
39538959591667279514130626319038051149080071713885129422421637269190805101342
47734056393007613408760513360482891353047581197707855017992851766655265404797
24825366689134742157350391049412417748233561545131713884027852987699910269498
36832626177663088510413608612688477929848845404501247433729403580944416007584
72739443669038148933197936596664698670007730901199253394927368032756524749897
8819049672068281573863721028084689462189856189129395883512650746744853153646
68836886648767546277404716224130463277396702317367833742856342099160244589589
95808480777284966431059763424920109852914405687635466054971179958064478320667
18035499470280246738305802890712636644645992628931878912650814028463462393963
87606437618087722627408900078610590585058047695198237862536308002802866811302
69565871317795257530387199889101189212499556590278449257744269524478918668727
60747647556589676828283139485981476295728577785541811952113865349261429196453
32869822540155882156069068872913539128631712393409001434576067908354992908332
114167598032940806631502879650663686544686232835240994419937626918357538312208
99083487307054056306126237517493241482745043670694724654555030645417033128140
21099500590814409039264503804618939730670253396799411382808990505943203859710
94440687770134137879562415039797785864933065493531808601485358826433977103482
42699309736657941062542321812123027046563156833688215062690590609987087482327
100804500415506748675234196797525011618506926877602728410677387981524286511560
31750706856121698393872444103649541513835247407042948539002801095498769517803
