84542308187905774839001986905525857655350636379623732702372560833416412627370
101694853041089152616826657811846087844644009929593011089527741509352848585235
66379475284638534088725051450877918415300282368993026945003742998422013162884
46170818339680316743462657289080180517873725245582255630386312378150538276109
22770220207684527186829017639574566776028989848263890250052861397344269929156
109890934367084950070525029555482866708796631651807224673997504044096218060704
51929359860961391606183431845858958815014019831288236861589532115624858107409
104902791211168496951643533176433047404387074081645057185193820126641802843604
104967344177099927629029742834341749691542013597569924506058244120754053205194
24862210437306270111406664815287559761636510449152812534731571113484670076581
48090465462486591681634040568444303299853259218183649917834264876833807002117
81125449605135253539524318032931559731352566897773586801537282650629077791805
92009499680101513027496553737155286938868240377202862965484717622313030286982
43904883868283354256889247643039398062404635320659262436840865343820610699523
8247600159186431689712761843836709981464903948424294308307501786792088039269
102279518550338441365252134910083342107769188775381877153773616400934719022185
82892798911303088684679645738133340187738204917870794383591534211648117055214
56766217807295513614515499638130292275885649632836212570893882780463903829803
96082321726449223502826795417581399613555125013602279787211224775015774913022
12754783540803460932634073770235485760535627702577633354496917772623045650294
68274349557416126417157474047372656596971170784394530000931833885037777937693
637182377144661749867958979479172100848713706884341013857625531593153860119
30393745070844791791779854345924073829270460920594335620933151168685424377187
46373182565000440511769026998321391467230259254510216232481571621788641957724
10964152171962653812925420150423599492661208784948835458901696627922343113444
114790583376473792985135431727569394059789370939560540474076606944457554293308
72329044644234221686644568276567029943006268575037050314796688183277105491960
64923503234747954877183553361307462235356299897799053751197604219618830666880
55597117581951831954328624061504205615576739831308951306152099251039824124962
67255823755393114645918523355512730548501743863740351969446456209736195252024
38040806214596561448104293210078584235232940223256715772888897292104385539472
87947279931923806492411127917259192793486019881925231323715298867320077862638
82564767653218373599990391547378605388264971311797342683520237398387570511947
14342305851673440121825774067184010020832732713863678860973267913738304485562
29634801306896795823403468298457982247466092553464595801276263274101753505301
7517269884883564503153849138058316682191731532057059837632483435551468221157
109732335579962112955909289023346493080266540091697044854308184828324766412464
74521150830563132377175426293929305462980015142883479605607645041136455589963
23168760211716540700129432045700278229022196142591811089570654733207478706336
76089640174997262407656777003356868541520323337595481778703785240054256989754
102122514881078315566928483206570210489745729540808613565536325135596465121594
12117294183789267817822061083415371701882043400916837577330073602308767937938
24704833660660189921132600922872766056202246897016665607574552782251537996871
112467843010558196771305348438906365915258426625623583913634466324732912690778
112043321857573841920656567966488965440464802118475440377607606853063982786776
44304962355648716723871562294718451868187957692333919270606400013886688065363
104762603200744507678475891722042934506363981530573297995557551284204365578195
41877630517803261635957394030114452246365917738133879951638317154937096206988
34673662806816873023710213141614602797118895409454774779826067896357540407034
61805111600705220047172071648989338926483993853765198156068910240861867447469
11312636872492338040021972538535178007774108048400664750377990653790684481397
59693099476747908511310365812535462571136789300406010823026937481547017835525
3625261287965462258576766779716586617802650693018505817199548445024853659129
55436245569708735817337556129743479202062162347587224379103602750000187973133
94072194310021798611555230624329864509117530491947110178734928779781394045159
57885572905028802461778215118679784932960206125817421118430221826879660686565
36408243102379762674009407725102908233783888920010811281493600083638596697272
50300106042481053672329650948502077192834398544286848111051431408136474822329
38657155827333767513093071782848332163213280018588331661990070314026876017095
85218931572804485599649834638226632269612730452992296795487201748269780408296
25137430815489751940616446631683754617309803793140111980935191661815713210100
39989433766510011985686959370753357813434363238775585007516254251202823239451
107538261731877689004578225594932727304051919236019324559092728430032888861991
18666853299924164403831116435643814981731053575951807031185985743793709971676
81730939495482029908357008904597352857412946255046212758398529615023471962357
66458093704007556962010450147182701784330588038297178566894165211010809705015
101668106072274577525926937643125243747625596501441726472582764313051995581168
16693065867659766058004375794575092565638199323897019205766679614268755252948
91853340351819846762856851118746465091073015616843597260353560762275029791814
7707705303835712725661928284701604096090439969754992614490499351483749904302
23069368751011407880325046085004566325213404343262278209076771553097266485719
22767683354052608947401424829921818735432172261729248251519298941648576465391
105514060961984214711844548596046734793912100738930720086727776235642149580106
9764454030256016761841412341574160840458454907588357740932933468202623784456
10039299482837119818090710695188454173938760433826147432676347871189041835222
91858897694253838390346006398534635086799728647181714689832963550549514805890
60398559475328155140486425750852227918673947944548886913748338025522334569848
103995952996682849676447081758820574197778224573790634975545970910998373408833
33347550697520468489497608337942862258800822052465867968332704699279648199917
91951002530430883053916213645036040807741280980013320953888594503969016931836
52623596866650030573598532868264275711594315885159116515717389444594391716068
71112353200496356439710176172255634847381928361330076773202521807343119019124
107841726462750036196248759216859628139300620371322154850525386338567132770075
111158522395029121347953245455734538340157428488264072388534586517415606249693
80655731493303196902887999592217721230074975052511482056975655134582429991676
48934857953753368115433225719753999907166823070521457895750289464594964249361
113287294455508906172677212762273633332569755036644653067163912341634899034197
93927703910548166957192707737107830975223733900619568417610474289726524854506
80399597419929465820168528067245232831803342045764722276047161924292360309035
45477854518289642474633387398785178916496525768494885702221029913349444983607
93801030122700966761536790636222357465645335853459181983676216570570657752098
3330771889416042701480910676962283341342104275041910532696530795550667924732
95637637679010766121534739085546733653489767572500602749664150040398443373487
63647337876671292818313019208970559031379656183048226219068436543275615491741
55833181612043989177904411890817392673197375966920576239951641604367352864256
114349829891893921617217687481530697932939063843874272250161103953821369276694
88104401369281367537984347262242403282329139538421830377911720084470711950076
110720790305284834238963130046898314306540015226836728966304233021679806358750
42026930909537188343008119999151719052529086575211206783265419559895100857818
89028922070396994411975423919747835140057737639991212484904062871964259038756
108254248918535418763938677875537542567138636832808218343933066982571154141868
96364436734556921181247305555460702090041383527839775631545503052928614463256
42258749508893425408980604409597827559862652791064897147355690332802128430926
108552886924614114395671104567351221893358646120454766857677942387227364774853
54308140205442033732969921060287025818229629180175256911983837166459356701345
36579547731658314238344374391227889051417207355906661656634614448273555015997
10548715045088274060688666797744563290801690855558322124057071231572687736028
24991920695873948290826580596287152836418668628276778422948308691644774982191
62471681261621352357994295953869354056078135681732846120027125611692496867617
67446455555999007863864919657678124196603430448342696823399174838418762075758
2877789538637152697099146644506002166294795113644120165893288209799292998402
83967921808959838798970743828537342612977169864539396416801277771419657812955
5950720658645403057748980749400170071012568602302945348920156778162886035282
5692504718166065599543361250143272864638494762105017385905371657713206985237
29610715370288418516309985474704552633723672082520402318535800583573567903401
2952496382319060343527237645842964740369682946414090416347018791282221352939
89017750159439940440164694890819894445412854765103088416964726580712417298775
69273201728068089188058601071559601138232462286845890224203926341177665561436
46818555014230416313954382544188963534690859703978314782371130707672811006163
86842107103654219123474953902462319806338308405485807389134166159003841855338
50497361251665060011776341385161459490350534932153095638576697835903211009175
4930351191542608591371275189613373054840857763086419581589883636654945250407
10433390506835513600298542900311438651130913461708204087836439647037624465151
86115267151799134981195300675843917151265224569756103970928813273489030191560
4649124094409508223055218930070729888335838282653813876344491140707267653742
50985406104364950450626841789227033520490618551217785914815147008567057646451
