64306984878854149721067803496959481795515870789335878304503548201296158685882
16543519686377606684639152467581387774660454705310163678781469912902375958187
102907541967781272826511368733653527740913167204649948501566385134103956694028
16198671356808561290636867518017224423295186915779249936059623650312056621348
21057741574409783131837661316750898477921663815794562760216926594233615479540
22184481524920346474357278711326366981305753138139278357953808292515175611717
56324720842596426862807404687018740791788034120026293362150771131453589445303
5139091912711085123974862579009995580925438740816858197114985809785731396962
34367152782776946025906881999712429497769375481412521318969946129832427183355
79637663390388122268851545350135710683052916510207844103905782218658899995272
8402744196029510696329592277939349366868510401748189509950554408907689878876
39980485480026632705930229287659119288908315677314459900614440092512874076419
73977011189264690328990872838442536339642837429702416482933597472862352118760
91161787199989459105564185130323752157625735829747883003431309398347828738411
17225792242335753154023550654921397338647342885257398208241196380212847325621
9468154667826971205456117531700082084944701155060368181486516857317805387297
37584145458068017100045008519704557590462297846109506980039666317095226782501
85670459538221075888543381713215848293369041210517585934821060281511546758785
58679660575753898919685493690483066974114650469818981072065325820644316239747
98021558713571190626226757432277321956410937131365138557517426380078388130368
67754729254716391468008784582882016463729920541268252316451722926875238087796
47130874053319292943780569862582094477249690573241040472836144123553168223471
81065225098470417857775924332804990231229558145178482756765531427169892911882
71370033982338276293271695136169749388452116096530983817438662881240121800370
25489209336298348152119932217647831442045411802965305173555505167844733401786
65417209782407572719171226275031410540470194334506478121255136607949216618632
49030447685496794160997040000252792319895783522016084733583447056917578708332
99196466804425380089582587312283302770672418767876895551107403115369295611870
24100827766913882766526896616220345593253095701543548142654620590332846882627
51282516058221978908844974328623651350005127285490686652014622765221567718571
38518859422985249813457752999997926925210863637581266030075615766534457200075
40650576823142911389313234952931787807723312596727951003667885620668503048280
27414343029419405817439616551572472497981959865607937810866878212769552855715
82668027482082913361557654031097152693532363496733621826775976258811954124277
658249878643825018352248436380930426178815458931123901398022471264652952620
25422915519294277380739609984155119218485869411479141163154602251405594424016
21634644484443538891646695009429857490113152047332666511235754187549062203945
51788869528566859066458102749772068126696557210284202245599926129969026903257
77171329221344292972398578675770127225104577958717601430058094366787547269154
92733264197725443543554817533693991722187430953602167427935608664877205660311
106856877236007356330730995234848388629759797117781449152638522201213432593821
24549497286614368852836868997911251889551875798123618612513603779010971296145
17171110824212748281319102988645745173256259669180634555039697912330045800144
77858919634434982905794897566504012589537419493607009584745866963672282335503
46604863123852992418855540065949327097284613016293324164009306979775050113797
12663219474655322726673553791396649790415860977523673399443444293428778293310
3528587575074307419159660239787232330337639125753737138350511227255609500692
60201435037188730302602200858666997322632601623816040396025072225401215161001
27621937286822714464921544125467192278487088175243543241209190719095615339820
62352196196954504764508534076968785235181095699804002640259356755847525084354
105988459255188455466258771907184612594373334694255280123710484313035726941994
109273852731506255276732923519058580861967194690145229219869686869815424107107
22702331965923024124404071673049147684790633785591229395175465453430583084428
80291863059223049865294016258976435050504269770942496636301143888586183513073
18650077186605203264909818615384239948766107456355715792415815650203714701898
27984296759792820295855033884405040181760718133356610491246809281197661273298
112319783729464132951093793491671339067660327419025197794948520428031291173237
108233804793522619284360163447958974295532856414719040260651469216087217253876
58998962021739836024354242543240724173935730681991622184825068968846134495123
71371470845689010592854656630248611891549316576013306980131289488473894981192
30624808469656023327397745762082944121723539928286500552956938109602287407056
98356679501596271611627775143640377511718534585921854212583683241756846603003
28041445868355162270303447324668651334672634267973541105727142952686419525390
54462389083850059149668077646088158744694899833573391111124571905896339027071
69162495949832468394504428198017450717815067314003875263356191600706067075894
39225810622721214893204367380685603296501652624460200241525811006148097398860
71975280723574681442714391050058627149573511528418585381692704657938022437563
99231130222011858949658352073159196088424871750858812705715173371223333545596
93052040621341087485182995149724146990621474435415228193397597514778610562433
78204576939292232519403098047641551612386758343126945005366463702513021313408
55963361274755464758236280971061483798264857231428279748320790247367861974291
87090807152454248209354059659765801727581117397756201194869356036236496520306
114219092229601558366865154313362034514117648532737355289351644352061449832688
105493756568629148648846121004061594396658322646103106138756181391752003570117
19314723408434987354884643354472345344628605211351372217879299247323322399309
982947520862210088179756047832119788543986482079137312600114530220781798425
109212976262424312458698815396359526727300890802093659594371203424982808852478
25745935476402607503809655464484095758949934981676554841530761977399371014029
65342950270158045161795052735047442537735586318632127976551539927011014974805
94752311012046206260970208394283051870576455544640276793123714165709782290730
52274357346894529915044584302680879274639534294118038267192594450879081574665
98597790560097834249765121369748277777815274740918640819301038796382779466822
54330846518022869937110872377330090314222686641347098250331982046077457718242
34031153054024293906509289890642701944686622188427350297424973728069151513521
104421341166979695429819555088370521132252151026988432577131155127378169410197
40449220111242830224396293306029019612120506555262280261249351030245298604360
58280764991659886339128336153953296894086022563074437534707093391940081448444
37483045118658815256759687358512665766390241144254341066586872434739672200430
79249644872148650680508379664705787677947648668794745341459726811588768647093
21512276753204656141516735785127018630196089439075678419205518357264792100876
82445353616482910478447663152257655410953042993763995672965137000740603094644
72488677255864822567636149914780550288212666254951695290377932441533193685480
99026418647852948159070136060897957352713030087518741396509861381701670930953
27477067324382533773848148959635958328177389400776956861442120103869259995382
44017375553347602083125412394943810558154696874170270683701059076342067654464
5009903280080140181932382324141587226105842559791008091968786590201507832709
62179207757438077768675996259451422693066228075199638682027994680185583794978
20998755265683969595161198823070346883681822586238160149119670324065735655236
60905384066311237842149451733498436659999524737519300469432285033108977904080
72268319205377530641846741556497959869552266094122392034630103358945405662275
23773853650572839706250888820457119061161802164537796512892794062141539032295
24270288403192336067814465557697290806162180367541063685900781740775113369491
67832005105986175854006066528295883754618878166991341901465632260447054468852
28708346079072581517338153878493225924258029089034698402311053355459343823630
97296526863951192347285084738651188542609874116063979504602602165938508052272
112196347356661472321288062529128695236939233233738253123853083658794747855525
59024596406842238572365820933500672314688757590596745314312663875243292445445
108805032761142339422091039783610061668980814866187741556905631362875744940359
61099069371504852186348297967470959542895687794185997904462015394608271373754
14892049124419103412342262630120570502765385586337238940460991211242918136707
17040043578023013389314950555913328865623662993723283800844308793170337356065
35960088323674318737210663447703308317427646857558804669683289267903957493814
25147816306198482075278143622696384440401917973530109162139494568721335391631
99195602732465274916906207491021488125174956200814009194762110133596503440338
40804495964318313663997322498181789259794524778844527989576023933536408743984
73565688906212855418291029183814368853374374949552271053007872166077022204598
66091797662247642670255737109350200041508545648617973074489722794569311722986
4608785262862106787374957965481439456769968107474962509907564610456835579135
564940567953293680086191959355215303886634721993718342661052440703441649052
74822856912986770829960688838679017108448688953967336474352992732845182710778
104148305729860832723224506283026682732109095789319115939670850550372180666403
25105196306054691141735402981193713102596227441297775570884947322115506657106
46591468169405616571320386280727053247998856853468307884563218376245322957961
103438248881443742166279428479758722065521772002635441692801648886904443486599
113873896860404141786151910021651302956792509715909278619842799696361432761001
78993561255270738483057729314316409947139015814160366469274948528440466368
60546594128487241336347185156210074287632284460305056608933293940190267692268
72799518703422496294952042338296763936903662429275829106384512225450651302291
102684171521854566680642657330523528167939609552040579827746573335314500208248
82515116705397170730561230333153353802499594522526125905929942206195860927271
80136992939223624752770763358480320398863603015093905705373293244208387750598
84873881669742613291989776925514563249853675381252431350606452649199259979130
22374326262517159765332939883111719288091002149550042741307197250080825312230
80488097177769685606311048291475991119855354019435573872251759331681746918459
43484389610665960270996432948436941999511487860556113017471749583746245074102
45245728154680916348085043998583377105575595287493249161645572057233575811015
22121984652895543745452785391629587165874391737146238116731825982633051822882
69687798306761834061511465723655261749792103845456494009248604112473537548478
42180730052198244551929029835407920291865625791454980175638586877831500369037
104337916584609317258822899570182743756273560483449334234278324562833451238137
61417675180376941943341081592028196742366014894480496772751076344153285472385
37039563132007133751023892415349677581768383765598680406937597290652323010381
50560327790471119407912225740465481635382249260976829874792767938310871356218
85799750142901225858938186013667455865559014478526539359400148029635321140484
110388711814203597421049854575714941193594660353894706817542863899990776065793
25026082699573237992431780189290922970821910617615874506906420374879189316797
46722677907283254831455982937473329340185043103769558683698667007864241843437
18108476353921578562099405894527756228116524236217780130506785000711043643899
91972172908149442009502400910007304205219963023637262856082051477078637786484
10986006189881352260659895092989939545651715445107299106348607439333646314659
9928082832475171423068601787347642291177309571839495227289559156227619104210
112595673350050377600054455789079835190226561383945168656991223435126656066624
82980572531116016750490669728010371212126350712641592236376075631567079288848
73173727243256780841592244366718053741792320376700948026131826783335153650516
28323617923924115067723793799923424029383093992907843638217927837780190555032
84056191116112200737693120726915335904810314496721452865254935569878595928944
74956972522828531066523723445728089384791875014100205144434561657196814014094
37290970684234696585110662729620005595313870916290468436712244631986315294309
91018431655688616750836884296226055363087438003721772002135076350233961689393
62896260038481058470196757928199127415372193870495995105461635096326051938656
15504029185931412267872867972839998319531002212443783824003180376339034750540
86637688140289328913713262805745019591260981109919471191675698011905220911794
36179030726609610066276482696792328200711335146101669551848662672365609219614
9018443731459937571682890868883868718321921383071824128442950063057915203776
71378307419527409026440915507461069694273544244720781907819286771850337648821
37730369117500282553233243602139973050403564340128813404018595828683421969638
17846758926565117965147762702056209786425334359338945234823969389189206492588
45279015407028853307236497149344431885829809565711150876994391613910938310633
73783300686644285902740155088724520452826442274861088996975073655210091276131
100771801509195430297496836468292757935775728080783332006833398372004700288639
87552554741385952131748814908247874851171918994544744505563480004019640716946
73628920030650420633156165619528938798480954102712688350551800839823971772350
57110911506095762435563591189040084624430835636189886244331720025181267140285
101233773477645577244254868100792793832098986828053211041800275569303525212241
64465281177337621996641969861428587290470367937764182903177779228898439892270
73357141195572767579016428487364129211280478575348059177532197039259033590290
70062862061902051331689947624140317332538960203827560958295820444922238256855
48861897050418935467623875862577927739654854609500290867944022861678539451427
46531187498078705742662388756867219531930721446094775685949048794236261497438
83907203326012575679379489170839656924675375739425809446839885568960706411619
60674470803220456095809384311132725878629747368994230133187680044699142141577
12331125925877896422666286966366798229282959424982143761487132752555432012569
53170502189742672069326061876547813226653796754813731605712149170213846982525
6006181988493171160504667172386043387095235961413730291378770260159721718540
37765437860721647025631394186767317769192539894594118037210927294352851409275
