38612194162237685837804964462842834167083763178228664198395792115815889987967
48011319397099605490618314125536198041840339257087867038696931948954043845169
80395248929171816106613787592300358948346963069533708681761893476775905444834
45439432692668994832831234856942320753628877203923459629925361452836383939093
80701065603508106907539435016673320974965692648665172170406047065680222179143
36221859769113742658256740977967597411162465859054441774073185014948912856486
17409993144489675668739273794109918554355012792084268019235036218244242100182
41944544038427654467755984483449468276209457031815688965510004528448428441765
105624909878613748116806548092872222849830334314204844515137816452568675425921
93694467839191194785983290313341358476888525572077012237700970552904994095920
2308289375547441750775784864517828810020816335189956349749301436774406078413
48683616495670531748657024775920977492538082999053278669410857542974114994213
109367968415891844226326636541423153107769325921451020624413878243198629344050
88161339917805605897900062302599734921987740048824754662518781452827696410879
34345868514654150431203489667256747869202813252540077612477519163628764957738
102687060881687634978461702483055658892784659140169764146425648058771983651981
54662091013480354440456540106443762043241217882650684177499583971179514863231
35840973922098307588545729454640899684570156441828740134895445813416888142643
105922811728111428142082554866617772725740668671379734999673710108507897364325
27790560721788424643167387825098796987942276459766423437513699988020955398320
111316886833004773450067554961221864194347959515221524805648542184550296845919
49406877465794492506485771063946463246252534873100439230878319544027587566667
15895010473490403319399560460249967456542872649804610745504535057450571367254
27427428665976455207567519875826370079891388654410678274279903505413420297267
23338652107325286370767196243358851576883241872818455261085734341486529115121
16424181134430543028636886143345361416900506676180015602391346650985684792819
12817896013617385874574853572373611126084923022403582812034162195018281045092
90318240975402394845866087768474738512175851950482909439324494796321500746894
343202553021530713190544627632760058512997961904071794465848101764726360824
88868821773299536283922281353204905501792924877785808327338911545960001554019
81686066173387438466527258029174928921631166601135163654455081020671626204061
15709004555080536254634366824305652495316480982684142178259819841175185263897
8630449025100233094003727323416863268472067325145799888949570606605882347329
54794081858151549048358670683726755708648001259600628983121653261489292751459
5781565421587377647994915698170539645340559772230410984314706242475896856038
87832260443013042414248786450155126132811996740293911483232593495800432559559
62387912148300340314777985958670978733613134934046370487957558064581842293594
52340927556923546184769710850771796791308985104698756499122581818474936503399
87024389971020266766894537151336367788574870022829699927214340357547125994626
109808827529061190774141635111319132852786270798277937607651166823516017745958
22551028446934316828092127757798232108915924352768805338196908327463999062665
89944760702482287583031020098751334829187717073662041816690864763158230512659
33021011502139187158476549146572860602050697715625788098166565066445925893781
102536882842969564935780380814108472526137904584294514368992295963310940509912
51885004530892158496585743218797664359288221654594791322432822488774732804643
53054599475162076833211576850463965414697441302272301945643096342007833403026
35286228313650977945235203517500366195567596150350132736693515737112737164718
51411273269962763799133487203335861604338858195384858049774061588873013115547
62626183588959941905208681183999472790405100547725207364513698683674538451914
73313200180376270289148945910836385462422260208827207068145897906526454715843
17208780954678112290681337200670687240541720206998416497089554810592577044101
30754226081761198651823888016072147810191552775086044696870574792689676325187
28071612711254224741675587197389312211943530614087611480772690172621714632482
49673201113994744425157029496283143994235956925163715150673968257119685926412
16738374094268703723135561655273881858977974222352946936357767402202604648266
24915540612077165573128702246554809251852207509637673589499780794795679174871
61825919036901774813934284539159402980359622393801901518169550315165091200896
94084341792700531120492811924897637342112298133302057045011656245508265563812
59209231906180505910964783117212632708000936114607031270261709462075019869987
7617963147635353380566582140162118954696535531750636269797843562305111463700
96319308351339572872940108086102978252079702614432350088126684793462470309129
115331966999376017974157791035500385460343272885946790801299532321937977899630
93104430188782919097531240595732700359190914026280844358981599336102888169472
70233895887223858772443415592435626102555579448499034554807806236910167189425
65719009586682394298448586824851352348362151774764418972946720354628669804963
103566978481243614307977713412071857009778757417571653558056305987072061116513
34217936374179752356874791466461498592939292362386350133683273097594327906059
35357978423061940533379014092267928616982845694515583309634044581124763070285
69351102957226504375233170187995091033872806769434307287628024512529631331557
29730281709294535755403822403193039610926287161501557017300406600851269270528
64359250474403492689857380293673889263357325367600216864224279774627187146792
41498154903265658076071533450801394872056578828688660935847760230703962666867
100565929444343460895282497049799988741059658049401875600832727795157807241600
65707856349405132683345875949035320310776701628148277755157053040411422438617
76986104504674860187742147105397427094400975311918206451204013609885709654792
14496408169953402692720170461379910352274857746984498319784383126954219174691
