69787404375747991773043903888510969312344844644629211499954911053253895390051
76790994854925949380072469801033232632112532322566181341853642017481254233573
24436386800060827476733478999950708604184209455317090473642035367260109050227
34067497448975228832517287765324696028001829058393051219246140172586262533888
52837619000183770358286838388724330209201636974738654018432160060752273824230
807680896908824072450241147899940649706520352384104335300178783814241166526
3112028556115940856294506717867327962472383047025787898919688578090997288606
36779271845121002811093432555287077914295393216001445359555189237394608533099
29255634748123804655718309459794840299122189953617565296350461783392611887882
41331944081259615781956454381418245495000672287387225785383730589825969370155
86190158415506003755974974707661890164797193667768702279649107008777026927513
17513338083769222320855486734179170765896242484522107015985343881966305491988
84836332780598711641869804409124992107451888327828279037279098299902921723512
29066451473194496608796300458482951237122213285599085950882859680884765577795
94304554992246234070023748158848121674506816622106695497708356985634521569315
109896481040021989597323877237421253936626191076746602589927399027515643252429
3937596111400198477138117062630177643831434803969191846979230446282881240328
24655415951236597779925000221936655091895927175443846950139068449831862400729
100346561854436737496065177606118361654319526859417978390407498718521310158663
218172289412129436998961206205385104948663626005274315567370482971830715439
16057740412867590976491701999518012456245508044516545861579158980697513259893
35330883917702386979527152651058117750289639370005361378070394824815334899094
71236059180094453349408719179651623415312395080327363564505139969838651606027
14721395467249182104089097116194415596042017500305481180783403373812636719532
109934718994246407626540092072367850554562424493022242975470990970340913761074
17249380381119908657594652923704845847344401062803593161438948070815966009271
90913637475928869665100866246392791826216560602115972149720786054895153045963
40582531560417308375345888280226851522805497945074561020012850731880135303478
100273312217795985518557538275291655468650192228147257465430871524460440303384
11347461732765298285135146770818677116307385711844501273230431567525078639909
107852569007417944464654166146385914693462129436674099835755321691317704779451
115701679369744147522577760976103628807508674918060993981656283153087315617914
69790888672411939918564583337188482573699876639769850384953356635357728709645
101965450996141138709372422309752501975150854995967768659945038393893236407259
64560001557089413977903862720240741302762038379071471829663061034243915676661
86930192901828240568749443930782133411450766117482928455036485605817237398248
50855811514882954678619536323776090470760670032966636876111492927801889392117
55522476088728447289718732274547088840682531022992499658414738660097589019661
25841358374601996602128897634886881728245423176484651382578567609467499887222
109464474698381836791960745456733214586761104869818577981714847823568438523102
14726122526399492426938556946699582719214590582641601732519708967332711369950
35451867174072637767399240866309374218497920453126518432220598019718691992867
11986158083986486239520266005501263817329174772788457093925694934520703714396
