12625179427394480358709568344239822614573967647581730648797622236701915419079
21419980266042638492135816392013379321647768113602985520761425217313450071809
91718322443403369469237787198090858556489169808854630896477847271833188774343
57897489154281432494591756960851463907298966731802335812552558491207068465116
92666875916051344639602373563917697450992099861075542188984875717576114325242
32171834099825888773379509784308607407914690539673899815049088385210521395235
106756932564249655153244242526402206486507387211643180919425800106252941797435
4288364973317477709298387541779884610986629274140152901760829945533188157810
77314438420238786550673838473440940427993209192157759651828620985414485528832
36889053266284987170603715940342788281969746088385141796277731080518923316863
105529907924228267715530204553597485057634119776757684666892499294745834018948
20203664500015158946730322806230108667990475726878018351714731708817427279003
77499190571134318259164819690894492991396578259665008856520801262764416677742
99990127832942850651052202617519229672668483290430280832313149143164537699650
82779334273054859451174285016700247338684033598394081257708545547837181976622
79801408186732257482411134383338608981738429895962338696187828064758995397083
47596962855906676297067912828667047159989067880184365081313191046971425620508
106870126175558307843222299854714405754471561139313687719201159176290307116285
68614176288359107073128170023248091210862618063400640013070838408462952782229
86268578090757058340524603589743531241416829092624463746058602336546482193588
106873695719315334791804062401795165923694911109880258330574858422820338377887
53048004807411453866162570779119931543930851395895353101058555506905566742074
71676529302676722811614960143242068796068594450677210609734570141675183318203
110050786180438244808014547261952155862527413340922517800242266959581339693245
113417605715835502602858022004934397832336481544022070065419175039574337990527
78293616104987868819085146552394705918152915899295905521663648999935770699328
48032939081223361627892434455907487119131529529856946975760033066466132246781
80813569555323251630986976974337299305622587263585102497145590073544856248856
35952693609071875789771798091313044827734657902992038269507664977568785712991
442293120506954541379941473217068275581012087787760995608282803086202129501
83546706176911363493856520166417698707605238207023348318951784709411450196509
70041319228260736140862298791300677033526362245469464211626920227893300737344
35960896238628493779141412057490624524552025140686774254343681161185723203386
34160051679403206587603000188055474543967198601732595512374962650368860639272
108130564401062343000445389505087452073228951639454389260477788271845295938205
22513847229017478893465785691388428211540268854401582422719109956505033488604
82930535973365027007652076910926330234391409373755654441512615358120502686725
48940377773671923144087671806750313711253859963622314363111437603591170256246
69953767428284558579125835785358098493367881282072474765280199240305608526765
40223645813183971113665230765186319999617410652202256994797809147486189974217
74552665272712402226429975001117280994878278758095251880922699391955084090227
39785945175003832883925361880870568596068008627678876760308362515168491437736
46929214520307842701142711689768267900964323982916421744014556371223255542079
110954542666227077121561208298167176364067799667845379116099023209341487359519
83856861089031806277010268328420235783789707703421194976266662526915890667888
34759648567270247245023265979537378308692392324162919255275582255556048652529
110749402284123898692264228921222229913930711300677786454754334744028674068024
56648578473549227424882638714947707335422619423794176758620986086902207763415
27282704956886627751708138150183021860708409812816049510709167270104565058910
25434575706443601166538089564021825329264042315888502433140010831619998639020
82444645144999446692750627138146434719739753415694427648760328759152170022622
87025841164482430249625808655894686030812904550156370733696214624675584670315
108651295761155278352993342695003422602388182189519617436874917442213627061223
113891698780678898844537523331617240030226920793807000816174252415524562406446
13816757965131322638897530393034234788957737822176936136621963297105320750382
97974610574437602136041337435299773966767719198531512365594301441279718483955
2149069669679170450248381594121794636401593164336801312366144078657884062271
21402290568524276320867656708831221249586303187053178710339134558078089884910
88768399273980023521779663061041060131433382736206901289343437108255617191451
34215701801185188773118032442024483155096221433300875313514474469660905823284
85489185181871186169019912668164410168593988253264557554005506438675703930766
68728351761290255942183289819617737974626765496399368569258886401070997838562
40241605377581380196370040708295486134449198684497546332111874653776355157878
16816710554003547345265730361172305792977443809406759961873839525905794741353
12254491614957107635585305302464846413115845108122465087409925589861426292210
93904424536112765677245233147861461186081719202855532365901052074411071521223
25986321225993584443811329414765067299802753551937855613150467181396331570991
82774416736312305324248528485942497294535734769447187433806655491481398561748
12088966557055924073385179317611858198102385846990816452449263819290248076898
93890249314267083229810173629403955583718946100251279613017288004050773251059
63758322511999817482944362415649503749316258028886011572952119298557574079884
21846789791717778298484474179970940671857820749320901585463944087767281020228
11958113516111517936881013898333382206943057189804325841171981812883904155616
67692121473510628443279221169283880872529684066512255434700712648104079885856
17461318315274402643869074641648681875808107122854062835964514699582477692807
88297063782261980064239062614468548867242323864845873906504977143262037881703
87949232639976762689225883362771150897182278455325482080489554767277380366840
13563120279464281007008924828742083556681357195716242544132264219445238293099
105490685834404221795437718770279614378491931224497664674090006623888615068433
43272828091167506359966404543292891107455031605698350238889489463962688250241
69780896287356185887540583498936944622382884240531868526228909790354770447235
15401371841884083056176723045717626314567076510229781256343068840633699683228
104577212708067266366563667985255187755798374774538316105701718332908709042987
7327227174801606925992323056236229722406447944791233381642975558009590012772
85085298103389107287611581977826627628888729962430439000086762924186911387553
106734425545850103835596181084048949981164156229349262454793799398892336116393
114269823823373571825103138593538954809071576371531845344589655873209184514739
101058890012189507636408435468369319986114258754135076963748305830127413013698
13375330878986616823158268726674695590974594876245686912586910587174886470383
113695084969276714774464759320908379429041028362704228104699656775957849452851
75359388973936530814742392627096277841261234803369521764873550402224168106376
57840847037524601306617617793620890304093042589543082410283040624578555111162
91880995428399747991758484662516793847213708135531898784031485240317895623305
60956905368089572175017465884953933671913930135617098842192553397118151345409
55496934743833481639649466740861261285518572198112004428110549628972666374487
8083419810122906533552433119971709552974291010416805018670911715562421405143
101691864185414682478037243534927554047734614656269201833085454932038218263818
12757319351739309652986205601585400840437655818235444569174021006068777511831
12229754846569461459686659954952612048509016055875445590687670398344064178379
95317949144351595008263667037151532509669680457616912690306541036058521209628
83899965151408842242720886164192950923877798027594603734327752307823255014741
13513093681053761077389138364874468462336922876567043942975937880737710960790
73557932209061797947645104081298218603772592836256688922213362764555315874722
3460036353758691494514520274332465805102301056394753866976148115031877650653
59165606788764006764431682174902330950147751276266376984296987194831209932899
7015289291617837483241130435688418497196153024710460564011344662558813461912
66205925492124872161954584225168671933368974974716182337120637150110636850476
50565172845211366000337932980711911095328980855470190123994797015150777007173
31746467570728268320105483925976364642132569084980177203696309772354942234719
17685199171319164112878880461160307137900707761398904771883513312210788268444
55402290419312524823547682039734487123790255777836561021242401819902900232123
16175539117647409780438778414984270783871329256838384505117215481056710688012
3785827622456465509654818941531805049670795489826424690613133112565591818581
56910437694961960206510489503771916647844396670084341730716978251728061907097
103245522138403420968439972964440629183262764183985783363726918544267100270217
6694356892563351773307294456654801427923008799210892304272161992903490192621
21896476159750538510093430490670881933249317578950123407066316831173554856096
51451042562351107604134586071905083758793192965001702328412869061608524795143
2740285364376299102276494402676463798777460923575358723578517878789783795976
8285745011181626756582663890763432291866867197550196884663248183553086605943
2665250100895079740373125442650338700569533420277778534459144748773308719753
13149857931337561378071802295188730735128996631656237026833258128471012115516
35755916683142329284117028092628740008469561776788512597612760766716682936598
