21169385341847887357249166605620349292221550526796978797257895066876602967112
12634825932026562566063907207779116664577294723909739585941096213583802728413
88619672999988293781077830113279496004449766523723434515490055748861153610853
5519866985363478671594038683695502637074597434652528033340379014778253624093
23494375881661221235102971640242218706153758274505237527722853615411815892991
103399465131917331352324798914409735086664545422778074805699332567433975213902
91627894367089988586000790036999465646892041112213560013032430170936892210117
16434362037648446141768882782403523259799530411131149774693884003676583736163
61480463170687528827964833667977719763157794851283162096669806632862604836898
74833094977104459466160780480542040246178812466112605006593502707207839516611
62218488341255285297851658692995550710185060771511431528039522474267847575269
37339339895410645187975483764554359939593526520353101821073295065477557245293
42618791407537369027778364646739360703118941220226838423569771708363599113288
35547381939130444397557866061619295110902104481162000269317116195765748023135
28495496691588319083703587775289940649824924132796267426069166158069996514122
28065921213229181434443432400352241593357195115236972802918070516621690977942
57327056526763235108293529663493422614986319544138026806237754009584571360883
8551225329060092127433733632777260230063135482965172045080658749662711934354
52514752615199270623727682494199316940666589098701777780817056912326373587829
96765969460528162010980076464279998270454459492146400656102819933394925535254
4198242885879068462765376950585610322142362795324732807453953566021434824303
43416391553037233789036046169742448373541004319006439734314586285908221627203
7460721110144068839536558698430102987213438262902941311504618595922546392163
30953663730980945041791411048375791199636763270226577198457014720874685153462
1710527762663452061578825983462125604577349632863627456643982531550577974347
106383084998751039787959821315481119756806625361266735790179451874036143843863
106098510900865440712015448872630161221973555681747634152830442969053986464255
73169878529868616799261343926766127656960517233950960663570706629888544951542
22324771281191372697516145041225703936143903797490467890895099723459558726809
91922067085039058291559106581875349127482388378078087556256711380930642265183
90594667218295970348018144717643994586450847373211226862752084098278992474172
80098809859687953797566923888572795867261814912130889679574908868934740295949
43539713339639229512118126089829715439120773877704857387693078170225700190856
86920737037135329171090383507838658500734801503142830815079326890213968547464
76707328304880146094960254619891337860367409605153180960144640988997907727823
35737608603494098489702095692012287364686620332140902406496737246607628359356
89937590589771274183401708233712762118480418644093495280913382578377898850324
89315073168957731028413734454574962713690645865907161421224995953366095382679
59623342801773949182105268668409950216859627759195358568765129384664521534578
8781819335529272422912434848950233720359093131107380760712494176870665202825
86060778433156830014884125808460879643866707586407841561465432132249758543500
36334343269302883268333419951765021686874167172224629791641075820852816709154
47909855611560357526885738180716824902872390621425767827038351601944129817033
82084378164339753753920582645309013877557704514388726220669263465319028528175
102527924222062236084263633053880001499027026863010575230642142496921479101613
106360137017400353984400052129102974700465055954385532252716550353968339722416
59928267112575612755082182122604873657334568219733165431211930035723570771187
16878469433903053955454624212587779059085867813389067372680845830313287489885
72081711406126138183434197514092153722507251032047055608298429014430046856755
105167185502938965880146006903158373124840460687292135178075605781965132927630
797682351126202537058864972324094650970061681627394475710983056561155212424
67084210100997018593801539820375533481299098522142419994779963482670263702144
42468016346201391758095417391302101578329253874221898986067861684219358327020
96529156077032186992156060273283269447446350387557237302513551444969669988943
13663958296902463991635479214858255363022762396174658314906964807657807709394
101121578047546122699212481847455032937199085676927821653932903782708581229044
57251621359132397732262066387165036166910035510545688292019053563548772768969
8960912863783593781627839059533907155505031837241927442604790059518844084025
37427133510270653282073719104571476426778111122868587772863314914525884901115
89342942156169296157039172674931411631464702492534008888268891087395697459023
37342881707277644954278736277783479553313761112249246360720668574134645231296
27499929208085483891953130332194662550900822647830765928037505457762563529063
27292525264734684363460328329544585072521615841526749597409588624190221855554
96973461701156308639856398315834199917336229271121812354652747758051001726384
63168474950444521560979719921408289259223445913382861315622382732413734072414
101868708546146215089866321423010849452968644208071449444328576904281894453773
54171678276880587930509665476078086842346532518151285809183790583080879467303
66111937213602473443275454330114592122077887038570858662948495303650343702236
89128663950644884935037573447832978505064863325615104730740316724581252887232
64940514396458522911442436246862956323824276405553592717961341957759259949777
97720543455905950334380424971653788532795702408572606689556517332067510281869
16151263695427494212602063418716152059860383798709835287335770634510454237774
40428826651855289585508256128844731844241185799645798771699295558997268135456
97223044578362972624863143127240230853204975817628126671553529810731482826043
45115718370578445387438907895826920380818008001343676837708477558948550338216
58357000363281752915333418005794242153905875354252815195281640340603888050346
14653874856294420841015338436407979400956395768214130546989388987887413338684
105968179629438898522287609906266165605092355284154144551551634273523157205622
90262525473243181432471390670152936481544959112566725242896147592616176438781
108362357779096126270579188111302370989103464354507393402636497232405656274090
1407665815221737989638250990294170697998522346263400873643007832660636592880
78693900400800029646437219865272005020893055446571114268679065109802861791036
102367258277445090552258902593015392876367788557515827502853107998606934455833
70329930437014021235592674425262451002065220657511899533222235475669253009479
59050217965988653117164859982145642021178534144771576634172113164986740282355
33531550191660936637549511708159036338062306265604861850258984970822861157435
68958156612378316095194333003380254857263644279044291501361050751825443647215
57715904122914128311376030016460353095025138582942723379649375020649936021860
45542440813092077230312036379520553290966759479091061023260138742040605920041
623373760350593372965831780886103349379102377095978810994948060644316108345
23130577151557106199174185191511262310679850418172232222288846610955825938452
64187126791572474264342789906349801855753889999195300949837969994559603920158
59548044374612393356862536395343209072167048286553574360949347001252973655637
23717488423652510725775131723365515364964061206302404704214295069868885401614
111130777086908923631978263100569211966270460851450148823006943696089764130575
21758303110593365445006259562815980624916380130121839073110847355435307442144
61675046959339361904503112963704532966305037107407750981614408835641233459593
109604245950182646298459608801399431149063419921875007220568163053481425481807
23856535251957766299588622637331352328885158630472830872582101911741255242195
111063529853690422132998418261265476735917083941014434918634057995738808156711
88356921588646440538484282533501120065633383707682566142122184370787616146035
26471306768983115355257510297318271511700547056647043728745568562676199913957
8489146767746931579654132285440018170677085311272851158222464707092200916927
2739265518673205561414850526855320235533019224447378524765180446108074008227
55704961439229960385014187444273739768187858860529778036058873046816226515911
88936182829851098237621291246468971239438660293677085083550305808110412654348
85474705747319510786157986171075470418160526879226892347302902996914430104437
16771472742633248441058473117904851388942705509942454543357837852907505965674
115552502197349077040010741242593097872723147642830853983556306863471233393465
15553253202876940276771893085610261488335937622113464883709619972245519860025
27470764136594617152797365444034575464339796814934201118396150054531271116423
52729796548882439786272217343247420722743302536253888760485794666843361159936
70362790942655208027960395493941357882477222599592248484383912843064433761666
13890963778640754694368495962286547065705129432830499823497759266348152631830
69678858048775743970401023528587650212319523098654916081515958442765697376845
115393716721499135770993984557918827866694876778637781505416126387397032870640
59311602570269963589090863075093037282150234926054858411587952096601993517435
60514931965427590226130420225563714570265660018402904245127575934691566899577
51659014617302600638791197494566771839558392870208780332012970750398558995382
1379569428269066025483571659944030159772986952409166713696347639111739831519
58165824661564523259665724766694198636630249871434289576385174558254298871013
40048942155158381765582509953805231234348120889771502967574583747155307408346
36918968648179168741679330372962505710646982694489354323208607455355750374977
32000120023095165853661621065243148590202025124237174207665373999382990836616
79210777619206412255509627823945309744971071177633541430824077312452852139059
101711992824682314717114771615886224424421531560930018559515918215799493898599
113042014504454727212987222299310284652525134487359794771388740723646717672982
97901126014110732348250901941341488291648650096203786563207483472855559443280
104814675194654313968229114619115883690688949613647803638254395083849368319849
43645785842799278512992226259540327716748655032218471902375813491193818249663
88773914716556904475335650354849405947477543821074078450736273069584016095751
55254306388224792458832773578439059515392565635722262149970152328655115943657
49024715822660858661150907096888490733272387372198772918887927461890783225050
62946653693911710682842393253767367840182562916884469251062089694875069037444
93852615709094922906414822696215179699001590859219899986703796369299464358316
7558530149998193779354358138081803615717775760366411702887047775518014365779
67313624142502991798505547850891101900084015952658266899960284573053393357186
101746251834118919605244737613912152956211260707677500508479852217743806797583
37683969473420675221041523525849622800361218204454528961340021310875614397162
37023925384247566904740007578007132385598208856009918141409523818015185855910
85303409283631473709595936592293417755117449963764206971273644542567446888973
41343736690314815151362395133139478470512543950385507720660859942385992523178
13760664434868749036357102036399961554719414673855809381808736384039100347327
1585266635089872908611455586710423348088288773199295822162530590888061299398
39603361285052848960836222644339807456653009184056246159566655253724620325764
10357931602354101968088764818789770635778639846242841950005887924497141491003
111845548755061577869058685327442160702516545620705745920712554692173436345464
96104016276131927681918984312088411486991529187584846724437987768486626531735
73619370299914625802761244847392755685540429840506495899864494121021105495539
22178180289540388598485124959586801494167368348387846027605752978755172080953
56409891648550928320700049411381231612216650817125538262846005812718307885422
44828305317455862132162903699500559855080139132981764007285272517225032505495
10069883108307935545159390802596943249155426952473898072062321638551023081627
16056088624291815715043763076944848800199917904168217562479533615658591359682
93833826593107115817313096646260163200678698241111571004928695903320434763222
44159134128134244718227669645083182224753953916513516721887070030315969244934
42515614639977660684318436881671099753242327943365458681475556520424282131142
15458866421734357056200901837474514498704157143753582583166233075108609754712
48181594476195390194882586900601194898711501611451699467658702778106917378221
21462372091404870925355157032426531014866182527165396967736459173838616081418
