36959484240662683685442172561323112394888848647536686844955127064850842086434
4876239933921737737505403721540614362830077810732464916593870020796601782945
68769009912748449182552697445731164217513081508973666015562796714145507883000
48480014960611164956088856528789367951747532035984095599383121211193900201627
72294370600009082154433183650234447059256130628249638526575212629881855652830
54613801017860581677933660639142941041495816882591992118417073477653907331082
38476330261294494463452277187030253534244232192503875255123544903552368803024
18517421324847165495868664673767493775188268015519514836491932994239030113272
108826645393965011049989924054263979054548415618902890873107504357596083939063
71387605161564226923737860729435472202512310341969977025263574638354832227681
