78540511823173933870276592422094310123982759698075075920152113630829825354016
71974793442177163448685985722427518742598557947985877092103857519966882365870
39586415063752815527357129597240492617020215390485565759392338462124345614805
32930682671922940744224849298074568584767758891095278088610864247859997514374
24476161693013036369447862394210306943613309667672232382382483970783819372952
40031920241927211303636640830835327008396323576403986477569689541078203731528
25267697581480198242436181677572875742564122171866002398683560687471108823472
93722929944264962849454822399823421468176611432210152670847678016091941032763
87921184821935015016286920937841608749311117925492342899958878454027737865123
31579200017440067714956406313121393919244654061761494838773974408224336823456
91119336231381894567452506141920679353329560179581311492361607708274617407039
61201204894931327541299421294174976087696656164768809481419072920542084800037
53144077645285646791236621857656488453528126698513825141107907570787568384249
35486406128258595435002129192711377392639684679085412754027489619646032133943
78096452127250407757547615784058612460529052845166706572155198216569514391284
38058343707341226331907533291065724069658765057484796326539968583509311158267
23876154670617850663917600498615480573025286328163526078275553586878463877690
12259281957787181758508217528746511075687498031620582506179486587508042859785
36143076586525686905054929042106018411160798817847695047829147178836889397697
62349923985694917288214344009884990576642639279184429952664173517153918528834
77430302868525331154668614912978771124365472036670305226875405881358761417346
58573174009856583910870514557565274959116705116926377397921875174993560883343
97368231722674341387371956190916827701437316912354364562010734024744203483024
88787528791961536918175579447013314977105682831903247329909116567830420147827
45113877868434975394272975771899521925459055727714709268949582035212867135859
109930338076188831153910666457827275080355172781288304095986216130064649475605
18521928095455430420646856338710611505830470524177560369836099913073573532167
18904617852589860995157991718409500655925147887679818804880156791671607529379
57219093293396030929431205962403035703835432016464517796902799521649610996398
96712784250822053332846898606256350131635105487415786013104709445617223008283
103296614813624840839031423177778141722871129761501405424091913523555200984943
76843871044503807874036360043499351891635096616829161993665546982253874480077
3184262231540088160851491414495880421222387328567051014266080008723037772449
26913922779665352391785102410011124735016029957611893370004921888149664638004
74488485627622228644274332071714100520406054377379050255663244284239215711586
93066194100713523654798864785071325611587453571151141736721070107969171763408
20063911594118807307087377262575065523383416458901134704517154157388877775590
22901744277464564012735149356268223592623179142670913322588919276689603463059
10239670564216114761060456720010261710403140055609579998077603605543495568386
68270620771931582393536582151357192715432065721320024417925466092108811510394
76425446465601566454378124218869741759559406693629382667550770879845416101113
72844834775544068415256970549074876510206110908948100408732678082908315725314
108338119006407906583776565617101832525257814400635542582360886458883671174453
22632592732698234834774613146817816716717776469771567270291603142934160658451
75096324960924892717514138516153348561795273232788329870810873410683584663459
56763096271105604975201564787899686192287645963857788836860189939177916628059
110420201960792359447718319285478569992823319404328816170367260295274791506958
84009481276179267014968710221206710228442581667428343829702074927476880982245
81233873372157511053081733992161076091187988680650469924421987442514645118781
111643740513008178269524078869515156310488896159555350644698286011246522913082
74733938378089281760643253255549367936544929914372416765733536599255215293874
101485025869971656583864912772186711167399198740904640048729388106442142466441
61202269518681013923093738893284102718559174839638563410409888218860167649776
112457402749134291411378266120278885831337158534755848745753522285516153884677
26578539354226330017984197030490486888059249733418684738653429833807837926234
57917567724824664803007320357198173954113352765455513119192490639930939086345
100261561861975355928377258891647049154990698168697780225557296576278903705008
16547890501506890332776144045099245439255528912821497550369878152492279916152
103721405744452315351347621409232497366511118432971273087569454017938928744040
333807472850617422909365497133769693923872398478533734967436565538426463205
114903956824335337702964245015662771071921723097278069811059873371990089770357
20287086046304019352419592948334697727223989578749620313564384780564855710030
28757476074009990110390834952933256015951917856372177882978769191393913430234
55772030639751280110046365358807415656841784425422256169120439583039872411557
60476925479048128110264058491750340028361493881349115023178061750356267090412
93240660111633436034599965133134443601421677759266162225285740928002576197114
27787775640446326928781476695914700363637403078041787769876574485067872580990
65333194175777107928832387439898936257946107002087042577747192155135313020168
46456879176670582276884851086294540269106031614407304788518081554570691323912
103885492755075377825676680236162643767823418444184354183050146741737025209158
93820209400519105643660893298830926124385232947392500292215574278080204181364
44288745281813429347598522640716794452546032283678647159609362694923841836984
72022326711168986938687121752604483477919581965737685791279904448501053629903
97025426056908905080295785109405624244761762054225651701420022063022869257818
18536172592891191490064198143328570183172146728476820418899760174784379140240
22610753945587258565497219252900097710068608568541457190654014429533926674195
109342603358271844298676655348173183583905363721512535408461323520854424013093
53817730800970722437117293869756292889146536255001702955654625266651699954309
90308517085010274866759756952969176592144185350288081999959912674464442348831
12666414801395377558828444280389554035337681205210675863947288042245198289090
70582614799977612738160917842503879516779662029341776110101884221752830743890
80947257905213171706960777984318072438176328228061421437899820091592532924131
80719261680656019203407236548191407432344261146453430886506973997081778189828
13912089104136550272477091717416712871974971503514196437626789588167913054079
60140466438887315474585388219129369982259326172653736265530964868599732358375
90312283532812442764488323153457659604657209620360331181171341868548206078427
77957325949076602784527516501601428074203307502858868998182077334968340065276
43764945985086519305482000660435124256247853413675208279446652903479909584144
80147403268956839832927742147607955878553320061334246202001078518452943353667
110032371887939949572130495823737161252075781370439559706600700648858549440025
91988239775986615087710255020064039143848244237677979641260640512687028593011
21036219825254827959360380617255746489482866258908133423124413706545862348382
100742937107599729782078162792779568729942931858864411415200559926989028973535
80111315574177527005611788000185353686076637439319966126278123153334870869879
70209820168503556868710858302398845984051497071931132253805378556148460863295
25655554682159164794556637780669446637382795320034763350125896896303143700304
58620794194271094759432617649789934522499327211066788570118619615112266820156
41442275697515598536673120850476694896474435162457774761449050978457453371685
58358613568103042259862165185365210075126604387126542229904804512647850823001
27541244889757916781310397522416805850137875442524169407742848326487082838493
81618019183414025944259009714602298828750498211158688323199413082210957738727
68336795537992319250486768308975739315693611398505067159489675765740390039718
89889164804971597523901014995911601653357276713362692147762347975654831101408
48938151797202326201628782727946030481743880091212990114625085340747153161867
9054421343559413537083497382793897409300387492384411135071361471520712051152
31865938555920471854935950119161448678642266490853187080685316027105745108048
99012207417503054628139329112127748670732456334254173291050082563285750298761
54556105670905095629978826669424505231893068280261002901448703484275787130317
15687709236226762233508476823000156866763888557614767835496412314499698684771
51165388617945817062179536840064937507233698502902555237297872111784439345495
109605249174367009543344606465436629879211718822946497956716056123648596467453
13646021974716826110378585421460506428765972953878199204481399724458585265025
66162484652431458251944529893871137520966830930830070883587444533903158706139
24933541960550135970116367361959961770488916253110323138948970784617482894247
85515251091942434929955486915651917932942954937172152392334705559579318510140
95359056468949956074405601808925679512041267814355899539770654554841202406786
98948535878127806899947141182866317377032417006289407688797320800434398474360
53449195022429453343997304587117944783124250883395638532655320367658401762019
36272366364494398956873214494382056585068375998769788553516191316352780184912
32101610789982229241841455739945073350605037893515876097845208225437607760546
48372982094832573724117512884818383530562540759515240688295431607892588370547
37654623951412604586520711225544067696964204695553454416806044301768275661542
6386613982127819935715294287607401125762123341537540643279025946040230323285
85679461668616577486811811598538007889173358014821688366398808119259053677535
43876022733372084481260783399297835919102959589231215942925356266888284205757
47441433185164889778498021650949082872965047214159888921892016246065604541107
12763426649005542867973351266647080923807759329895586330330244213249690900409
90600070087094637174172520885251440961288924726341096976576111478855934790932
84535798716743862582750155594754352349605803775807142224660366855425232963777
60975300202077359481731127805433849202560599713169164894819581193895194768831
27441549393580666721606637503325522022302411104098082415320901373263271378969
106618768856826547462069910806857086755424465391749957436156014075853090823300
5713554948354518235685367754852401262932896136162835724155502651095849113315
108200414314307253347515543759123529372389714488754840631813311672905653445917
60372374556936093906952309195033016559019306929742783455881119689158575398532
38016897277692059610698528308841006160821852499929770469527745844579433018513
105408008027551256970899753265461952690506223385800180103300875653850870235595
105512412523310084055341452402293549613418959900194390725786466448327913597818
73956271128893807547286972101962900487311026702790191250189903687178339428418
101736309091161945318195635048172996105081871974805242118410076877483442780396
67125758172276138025038108872816624699904342534811736545298804229028541106912
51429398828666059712777748023876523095599496511410304423010858935518373392452
50381678549010577375919500612932632093604275750640048459023053633473077767106
60571609034155771104127774012574104950234147493817679103010388027603870063671
67922444972409580329016118703427892506106191953141217176603225240329756098212
52799965768052227678011885297933469359384357834217115355137606440259058602281
109004864595609133588180289894342633038074581819472161919341082861467582799029
113846930694196784761559648879546550097800405671414867766427823338836446805571
100852898574494635122726235638137022876124145654482698292005406443222750080381
78547661567624174930444656520539163510825526394591593749137575775663683524591
72888173431429664852985094927700409555359929550606756170937519207836329666292
91535906609653850610324316690727568896771590226787828498615448569499945390164
21527567383797651560600911738439405560599221887594364305853299218804425535418
96420971841992397968201433563042876340250780461006134966553859567701055558915
63289968000267388797725088482969617318535571412001321239929107532776067712935
81199610711527606279036821415860336384890933327124665506477904841601519375751
31519835633073071826013773572172545862333410530133134681184952907371839866481
26515928543555382139359813458343799173721506135059290303694896905645273324886
108861947977076044866775569762044064373266096952359597254983342075509883484939
2713761985298567206582099983652054809058603229549352609795970503953884812463
17944620304632643173367121670736676415774863590588916768076418673020934426307
45344864469413267994676023930282323785371405681157314434330840829905295612816
71097422524383279879811224609915707291276667098643981782238223931763349594457
19568452088099738256567370356499776424173586131790236418057763628778454592424
22630780060320147270972518538280166333040196763780245738470305150555190046175
77523278728271729963699241248264134409044124893662584058890192672968786351290
58999106864686806716057010144929498778816224289965399751059643703120833992516
73609224588239647337443494065275870131350445694946836192831607874007363204696
59862985846622725872785676015020446078554933542050131382801133389207170848197
105195711165531022376785835442587935106907523590256630255182184376452815904949
55696197243932472237209612094743161331189559438158782958228371595175629331636
57071297270849022362424884139964918710164311466411671851546988440391189687459
89204735160159543842885125839992137758694269176805920174296134946837927796462
15617730801916166605645146829784966447398434611372514482618649650449973070466
43858103547451739201871874503949576771907220349384252232242294005516318101191
57949872147811878731104861303810922293779173141118003931541353340863825861186
74190446501628004297149724881925228622995543240594825077515395286166773192766
100249340946754654212695110550037045722601864383194259137308692042433914058247
94759438328829540774473024802877508714624426789746048429248984063450714477608
46620579580172497964466224436785676263698166625335099806093940581738081300825
55752833255477779377354687684730165755010674133279214418740067309454419955053
21605409050119241223511892219259116545641693879727869263634430077448089198438
58141773992294995897786096866636073669154278288683698135433010471296217509356
43491566738057477142509560192176304745477618589371364096056222623029037873966
74191628206462443266716796576155566415103913039413607780157948661266224319194
60720991769351562924301417825592360318582655163902188301126880937470121968236
49672111113193562367098828623466071006209657866506964815250574287265085052438
94880552604406341828771839030057829318994010550551825699567219542949471742613
16456577335864112008743895744644809852998289677431711177802958852151223019561
9004266851906521717689588417936813571108453172903611894494820894080971111203
78740800888565477707283138707618678563675693232743319400551970981697570450950
87499741176784864093835759926685447520483432177638861112953249298866229509625
71904509434929076130307477314500230927623282051265817856016525634828765966595
2387070604479481759639364791390798378858127550712581126707413116599664897841
27688710769586233348063775793478324738577762244841783767186026626337731953478
29922863813162960763564825367534315584866548882358920030773423296569598578043
63087379059944461346942069944048079489472614930052282594465787011439892044169
