67275138781799801449130579395658235172262026479963317440426867616568999400708
36514588723705005684217452206470975414939088570710919294226077751005458169378
51867003988542388607358246983840916634814543287081144382337241884944384861335
20981854929371823168638865895575754821381662478059302166785867396972370672947
59914463531519182410318261900937835331989170802804411481322954002480129826082
39486320063177631167537544060934118951282050854823845443406580783060910123409
97540901881671608270191645058590115404755157067086636756701115319946803473703
109399869567140492963856533087418069392024395882576327870556802044401745704474
64523205477635429045928232351619762711456868626321386273336922071282678484197
30828171393760845191637724905842738920885598143499851734880136661482637661964
100861511542102662081546327637555236991109344982335088588693758242428718098575
37676472886958106880035219604637987018085330809429309766637451591559286333877
48644919544000942670711919161585188181555320703327780252321873195906304913322
4857592587758369342567285876711280826154586024077694889543395884284544310061
23841315783087973057330038611323084254614894301618935351312272341706712121628
10808761282835335041347771981763754370406914970919485395127133900549531300480
74179238928465805490164177577516062045463709766445975400901980438415037782966
110684436880013779326832331860759465497624348271042569755301807073864421705764
105267456713184675642058711794883547198531615193016619071825863363330781924465
12870599307693531781356711946892826229742050878796925178033664447642683903981
536490785810605907941132958256216196262558975505113697885168102507333531831
68282644771343731122656995907323986358727571586344576164366266673404758362960
36949871811278111444546422937412209286952116138941987962694881933966244155922
30210925891046379064224081432835730709520983978334479518683825617893473522919
48898775033954124822478114763048444304907497857902239679595998187257854936473
91794803248827461094314350358831361245191519417439602197968695967847788821901
8372468138082953993541208574126122918763585177981848450680311670959125859885
97919505270411618051030932514213340942854276048421761725669823401932820801063
115532270459875441800099998686766607586076781432926100607089530773333548231993
50768802171776739720299456225484702113378900546024089426520554910545527785531
101963430994649809802765973081637190100259749701553475211491083562509530810342
48403417667668222284763625327501421241728259357828506910929246875593849174689
60192664374455720872568833425194521459686061233012064047558864176853709065986
101725673194820971242749172058306009960322197887603715016311825142985918607054
29861859151562530731528487927310982074052709533923298846600755018083817538218
101736973027320852801959917498605635172423648144648394961664984328116272067973
42208438321622117961870728759041236371080004341867715193306079150495715496834
91955742988413108442389089434795492254500386647185693559155371884595391120756
10536284528642463895317139301669698904157968997712031816436139192072376783134
88661004779506636966886956536155845729533151755918264781772564746409035080315
51579139250730865296939086097187488908748385395290905413000907552805927742936
73285610785020419034792294783921043062329577149507908927454215799152264973127
67011782937090160489336047128408412088319609978098572800497520758191049082757
115451480109350080446942957215999241589605367884605813930169914907625432558147
55746986820889650769068939999964086906839925390378126534790019817904090442417
66720323698460790129061803228119040469946665650631646335512581448867510943023
100506323683440429778725456364771344273817826266897791117554116427001818583891
104614742396934913007272319245035567087818563996378790378440603578688793656581
47304941824825624125673562296336598843915760713777760069662607836669868052076
51521953218384193432384797842001845548036771835649972659642911440354765523635
71589922442689616609020006769370173924356753694178337121882986026998174467709
26202079318740859622038372759686027321202126549422661200977374102871542056751
24422223271403575863153768419571295721752088180423141139940726521806975559754
20780066898534843985023699807767171813922306108765108120510552659220723638804
85338820725004548854494369703583001597082418848361583996007539563067304829322
29669748646944300664976671115618193794546005338216958769757937770885446205174
103726308576126503643201675164304095306574669428958355001769908925234578986448
50416370829888358723554143616132592978848227537677563652545325663810067677869
32622953082918286480826476792416319007212147073710126513002898371866879598832
89738674516862917069591130708691252778177516931309437163021482125757097874281
91823741894595695886932915987373141233041184305951510989666965821227912758036
58801222142939311389787601251489918449314551860216530922131758040113268858722
33173883153598525668091076606736078564010647703991398148301965858085054007261
35847058610749362264075182908462892599048598912780999315040131287906122581040
3892705061691515691955273388321059533955045771354615050566039191720147973627
40762229994751356407607424045396890314807105524198109985866388988630138235875
69048678489017620372618497746124474094819403276919328903756209361215815201823
