57870032536218214609171072993301337988828800715440115312429009094973608143545
31320785313651021529997587153417550737664037883032821205529514646523227384676
85828645797383306017449369442616766111521302187190014390489416541819780019340
19133518881429487143748844307395351783176905953487551269251953001533239161895
32641565387960869227196944397279841071065576145150832568570261734933994935283
108319489313302140582407805958917239731616485091529579018679982944229470384469
48369247742813233509346977403594286072485886561043196184922519386651249065218
35454708300534662985275873579350086279482379071535101168844214780013194589424
95897782212182212423587303464564819432527493917568718839390831874392960662293
106071967743128771963022431006256149891320432261133340327552652708675167108533
58697075527018680053594989799878660166026062016367983804034187006803468735165
93770275106488756084683686932523325194215770948605190180564507534094901148017
89970958319034472522826211069560542880235606220467155351972166656182923770198
113686860195362991402979758509827791057343191673041626542635218354977784575062
2387583055273300734498554959370897899018291009830257183841905840120956908342
73255834561482936389299338301153557883100961195010712112316118643403657796572
98917850065649343460309738406146933356661877269596583025061046741257114411227
108024214056819614603564657469194736224322243324475873615168247203756059559742
69632582195812280076068273545115842609128631656712431028212812057395390649873
65762579136339871904790795631672768833511529752749098848638058607568696938760
58231477074615207771220600671003413744846859068823272122876556428749599102944
103153231184645146509290864881781320622397403048120790722648942715663387771181
34333072596605008729171837569383968202958372098982527516925425204906625282830
91077786216491997364489529344493731026752144993526600149835364267069609075895
98289948170437163919285348642629776616802303708716323406344818305330536922729
94439036113314735037222081804569887289301330938491799323533348208218909376625
41825310763331690973070562688436030088508380882372275797879522656673899521547
51433983090093428654629489842206543013842060661738603066543803918816842687554
71159537225642135995897652280673538262320409934980307887391914956288367835697
31362622792120492426810920479817443660245762953040691253109299650657254688884
92106911649666819680087300614316165001387523909539315140282905980244202863043
58048486569150905713709615007250050637291203627533498772836818063248685107333
16477582556755472248996262124004469579651536870869240055799118124161350304970
6840199068861057337475973666028042992717247967039601525958908978416705046599
18392688262781167728282962153090504750056871509508805074907818697497211135994
26135893408885737728073714923263865282769647486914113525005735765285377212240
57857842589897729657031144066962001405691232830622544798523850843669328757766
14682282063930788235369889213904494686836568447100213311684319183221935975601
36969217686450349424353808950010029371862621974353112989108233367651955296837
55956704938761641013720947410820088455238306989371033491320844434366595090820
9493655772839934189005092483226305991456700118046311764925657488058303430974
111156932536156844043317643010652305881850953137864223791963981219387758773500
107866906116167838149192566452986414836084781692673844005417633114775669084522
77969433504218660041292290817939119506510418302297598306662128216196169937258
35359139037029010190924272523770461660342138600793424577985691977447210789506
50853637833609887696526914800148329765088829591702630066285296508512976892043
51915715464007990408815183846155932339877866368931931877421172180449713937627
64428529403913861365690192865105893563825577175091352453455192137062003216454
16640492685967103573804515594631907624377753721053300591771742816506062949996
59136340767375108511781502620402102838904283946378874414382598660279701248402
31154951435611450719830110761703168761367161666246991239116174349037329320212
105549173815724235325441339289799675126237604084596175856721113836861170069235
40934761118674901062578674831437999416830282425249039375501178763434287304544
39983097504375924055567940753046921447657245086929628288685525432644910867199
38789528695857670244701176353537116402647424906153036530813742447586479448637
110302609133429249688440971091542483574860829423494566575760790126762648131251
52818887360308530428770523594664037955448234635047640073191667529316260423224
57486952635977463964740754254913708491871089206176456350090789550937359724682
75947287100518883677025729442529971430492607256769441243656487596886319762135
83049016599522866650719161711652014276103767411229307862687357905549445972427
90881873380845230909949959112966519329686169176079786595669481787317253029273
37476971738602157283651515555817132137609846452315567501592492173425459935126
34783840109740344341304956007582337090331925420531886778995904198164457647021
27830610337664414581164144306397451441872691668093193133048802778274412856535
107761563382862049727406210734942922059314361116502926629970615032726111984704
72182866683720740721301985161320041761013767185513029950299130597155157899226
42589854406923145698259156677971284167998208724757739635920086722834971934944
112112404773462298682757695339744029465925942067700716983970068554344080573357
79743710444801041780444355274649632213904302568173350091347461211757883352982
53126619916466980178734667839500963679287810072703979480413736409937832311699
107135553866044316573064027684018394298149089176080068795151903512121848647413
81976941539034687271778020613545559019407908594667058045290619320458832803390
92580893585331215859481776889555307358707805539184564514459089995622981969590
77294730891413629972927496905623523899060261859043218380832503319333277469929
31067581725913073460199886090851646808339300309641951577043562376262785725758
66680637629744983476137765218606082074141135291126026734713577349680447378102
76847812190873456253922563751641646793656039050607762865708410187514208737087
17963195373480849736948660237843426090086980397764080476942850665052972116403
65073651720358276088996802091890680646046503955865192852459235892218319947744
100214361177770302346553876400107768056987251020502982899115301650702152119979
84919352804938250189775945129101086900521781625095570325395606293891693530156
99835214976048538848113385563025877765766494501785689065039399233122587134787
65797733415600894045459578410407650750640844233158413146905591318121208216464
97083808574667890143700096438690731173632988251424228320250835730088819318839
58059981158092688926274100820098409574717107901825356459420391810266064274448
27717522128082384967432931008276509910977245572018168494762147620084887852633
11178452349482165815579829377646459545030623320820687511858717759748098525367
23072692269603600328785906015354718745593281289024171716722268528822900319968
93989221026458183174583774059317897503210115741755024222155051860064453613667
69305639171593389017102482318850940634323406923669652234159532540387634148428
73036653671815321441316967947356803886148667502577664468150193992209400608059
19616670885365541391065529334143490200926002972448588680487840885040271180756
48989765698503240960237176454456332275483661404291286191023369963060774595446
78338851902019431064454650705611198199043239849629761978785856120287823325167
104319756197789805861779940476546412506420054909444254233587206154373932590815
51961104424360483797820565891044850247175684766520027649053624111449017946958
95924013003676794738013036171178405490783300061713788967415469551905456087631
10659429126068503447783665210989245391833706730604001792226611723237190015742
101789419301008789465979018805974417269643959136249595833340961259670433131043
82737982067261552183368893148012427706432417700113212812374404344395304090211
21636790504641441305014399275986060229581215523863001036549129275096000454121
11374190670752054913082489655486843503398528299972898306405055359900429948874
82764354304995192449149043834886198223484924018309445198655264132217144457537
45119190851476342592668688131867589413780578631957417854778542872516755989978
92476795446469187145796670876447158366846229783776792964147264922500234336647
95755752956341050433016968644537494401398315393172335260762750340367256569339
28796833194743867061276900340710724697113373338164071962560799240645996956149
20381984020218721583517748927523271090740445042559125931809651590618269965569
80457523579330668732687275208956840293505508853179072285532000559072565720471
44962220313902927129341364871163842794218246279490417800238206625288571737855
105450149419879746425655416690493140708720640224574958379704947294081065095650
98159548005045865868936764161073858329720152583935109067657141759197518635862
32366624634899136728999146872788038321299686824402347399357759731724181204469
76370179604771161249213512370866417533451568714054193140260519083648589730332
46132796950578265575463722336863843026517492969962087086879863669314487020011
46609869147560132844922795520465514152833340439304048661495793630780930361376
41701803989947407529715603591784125631037953240393092600368872059622399625479
50139126971289998893152397472980967262050895750759805617059625474946331071932
79135191422703073163318745978035935904205662552008010210722468001593489922020
54463480116583455290342833901624184434005565687060004051836822104651723668404
63525539518317416550068963200868974405999098654066172468811720789882880964105
71966525614682474592083926891950885752283277301353651646571955379980208086908
69965188181344808478174943243676611379875683286032886227816360149440727237936
12839648346001636104451764957291862719491515717814029393591063656721460286070
100744510353917873326445798611858774364490903332569746325473438357158403881428
60124900686556082207813083841399990994633200003637788573671713746809613928971
9380820176735489914517782549908268526902026790491157860248080677428885363993
47162633930809827889120096213859624770921263495295033651085518414203844359425
82260528399884847585675606651324332065611514579996293161812656418439291480767
54715837802507425596703072278688702655758256250382220444240087442654964144953
39948964671341923827514214851065640485055628992877553098451305892087366930537
109038006631743070773263401431868221041819543064223794794708068373708229235433
2082128195270261675288887977604221564006851732520383099281761130240701792456
32391700987914529763396219058946011323793368565816780052826505134683079790257
