93054606537786957888378111965945735948551263662314015329798251795627225956068
6743398760234364275425448172169914799532841759386895966879451346559450643297
109717332025732723602166545518624146553018530871752000014581994971938924416479
70424983724116167853223432088063100110501233953955044550608095033635908011407
65381004488850599494691396519845442882133095900750816080920878577645535314493
7642508702925152367882986436776004923118910850989712288261615191211032944462
34684373656465681455835882275061499545228272488973473313339261455555172735517
104403318251104292154941399458990073908328877702748006998134186516462301951937
108005345349420921180869356278245809015371976425387959630779394254106206914857
21050398168775837397236302954818270378043125027932011213936701943216477802147
98457885313016095203384152306375777017480703595131498973186111777562105835229
7845792740114810157039745243004419817092724605044956060647241130778547503806
38230986118733201376872368528465059756053773413095065172790939112299827522541
66495485790798156820796758584425868666642561794122342475947397018719575608454
90060496094160528700984063338948363854524848684861717662795264673488311452374
39545139728098055746042079946409327624255476732184779250777725025371364397728
18567486389875899437677056596572376761755013985155348297077609425136597435605
101346283294888127436990958735830986293483368150514071702702098166333348156774
94658884524236174902617095814931710565597929558763799562279301693504242094464
69874508974573009622635755119192360625795718355287792912006392903710195788629
94987914261047976370854642929598309884411983337799254718543733447021264216343
37281557378649394892247317433446779997149457946317947770004583097249360874503
99269728207823741610566109811755509624016474871567944072057783491055611729298
79236169003566627196545108782780340623681574109386249025100968068218991158098
93444291928807636387934605877781973930628095456856457557518165710010574739465
102957158833266027508937371765957169579897736819116683113548700237023227722046
108198710800241606253969371752461890652859390815957197374889514324696113780060
72725601844552007016781977674588468296660552701669002413032558839956751201573
70330469478747728075935171278662983911796864526716418745999268770149153990057
37614788720574027716875250288459678136001734857385987424747797475578808488009
97451601810534399514428616974315842397470106896677298977401321779150543320714
64879736489358866346372892784355947818743814288373934930513625325764439462665
39757774186942538463099108056631542776127815501244045794972993005520600150697
54724241905802593165846276457880934256688894646791476330672300287329060853348
71303481463744331133734985117621120155264351610309572587359620860649886139318
6900221960708370285922307270722878810609917385069869855445855329966403560656
6247014447196166542912928099294126934548710038142590689609606153594890989253
