7429576554784576057795171244255352478990895281344625471302157472988500617834
5761454356223671316789449195697847142148188073158585380381349349333323211761
3998550618104090090215970056568704364090161479643189304393625598324873749201
12892601447400726188566031761813206026275486192298290883694576828677172610417
82843411579571120173247747228444069191991842221004582230902787855407350037527
112417002959327922958891974393615382100530087682066614622503867532403335352402
70524672301830826875239071947550153539528632866241576092108495941821254802399
98549273765029083091864152201004443975949763619571271810704833781958227972102
70471182788319374817255701090891061794661512486815804843156250495776976684796
111043485197980535471787617524298628809959301796797880994491373228149490962984
35233632135977750401368184535374581940052536424205039668990479439055017991874
100936656925094272230905545227034482953738837842002483151726287655096343694793
114622447205025196792392397185099456585421334310245767233070283635224222116764
15730555465921363979892736412246756296356149001965421830465165712293840061712
61482703672472808867836406908409572453461230845692906390176626344654677010419
36077287873893327907400718766110840728050595669666410550823476014755764210647
95451267877109080806134897758429308898869939959466083414507365222066435186141
80185288408969533171755700600415378639574112365558094292291333148120934784526
93492876372587901905096553778340716070966198928703671066192344620793204744396
62351747456234424876838802698364486341459084479789502976374580390431277402949
16476938547299646244787462124500621674011657934338997940207141535704831617440
69124794892442239879240120233370468067914704463106806557273963330374675764637
68466291212557460022657644512618930754374790489111172662769432296985522286508
103877169963470881554028352648308328121008127537175924748964056525335752522038
89206008633251034346828962570217154203098090844252125731772637931218132334262
99626630129238168046877174911842856241990390369150913677954713715249432464331
40066244854421143707255850887774487409966350693826725362322592043336523578734
52231021771267142144763812115160882912963079214163717017295546869777886468252
112230006088264972155831117467096054552403487801704595622284957066519309997943
37493206971314009965487441956317105187912548502954819119648296999075466150249
31587346413912236269743884355743097667632642940471956543162579586623892158488
17054694179298688779167402301573059206842120419726902756307811858780868871064
3388500709715497144760487024123452096840010245115722262250215303916610498478
108077281960919467832514191810237440975031338924175142347111224220087648020209
37564697988928405694909023374267933374284326472547576783482914207097776542332
72124731777394265691482845095630388971683816080039287607692834868245985540707
88969003472065955675974583047972445214583217706713388601572687687519246457287
13068753023659847807180773808678565990974366982388825907426415700416250981118
2962767116415001777350538688636643144304177071151887143505954816847536231934
