56788525519369115919958596006571341854784052897982286421035394883224647243938
23586947519920108442566210982861498808255467853269055810189284207884778472326
104882402150037041982962076981739694685247573500172580531169369142931927414495
24655574621124171119556472956716770038973227562605283649518391216609072379609
75640193293876462631592174557377782926125463404693257501669309407005243164524
603211305922012391719279563204638887147015949299442447964036976456262502626
63536139999759102736209560899114758308087861454647413869390847538728045147172
1334343832537358393268406683341793568172517633664793028763415326438893835072
92123588893027577021642584326003220737035760803897262864458984877625236505187
20588793442246423072495481546130318104793248605448320855075501503251512354583
28738359205005989141354036680808632492130864533033729526827664063050071869628
100667423052012114466789495026969724033554911187618576882824574068805738565241
20831925398685838937957543060014371469336028191009338385875810901369461739624
72570951920923498545212202522531463003867600889519342308006862998069147202234
60035449403496382701231022472231299106997570360736313866152049408247209646529
73099454249195158129112412950507109510813408166483239229012509556053116437396
72305214320159483681942968349754991036928753352588125131812507851918054050538
52991858288771540904102659835090782214030725355194094227972897219793520078485
11829250221336011985607829287785559494195467921047791122220265994266575640247
35816102783629623802101486627797291233628063232792705931923527060863378261207
98185871988303819137546666355125425078216207207902069875225914639448519501293
53526167094023064252886118764788236259210884608124883372516512002576953176295
16347119073769354287727637372407196588812073798494750260455980739824650478150
60171778455389304106027082769272621815973067157328171899150735959117931409601
87319403438197317604219593239448495315159237069400045208936824253299672256483
24016057094347961212759968561398558083771553157084702928357763417952570775789
108968326826493592383648606460354671356141839939458725924263098019879030612310
91474301962200903267229160528951264977807244790319141706494524596694308394654
51262682669655196215624585699663428617167296210094607484236379207277421118932
3582041424917528665462033899833455271531069624642808806952200277973817594095
98296585935276718555312414393276266389451158814342147295139262955615560162336
26207964477241042561515131871760016800974787981562627408951180202749317684560
7949426246142967494703822285557113346841236019180055103308486948748900986740
101159450890978261233133668372270257873357976067409276442649487299740569337411
53898462239371600633451703032588760464148179791206577937299493116079774446122
99622126352863557037576484582825395494287793716756530436260062578783565217612
22429802132425920625738424030951793062173886171486187744585417580243332535216
65218791081703074120147412177815210022523898554516988104235121954493982670002
67845535179323547204159839526680660208416040868482987058012985401147067443755
57815418439454832614690376191038991833246201045754932893787712322265683528743
50688584136244712578334587212741655844927572834195591110642187090198652459436
97404830968293743143573984865793960975662110480120291695774298700349882055922
28930611300889787264449647630478447615737868452763212274752026040218551205011
18765477394626560556714924406427350048900500316744878741657599477241179077539
4566255782057013188005394591367434388464845422016057743587209500252600972948
105764665293467834270467897792890217128888630820119878594358645842754401270913
22295612090595640938653115729861743199839350632373852791482206541601205775659
21323943782596259318788997004336739361539785253975846385000708697581709807395
5247842322777832255779485696982195310150340640883503254925120991694238500292
56658004167389125272438084032365560917708792931461728804129663342044158428587
15856213670434603873622601261928452167950327422580962204417040079568282911444
101364546279735894125559547635866030976622564623302972632458768850351128236912
94349701294578347389264579629023452426042852443523769299495448107823521004799
36349276431410516646523979380202819255497280517157865160860787512898400019575
69943937356078084704469596933622442121788200032274535335421386173092013486173
67829043466942120175634938900122408813263402030814084250376069499002636385894
75404999493084836214618880905533838555557583357374399466924548636600559355302
1735958496902361035253393092118961204679617798927972388679100842583293054940
43970848040609826197085710013411962929838664862889158692679982397639546909922
42579803783037128649295056588042823049261643694313112495684700217212297715646
97782301475586821464693787176653068206788514980442719340804498872808662829173
69161063849650613979107882790364834164729718924281238762547703229732736168545
82676771567700580965383762343321687002755711977287220538328853105514706535530
108827473464099332336790278538866463792216271536874447926207271204331680714005
97964344415176366975619753704217926061036644996990552847338457709437444946409
88107465920760523777755377135625077283743340532103242994860885761658536037827
104499716462056918810928125748641234614408383289515116431773781595627554060111
45556211783297052993027330833271508787220394196443470954122535767834164813585
41717964878911114693196193720274316014116940789958629166406133385045708414366
37131974684413829525054605255340080412538210346330659410484757738687818503893
47992825796686175649362679454323426548580371799095255339080506344566664702119
422550569273759416254032166662935892349090235734297881052352879262437497516
56809049147479953069810655388498858209803990068241860234190736208739592620796
88961885283657031278609010926617548471153476214467783563277563094817530637560
108974825588827530018646365325189794572537534925285338472671750706601256808028
73676202893916928914084129586418209495967937439915663636070503728076744671734
17712985459576832970900697633163646512412978502816965184408551084569950924393
35848539487950904991635738457956808086440591807664336833144260815452470212305
101754180430683435308301331935012330368413342270658679320814540888069475781416
47824763766245446626185309703998700719663976306735784450728207962025386788036
105260505453232619824805086974133985305429250627545724991669034789359045422732
53110885741804584185632451463766577800919110245741959088891953692748412313178
57012601148929728700721440849246070716526402350189268826424794757454964422015
40246551010759907189046751144672154856913600829570917075916689302937471191087
51099900581209052620170656934508996597250231550039112130687306532067744066124
67530577509707684408377124395959307874095567051681217920146667924970022626064
59194438377073991995572995272475565601504778315858946877708601490512427263427
29956865738098431830001466761460667189037199024242587488973400173016742033622
16474930742326129379528140952875852120911465744892621634729640108318347766063
63839271388224889173628195338337805766290937538512358094987101281357766052448
101648134674680578264708047523099222227875594121727451076190655928783069676059
86363277890291837876824184497994568829852536338902451125232266688156309370076
111537799391216809243617556953083684007327956236107650268512211275246283070697
82798583741926872818644812856037846482028656966827527711623921531462150812016
52632175394197271083979888668518349145866048861545375751155627362780215762085
78830930563429795131342879054294414729781435719720964992627641606154510035334
39464623858093696116172595595489979789096444745868233109367490466460486207452
38942767713376422047666173944383755507788492659867415806263140636296133711179
68544129067551109804150322833846760234563614929300478057124070223782153221559
41831045606609890186332123123638516741976836296679359177395859556677771016344
86346832606318787167839130749249103681055422756007694258330596439119437194285
94818607126820478425200271528181875055018542981521361337159656078658853685351
53413538314599410564927275965987327272588820854158972833554151030608729629269
99485085167609445321295231978552203770857965552660074592844493869392989919368
78547438957469551178637401974391264292176211733155073208901527990259960929244
36426145163194294294069488408079742231458690328737216559778879736612570690928
56893251033115715410883844097554642600247872894389003183521283571940478712806
74370019450713716868506348096712536586386205138494148796292858679411121245737
103098074018700687792845632040057489897533176879650253438217173101607357228973
9115981072276362686586833658531618936071780454475256087799047660487075902428
90778195428502782787252109526112336429859423898261051312059725458812163879112
10097175981190999897929065476613303178428965851878775224941302669176277026337
37966092280798102678900032301595069598950911161064538427956477462929723171288
82863693387312931914788078979058992519096216891624897104695418704902819317287
7382234580317477199664248995729275573753690931429661587248503586598027180174
30665510474242531207617359671719937404007298645011802191199710185766840299249
28309924649012840405691612084018577031272548141311994539668608744498105884177
84648094899867781541762306181257720347866528588367444226693153241898297108241
54541303621854222372018465709212377745249253035959844000200445881270099816895
114871900248765286930474699878460483199248326586768929543951921941336924121438
66429375648952910257992893130645121354493896664453370386971240512559969662856
46100443197430016771121823785237205161317179828824640393207630176264106297991
47535643768529261123611368416818769667823809052291750596922928210189136189246
110836290837002955500662637997713468679878541207307831902043200669737917290331
44013153144582130989959627031813773323457296587423987086436214387703595241049
37124069727881140546345709722487488181386841706990159206726108167553640439285
108652715608232739123299468661208315900943787446895731930175250477422968234418
21643601969345770044151933286256174983249763549364870260084347284596261635538
19780662615635767057703069950807482759747063910265148047134469021867601818619
113183116192545301992051481550800911297404445083110253224224723723764602384812
60055985206567072540266442371744638740058713401876908696456191475302002493365
61894965247036543299550226126301604727362688696063288108592126135709059721581
24208264273885351577500333718577775141603651031579105177830796545600986267298
32813545587590222875420805994077716664217412852654218348987169920424303820294
69085079294045515963783672497084151279159692588134233164292645969143505571038
55827259541728702353944990718684572020175794586352242725112416010155743349630
90768630947859182991627306026327778296193380824556805344676614378025807912405
27469523237658603226681341295120546351150851069088509017182364832008172723954
46487725998717029325501060755168029053426988577780636727911930568319899788712
13245938841089960946062282159443410171752884394462540541782212571187758438527
27733089941075631485249871413143298445914302568093870475528433150885595339112
79440023741732704639544888392093556789974589946157328945231648987864656816676
72123271814312696664188737799593251299795525793675370534636102158522636462245
68456999240185867414218679761245384217165541703778995146049552666354866183868
8013278155904537710338636168929450104658719679910662153880501266649685649405
28172066540233706374829065327570062719656851368989105751099708414350538891877
109603224497815292866313634169112650265570427623685843131678068669444772576185
59465325140779670508839393073489300797546693156888631159961328716732669095072
94993054965206444974450746090668710153101723239047733556689637527714440577043
12654784401644955890074560241078013878040334945508408005290492092620783985239
59426903267574212922038330520479029528929712883703046821890557479746513612656
69524860973662186576530372355773437164776862529885717353517669443647686550549
48693921970450642877412453168607397464404983024567340993647121047815110878832
29244647009413068412662690538974967727002147253555333747385531335309784528555
57957737436596340153420687592897372228457949621963157273666901852348713875986
69546827431523988529941376112501493653766759214748136527792446544441554586195
15708250048351869734224688370173835656887715681723199664613807500959083045483
86786738004360532381546350352055748425370959228782661331414510268724764876224
28170832225221193648189235038079948252300300675541318395324170452884063397946
52492408647977943515439786705557954579251077498981846911792740331143461974593
84200049761668277401792122420339817362002231235682495599993758295791750242878
93112640062648388371339203496243303382004621762892153123614762267681776293039
62842426164708041497042698473114809998634728253659884373676182562828017808387
19716008360201843591620325006601353387125667570595817035857922042036020344608
2869131146154991179840990880080010131674160068420324447472103167041970843920
98825947964193127528097749871388018930675137538206133080494189535520931276444
67275287067302329213783102090296490531368082278024497054526924957638716104242
74519005761978001950512634316192491867723465946097307848528428862684382051013
85105282851624519765861548579449342909776970983624948659049890747280209831924
23013804679149756282291142364279047570233072377977312456276728224575727690287
76790841986417130191147991671393211400325306786517363678277779747105763658096
73587480406269673326279005702120840409827179282738525864801446790803842641937
30687258541823861844315025790079206762891090782006496878105331369908103106607
28639908569083454969100420900988625999213700742930094573189736366624693810673
