38668649378522710042274205525653072004878055584146595634487085707086088621254
75769980162122171630403012643507252457871557295699865520407816370516394648613
60075242525780010064194617995872539361843655144431068669888960152403993417095
22177736281259338746663374956048653938149894726693804469942488245624269540087
8366059415145927209828501910978434632156228857406456665523859986578853087949
50494536277182366136801142601465560921391239375789017555482488400493965577495
113628666555039419917863779183522656559602105113096238224198683805378370358717
18164517635289339573302384719157221239940047191680947965988427294869828305009
56371004728777151198947516516569866477653883057544858841984310426483846438216
62492639855249480517687495457514524705867501601257975065974060322136263099463
62884008392820301908518606259474605919173432906434917346086630333025130739423
61273063856273762940068672666548521544302902605712249468053267013788146693159
28741474289875099504612129277678170859422072626773166720360198667985601990177
58892805813975369807151250262789418930312157390294226753749171775812344006388
69599598907322885194489665746678744733811488986855887515391194875430607425720
25872379076230396991282254286072040141816321654081621187015351409513846811690
2263383295875288964940430826832728789534836920040283203731303928189689439307
13928743207940467527590029453658212925991064729241241592999268963490822511807
43930033366977956750898069274566308283257440265543093140081302602219949722382
48451223995501907391408433760753534861065859125583034610009172501026226375991
23077010445763165184656062364140036982809275080972259413628800948957111943773
62154001046897364450306772971567053105826299468118734048924493760153472974175
38293064108295892586979051298653051627310660602608470197424668620360934704486
60994875519231731808225601894260869664060761386400149918965206678622305677602
23434202710195185480699818720070301799781080892696070383047452288677362710827
111566571544882693546865948240375154024186507385044455965895418194277008461615
20533103390511763622417179716538755813471026375582127679601620515630294683198
60896042119585034639522408348763855024767779856090049431127059052366058652054
104495192786342848870007189157026108963808147938261814584916108128158361868051
107893565968050611199071569180951975280376087966056744099320398705530696434005
17801563400374306745845223375686211836623271331602335586481439689403785708884
110063354135547946365697790495539840391088580652998630215236497652378378004062
84944291246949834942795142991304300143714834062014622629589413397046028199980
18237777200853953123350092332958989342523454646716669190366095306601349954985
91397589599456583108116739839819537283769722840066590883672373360712949030847
103654436276031932764623363478682572397628473232027281982218258639162367529585
80693941978297687922773893332561658617552394659655776329410321101225119346172
90651255995414508504750340932625528372231619782637186322200701918942945955921
103029558527970546242496078693869260248818828896632222127725591322071477934061
47884085606440097589711176426250427515544271458063592733839406903912937314093
55950562876232992988515777742363770613290762215845492755066958155752544735739
2257286004338758724456300427622119491801979971659241952923197746669258684656
89893535398584005425580151159942493318555349659227441985958895737225608532365
39681483299872582399829845394419747539183404994846564334959397877881879744920
28524137201065392842035576401922634104861870877471227876462329192865339369677
118345248308388024410339345653519896955984679834723342212246206432757752780
16022458400933251983254523896840612416579089165123365133846109424932993027521
43684048213255445026035023200274928426344406019212354183772682721377421998626
28219311627392128442304229969892519209961573173912864359461171434844682635448
24643758683577748533467484931405577189203076077578832087570182378806459785195
80789916390900682320029920647329064332167023101972570159846743217159968641382
87606551488346306625457563077363535026013447232944077725543176794548073105567
22392861944526889210700281038569380174218640202075734191548174079420417125072
101273358639919081735953616677239377048177747010213792563147789979487283470844
44027308178536585663147986281629162227687104961380766390476222818940229600983
77656001062524746895667876610186993902342873128588925292297856785107557582430
90373134644050491677843322178348634173850049613765219098854362890974768837134
1163321608380881964058710210656459613353048614621449792196767587313096482413
87518533810513139776856381426886558511108701845344489648899996314333642120356
110994878893365908754556547164112062115444514159945277758527648314097849916889
99540334565586022856950320064635045016752934023633032780616106507684762168368
10229667597535276429025307303737591171911335499257909680680007583397817689034
16345744772758332037469071856933407861345793851611816259604274742931368864739
77370199435142547481237331888905123353473487000733525871876698498670185790730
96827753110566386220454169281076509640865900155854990275004619710290810288963
16687172530186338505328231129598109197831659913794796959464656454819537788248
32963101058751552113752945310250506324570248847749632548765390270164546435910
36416746401393298389393438074531056525295027493705165729411831804008738012466
36992434475789043144128564250216522499063903876636865208907004745532325249468
