38381155284647148398114221781873655011891105246888293320769754724720597925415
429585461346085175639632988381937649555767219829359450266357353901940794502
86719401008734655046214837015914659936971395903341461198145133750511522016803
88187802701035890998602418749132976972941779943462304249499055514722711970282
31253245707411678011961577180178416657352347925246976513580809168232632527038
55844951236390457355993230618182482565402738265737872137243573461698297208463
86163538432610468120454831671371625935214093882506696657465356940900048256041
45190125050820551505901916060869416507245176946675475695476850678978174172587
30179128630920960889191547455736918124162739312255662500288025892084590772112
42917400303975309981731442786088485041950108424202327649677471571272762615626
43137042946963756541656423034140962040544455336337528803335186299331259781525
102322487528268871165729089505532414748231780478813264626018826630852759450435
104468910421924646221293691408712730731235563547094295181369607083267436082877
18390880338765694800523650165912366547206701465147618511634614478483216298682
16339912851931908380180704379847106850639724947414767650178248338841334206423
61375317623312892503741484452791851154281085047929138417563297237395718869852
64139145000428746134219900964538801543722465426924172498887740709135964350000
103670735509366184986197682313078911497857315444385043103468458262436747703732
18165175086159729523459032219220016294508147766458908314004359406691559188493
79605363356130175430895237768212941051381777522687121199035307565384799242491
967556287019278278047808214309743115758083894053216530547024739820774069861
14457190188246892601651490679235333207532522765122968376220114301218679773239
100323511883026973674183945530392397505027588239258781490346114889320967601762
94437845836768709849842482190105260685938983671907467370893617451382634946559
65587736008267411915981005113503010677188763908481074724747438246059423551558
31550583883005497582633052878744315485763830999701221954400742818051562332426
21005195445461772133462679833187894479791937717374453731748680819373698775102
50205830609516154067171494822073367312149475315599286527999548204146008731837
50825079866139386640022974215941277436202076147631101152834753403808909330354
