88406778572829986877748734392592057898323006291761140149191868135917431025454
72015826932450449332494683548395125455428078385370726982249943576193696003408
82613524954685840240970269425830385094535901233817433468061602045714643582655
91112186937874066591034085837746842975696838407975937875761106563179080649485
56574568956132652098143285532016713898248104219577136548217057727288236446204
88646905752785624920226681280616212510122484441092200017149123447973189710995
93681008187248580614604619985722259980927118430148918177139590921426951859678
86397754656682892773411987843995415975494887982098776009408047056497586058594
5038269664212835450270918944780706420436999769707974846015440739170036703401
80298806328676609293740547964842923814156393375666780248488205248735532289841
44922106917574709172203034369895941585123453341010584482487640812079568699672
58704558570598030224804772655891866932493106184929244266404205702571060553363
72112738060555431620635249865126008096341211757610085034032433135562595156773
71266215970725556610031756814596886895612403022018392382373841642284748661937
106410395491337286769805457291960211681103571910246721464381147307143415311346
64145045395961286901900591369305303007935446941483325471120031366052267172342
65066838947445311816745561062161723223536773271539328957169065264730858733498
46319854027559870907245476175373365971978987476249773998616939461107496123145
70625305623063699631568427410663665006210736520803491159007301881624214987577
44401551076047857847441284748854675225785861962933964289368381039209208504602
81390599869900446364491282594859139130159625273464706746086600529407542123827
80945077410331720586992592259003243022088609996736371815584826863106212268846
40712406315859147823217536216490941843597455192956137557525264943181140300119
46158393590664128826071159523229985123394817242780734401403843594599099879243
3693387003681117834793648124387256293341735531323504740211997138331983203413
90636470735318898310541911265869356835388687301152285237588047005536064734832
64203283750898274767707888848668720028481396826041457959495154807412270157243
8641056666639160084962921700934237328221733373436421265007614719623839362087
53130759576868474965126921464709639495532461255722066331455080211623631421778
88649943727018960420379608911187561534894381577805008336703954310652874130968
23193885180595491355815999504902578858253481062685082472045945174368379514709
108653640393652778251620298287353706908780192029011386833476743279011595276935
34178265841370849173710731646788452135950635746057421276653985445486230976357
115593100600280036709629747240962052684399319104645161879925338758309736323304
8215409188190292350193404554746102736790279158344303880559862001917311020462
85718621034772724396857477648334023937795802909326976228558063288532578311861
80293961441211921271615932347390317286247605683235470598200684987305212618455
22813982326573765507062487213492102064444701661622908002000592603728618094686
8380145201146127289993119502895486362500087452529967490653358805843979106211
9676199259290383733683393008698008671868319241274294069275952926786394515071
2760332172713588538562228503969375759276293753078453394627301507434096500825
13933560824426687914037442426407053240479153929318476273241167614579996158929
56301285925176830558046174193176916824882170663961618451906740050451258804819
40979724545059946958784332276378596945247268313867369279492130452906024366083
103713240872076652528303319071174306118316483240117970220775607822928725735846
57195181216100685117038006712076234963434334229627603753563459233724355555411
75794451770875582526209634019015777166544927776276968883744568112954522068934
36798001563914626538888253282597569812149705304114349612629379081650849924646
4131313922148565880428694814392594125364038504644964721328402074701817760063
8908657952250001760994116657717755107894885752249031481620976749537711561438
108071903442747562544779173643738715053339441011780010405530550761482291935009
111443580003080269557975658333436640089869955951521361083325714181448900654768
58127903350742912834039295303901148665220692295214644353690699098930054654776
82834974190798799359443066476192520083558774213326177243169640594265408563443
12718573837347368041392688894879879141138290107192151568941004971446892616207
46758162663886882784821042493969810849047865672455950553992221139842645929855
103806380656459026936303337083197280805909018175165779216120458262741317523347
71334114606691019772839282081997389060278664377076931273461954964842787521514
87998390995547170058913406206985886657014379314429346415862773803696825537815
51602227049645878230497933662205079407459988456421597903157512086590096675005
78934314176528705934396369525202338078974194646089917229030410329535704161873
45294458930479242063449361191131797251515981623456456876736174762429552995126
74485822565392220366811954322403077431647038494082719881758481505855498209662
52396494220308399822734748471212919777246476513288973288733783542786303255871
45826727003045017888816170516338339494614581261223397361744722042161649501572
83246229163951129430589426770747896583557112231358315277654251786164583969356
87702123485174148122415564503276900127349917664519242271092693076335596405947
45307916395187926599203217338154828336355600921492419596749213428330186497033
