40362396519625074766257992841238938922985856554778668634923902849274815969926
62963708853846285219037474909168003109629366294358571871672338198818437682808
12576400338557168638554967715750424745019037398285951383260982566907336365123
86119412988019739744856640523433649897791309376024201205061711355122758061805
11210860429545407607220807253970521546393408527145763661166203888122245605308
91476826412002405245482884547009697250294918482541770823659677128622849999993
14242166011836261423628010104223522396214490585343606805850696744139524012567
42755274851933450532942577265639110929258805269828650450544804655597537468285
115784826096280727326607516794495474340600259943414195028150089313980214267795
4695088672702765199997152630306380810121443059016475535954589050721554198967
89318637810369314147186783009656843942069712027379377398806866446204086647759
21349707196171704238510057204133763356163078092089501272158891536081029121930
126381103265748430155322528998176727433581988193532182846528886419419613200
64402681069959216159377035380077295398591875470935415092041105117702834360765
90133739324601124442754655155776435372832504268169662635860373683697189900698
12609539460068471603670374492966817852391045177917732997616753628092258750896
85765065686845777249634962864136357632797986924574635168290535069615869243841
28746434153198162151951552164144068346005479333120801943738765673770010161259
112300155258419072801242247681470538010096394163393184394779347864947667053551
10344404772308526250145824461442750294742856602134568137805492661689645026746
101710292458828169719500747635097614336379540038562666727125176934437833274603
