16966542171489519236926215127800981049534310389600898428400501447239912223309
87572424803906277666122680426772734439452042654708501343567835379211067754310
8655655680219843585931285970975713235588396975954042215238334589134636594406
109394651519260093602691800144213563550594955895785457547677198542420796252363
90108437277695404647238198915497919342931572342993050077654681323921193525946
77092865034092284189573190474535053559035876890326848577126853364120466040767
7674732718493811970735366694172536128641940678576371775388270116194239084204
31532777463259043340457696229442952092465606228202352581614932180719714074890
2322541505865823693430884458039523135391323762153280848811797823678769894018
21156768467492460264218646717989283989328685442524197951485401419382814353850
96385688945481867590788758133157069471431021166795854993973842064769562150022
97408720703617586667783728698608118268001309973362955498638834618025520793386
73435419672352068872972546653373502575223863145218397868719042200667449099920
63744378898578468851927920074449617223366649925066514772410512861367106435607
18595592932030965258404191088859428101460755367983229083494120656076534750902
111648056090904043458362307830352946174399401274291643481447314033797396349887
32959951639982370696438600721286207761217562664549674616443377164514807068716
55903386302987632766437785278872306627792659576717083731963105814014847819467
36040027807264688128783217471691684997229794485513843833973690351033961256126
99826603690221901165781964540016227982530557916736996696322224706433025064160
105849472804505878000711269456160956334981025711832790398913133344095398700318
60732163410874745274948236888271706425396217603708440442634641582424258243727
42625577996454464728550206372069638974858073539695721141379192751206822005640
66523192621655269707996638094499559603503263310164819465101340253654497091995
95869246390574101693552838468513187144100969037359562356641038233753169806482
83878223145769986444759472860352683209210688356485318973085394831433085169638
36019354502103228638367961409491698230875394810448547883124505513349719517024
23583126868192277133714258991451394206630571804410180910730508964163212587679
33647152879417270336746524740535070546054987458766544445271616232523275147605
36519274227630709944424231266639758149821540462045660458992899536688596822884
49985237589857157167476946562206406299793823375732014259986480811467279434618
78657234171534665177249679523173447082849470510018447753735921506962591729229
76439987767095793323116159194200099897406749842412196668094797678851196367808
94099882658842642624802637761193176627431398063420753805604747380851641217072
80714412899719711242722175013868526178568144102628269489343325759233497367963
107739575198837136939984857813357883837693329677662918002456610461441224959382
25857319128330541298028964191586241449072380997654803621360139787037321308835
73853721881254207216456649696019473482621143822082441155764941169924789156941
10264673691254645082340710909092671198526764068383850594310183123886142075557
61543285996005024724435389226155748247816451090165968289658776788899460270629
17502337426579353735738008058257376052858744700592486440969839839914244552146
30180667309027409883076680608937886985073248715193501778437885688001820386407
104086603386372748538529468371932253926902660559313487908658746775198978380241
40943968058599636518600984429236009373109448871510253238751346818989684733725
51156506601373718244114654841235027289603004323040873839068661399615619809514
90180721989645203366336781794635777881132908442510537542069394762530027711622
110009532644791229886460658568414336689693400520533031588193070068351090509432
109287875361845029128317120869551455411149156286035964407072276067694087767976
26402263530629204787524440436387385873048244068933792777890424326092690109330
23276893757577850716106472347779165449452439948549050933146877636813861963994
15877737225578645955326431156025100023230368289286717334966814466980656222450
57167567923470549641093461539399964836624999857682431469511873871045004570609
15877878337070302430691906373760376136489004842394907541613866620025629926337
13901518928749207784249033313046933403243188325697358172564602991296961513150
43503158859588166759616491740895845609157062063575180357190442357952626653587
54354456201332758436605629481328605782211956300994290901538556294000718871658
26377155443094400773255522044991129942414114674103501698290207345400163352470
79640136582994879419985764188594657836900783601276399479320831583502040266081
115506407787992695597732448232035580588315612778105861043745772701904264470337
90605807608657380712054814646811235124032515200806776052826649865807606682185
82677814653684423418128198963982415469710812821563836714783726757566138430954
29671413582141903698144309853640151633806154659998717327446787746181708716132
61868995079562117482699639943447818290415141971279190115221405944064108887645
97581228975941115376064593898147618183930195941072772887153813376055917412208
107900299169919210384684165694137823700699616727067868307187847383295763591476
65293200121476187593809797784221356109576251386309607369453997939087940483409
55489435069320603852362153059046918178755686106825514800472529419250382094296
57561290895792036565971810298531239855231410860769043733424024953097230730219
100057389986392993671848760679590261628518884778775816692814482209517714450932
2354537991290350564506625920734079162522685425631096793439180847054163076055
74557062014473217463795465841814946357541271246982496070612962485178583209922
