37924668366787633313265413208150300456114030799356226151631663301955064500805
58472537839704773037573870773395594091587920369475599729362667865584247662832
6329314015161987094217054024527649186348482933498212376713785513181262891684
85012896958209199919850364521578336408784764801765900818691033281148217537550
50698023560276792590743324686348462123277808612405110718324278823543593558521
85395913724865039138911617510192640448393939640143955090218229334594991646521
88198632844660814696748664204599704100785676904102669446049520809197018934622
75781681781660853458492696783921988752987977084182632949822604670168034668495
75872020155857092171569030384242481466208486138387912477189806535004803326620
10899322391105110120070519214720814648504714522853363948794674202933543918357
34462516749654807897837571638793705182111571488636728792968739412927489848144
24090060570565944805432233963388675372426860251525383612299499751595332933826
9578638481755154215571783959423863805440560229899985652087957160540929864126
113684129938396736940141366630622489673126601947697654853664712824129658118451
11247946404491298835755374088401526745045956352726667222814369657406325787098
28460551942548164503068073112328408761981952864648535965438279268570986941900
72552174387259350284970284513914139681182862411345269104917618367786050805173
31348984162091225235733311078466869556950923390021190021028668929757329240351
73673160639002300861578645806524148618526822407119509548543203117970961430964
29342611537592593453571578506643586310642073197164934671321182485238839915128
92894742689229688504633089490352640969071935693285790908058636967644826822979
93853022177862081827950395019135057248213669687686389633577894933970646696461
105367999583213960173354170862777962512277063789439615892067853724110517666537
84762724152113794848190590060167479245246023793325431674421421241746897782445
71331783948888878371750481868613108191646838778466849170645650355339675150900
43150628573400888416436095718673291495257291167784863915226590182223972648867
115334110776474481635502246399772640081473452062519237322859356669061439886514
4188468971844990814155505072218677305901628815954498449573433757643149405788
108891654000546920748615558498696692014099194300241585353598811400331495047567
80613807443147906141445870389725319472821548002267580380423021909080537566068
45697680253441355006244099384240599311718898057494395401806849767469798273407
108386004515227689755627225685483216946654122827066964781090210263023981378226
109880121489453075585626097956292222940294914426806605034372240934851550132654
37163927984532384481719271468661457236088524134784905595466948272023913324418
91492196962781300036231369605197879238611418857053221585615793257849764858849
41886791479731604468877146095489362701666973653490294963525372880801395550488
24864850358787140917561905686909072015808291250877046605664622261987517746262
52125127969160450623091717824329271769541993781893735567730713155516345706236
53161545641752679538334982179185778088369479152666311903286339354847048845926
61151686246438334374546495954909720742199955896393106382406610162860118260045
51987468344531246129520767465352179036633695008509254013882209725503679882313
61337702599498806536799100934401673805316711474201301056463631129067110730652
115083362482687020110153408664171929272254643788127900343873582270734030623283
44124622416641417279507578818848501415631958994618719119135938711691297188299
85237021189076594096942945195416021431016452305701014308303392372189628550434
94676690736207489898651807276165555888137307772008442440305529716368228375619
49882520223073724812544720843413143361362770390611164852050904360544350300517
95540909630300283789847131010958360676597046555162628895823095770951229098995
44892477341388207732509691380992188255810475383713929682833292713903887496663
3609702467909302790833118649131785867498249993344711228331125910677451631287
17380124352625075947744857170098815526325572424322018162917819217147847400401
63394331104100202365796463535398430897984084150247976549851833246412979610306
12287337320281847780612359227003514216544110450355287486494712491759924066787
109705536625436130266481931888043716894757217471750851935781618349428861316819
65638756234055759847019804503625485333371307840019717536144452992414561434364
1155148313434283870838263381083068163582377696713845000393010463722671270353
92818767264676644301306881795760420999965775737786240496602312716941545519963
98455881756597693010376339558332944340817544909801633960662412636554493176723
103426558700510291339852479423142849635713816258889005526765199259859668026380
87942900099229723801956186073559183219738676822900178160845058246057303637853
88097123521943479654719773286767322665620949405019850692548755814753704924842
111381556638375183704003735019981672457851503194804765496962502038412739703864
71605828270512967589106708169880615089800951317026285847905386664939886344337
