91988664109774438350431026189148395715306553827488692640892827062519029431408
74357594458661772768567274822591835566340245625122124941242959382705690125325
73485714461288598330838426384351430314628841398844224926715369277125623378760
80904425791793093129997116354508259925678229204386028491005829810012599340534
68253371454478722510300588384996469366065391418691439131295109353659356289107
64475174389425679646184381594908813182315051326558327822301686480677685526605
75317736503158787623461062862528555431271677304424637530382494620415564695302
83837773360263318761657100582201633371381619218269332397446365355678665750277
39742477192707447571799045276867999257354124307410309443829236612008038389673
98122973910908439212928604488807072402140376216399687533688552016858330759805
19301703955896898150712657599832307259537338579654454739537100429203561607349
43912300176135606614159862950065179543880253829557013355553844650842533432762
54114696652351203961074733348653696099118988600079398501590160601991888845241
108508795967863516274343542171771380063273168970164656268642177951249104616269
36089064933452519055976992406114970830144177134077277014395484530670600691798
20109473785495181052401007872620415791130588609046014714271589414295908085805
104301011784535314498581057924597628075086166159156050129055925088604665818556
14170160592588075652893088840399723280923424688525566364204991971558258696161
76760552716522494020614011189045554868821038498474598628152076001674724033970
86121326886619483433597729857202372070183845004690776850885606283204560820472
48946818809607927698510182181737630580587459887918696247657609029537684411115
3120197253604767333735043097262957243337135078779311575382141656561780860974
95564773948092256517767259712311857778763043927635180672006646297872291142988
4868691379952481735480166752206748089886908104853588296752074429424708740125
17364767558643553821269283564610658141333772558920975092391276559450400696240
78837055625863983236381877247598371528658037937785471368202016777195607051512
58816758003830383441163463764797420858579292736096477432770832388657087749104
107854712922419318994545158071828661025960292302718426511831138769069913562377
98707758880675893680521266200078834467706865037037470150065235473542986286668
27808989448808935850257557550204928822710296395800039968975543734535266709837
77668141470902159777116054915026690213440507635856523708080208680271358719564
33386629720711665252054764164883579587155355357995666608326921164949269096986
34703837030269308361348285862466070713787449669424882226768264628087350631107
75257900082378038781749030664004860690352605544328610110685284390009368397757
35626052358739792831606553753096719981933425669698722140781612267020622051614
24998185537349372725595762938051430527172701745910210380396573498833498933110
30711161118986912316601563037694423906751581582204007146576550095482156621004
44704023459086409535939557872070795610091455255032614968185278899930433609518
63370164770075312470252852233773374689415192941268424426506114994899091036569
90115866487110080897677079706042799398628811845266338092918943457579595271907
30455318727068871867995548894489756677051539645921834654282607859313410485354
36115931371895573645809643567992021502494821851228650376234894039162850930793
68389644475943841426087547377940828441350498105210216191507734717039812900801
42593058209133297326654659781567707058147555839932193904001998090512410495357
17195624564182291685575227596759225626903956641787553433176801558124876157614
97766130196077979170136163073856676499073934967470707430401509560194175748736
91575664965322574139412694774210289179772502634488938900820292468303121954852
77097852839867387062298221102034139771152310797366703555578198306497773744705
61012365278997615932002973012245384729653579147317870264801051956013156151424
27621347190974024960740213556114983785526662376829790846498117231637535507877
1250430136608022342913267157689505955220337598574714531079869311866308024795
61469371263721631769740479253130910813129766180971511221823383606163142270910
85110373398560155116314993790304704106973081083079878122434439201664125038930
50742268358916270699315956456031561722769523953470744154794356096740689541466
35976324209686491480229652653369276939953252227292572489217503613481427519617
17505282574950901176437936488457768981242575944894788868939881098556607746966
100635780698057295734178233277127355752579776283252152756929760535964719629140
40298942482791161874172184327060834928339802132692894400132884803082302249049
14817612800854404758740546084773261011562316282511009147219356588249525367069
15650146664620291878023436710797031141790319318675753013616192724437409116543
15902408160135378008110666543217687145765023487337486616145070994459290157719
4521486891662711073591765659583463701422747753226158284165091634335763827414
17046828118525894223437344489076717154748347329347877678723476810616274740944
67587496280588646822421797718412245189361855678194788778215473366073364068124
8753132211839243070954843057569629822064359100378051920101077055829159608384
97962384133939002196916396792637343685660451922862738529912033665943365531902
6731113369756136900862270888906542795518117671715032963059862339156153290287
27379695617212742343589115308011876625089349559022925239369032630065430406163
20998524947280106303175241874616228674051150723683255080048864557286878451560
4992381187449924583275132982635946085313336727314358942954977240810648727777
114320051778564164383073411206874277143893915123619164648645674296815247773658
48556694178133671648278901585073320658905786944330192255064218030154216888469
65513275914481442067237992443521470941429589590829620803811985994695782616490
106826806981945495385917202392038374307284839521850332414035470561843331577243
58037909669140947499752714892371468079277537949988904879345220834738777596700
98984720674933398127038301327390948949461745975235604103049214100027082016148
60457528695733678972221869348604178111157933617079556987505746046968391660980
46190808386754624045966232971907445309121043494648478409959691631593152343743
54479830479109190416762896697410020327404184783090945682499187490244170510196
102633766341032333268422517674635520138373477123952652939116221602793161411163
62806477296262064207003133613297336226314741845897145044032629540252682894326
114496857175429403536536986563389305114371296797574180739720320193891406721976
15605872573456331333921025184772264267410238673512084032830219081973608726997
