105954436864563160817638158437801057897156116594197027416624443022900844693160
31093743856804016292515370575493005767620871595607881462653573059814365216403
33634948753743152651412239881055742237204116021964141959593673021007096101812
66912276847824914042280394307579839465381747746851659374447884692735636093122
64148971901123947581691952357283936961924546794227297827946377537425140294468
86913600565841692571570664827920148309653296225833720810848389690725466521327
33321397602637464890779225005341613762972131421678668300322321081000532131595
21517879014757305857812333386980360612462410482731544339828086583966668833523
85500115322473164661883281637850575162634443254492638161275700841719345226124
47526205928376859367008416498993843322983909679314015230275081545891587045160
49600493489713488769111490444047012286375461048263025254826970075112283926976
90725056671268163842094515149706345004396850574819305638069603433463164208617
58999308182618032443257557606797429919313568502274963899852238550036978296506
115462921063718610124079576711700640661308637003036941854265086247424155428346
109901755009120343153561069449882314754658200393679592247546079624692697952548
63425873672793569502280259620763898086441719718686382409903794652733782337739
82255147825434312645414012723711708761721234238774817024574679412690817531410
65565689380255462387743940459335341011296144559062523335340094205687387172724
38862640915519896183685103236486174528354526958473483770106682975841050770965
71465664154981774545708820963451670378563308013623912056853884557416146730856
50662538890172670071293957373792216428677729223484716078635267508742687315984
1643189082567218526632802427180716903546731369424641108668749246593067968591
78551809576891862682081058589555577827076282852646626133545164300438503703593
58259845233423431510308822094679625553710435416330335051570749901035115919428
52883613002037535192797117934322384842110625977554342044347308731921195225600
90990377642854875349424810578643837658681642776423623565690396018643246897136
72041240006157579792454794639340211904704386090731723332049504908754975882485
44253556905749926173416603979007718257262637316271802805769358037308430183677
16097034399080804061603328854118234382937973076553002571099287765699871741801
98878853434327240229284917426166917260368281907705039597588733101995775338887
34085619875807391650222248694373242134261912362354742348439376008189228080889
12418530107418508752224257585305628414078279735241651821403100760146958105336
85750383799341620600897041338648978268881052206500021221391492774633127134061
42792814894807111479123833126781583959565893426838152625381515106135689447229
23521841654878356705291629002781000057134834531534054897989590719633907917586
1533733228146458564341016976978560257159208176004661297050817221234827172589
10058566667819886186967193525830390266508283390493676539236091617068673298006
68066673057817840831115997828314023375617725536427473577583706234116947119858
71945605113601120625123274940768191279605048704919967954179430499670381228062
76417004093045740688607784463150147920629787472201557954852479351199816708751
39023767617867142130959609705050772745450314978705097121898883630275402408636
114586957035464772338130427212244477813976661823075952615339086032062108043419
23581031766617390761832794932813651377970553186827992338965360720510954872240
30422827523385752772855451580821378466085619759379773402853042981604337450553
40137154131117643656883168819603811910286156932082619141426208717065087495599
13546059966174031731614681501240174666647325741838824840053624434133707228278
5737358663438587041940763622887771846292619002162646926575375009748552457767
43564464778098722451481512360402697464470077402662741456324866338127500902407
62775860116565827146390002828863841542090873283647509383538534831857596530769
58702801935516897166169513428040137124895300857627914676312087952179876678471
13417060963212325936594384256210759671162773493623597095007038141265878148890
88836185674641834039310759389848008588794044982136371350545555793055125540449
66745306113278956535095831025003022345698682417918962911351649517009592279926
25561547928965333764100556001460908184612260625855698719917493748742207176936
46937967500970477167480376792164603862339651705031137990762612687503941526281
92737993583076739246961008511215822485604545157358817218246145145713798346608
91625930783226368359997834186548904917182793155125072422451941026290074921409
78499145211856982561442788171427381324035501548739292091855405524592238564041
67977427835208342608247400138586586130670779911198757451747271883366585302517
99307879693896743732684324769946318706646689738639691755619712752415440287910
67422645901598938429439894800357261299702116684498178523219959940061150685206
33520078760393888364039491503133251622981326314114425188747962029604235945797
84697475892290457387181705232151541664256036177984252679947089985424955345807
68910265683314893750312025807302228225023363477512358434682585677181683552256
64006876623853624538504958295896619564524256508073087064008719419864467451044
90940613920340037253278737138968705580086825240111377669756169275476158744949
6266800655195783763928815763652990776481348440575305527088974898335289833152
109438221166219450217511928503872395818101097975618493087560078737295066176011
86645650975139761228221778187138783121549961810863795862944585556804676873088
77629848196129479401200367378892482323401478251631574769411865710960495304437
105479082386556327439377313685549951498237734914124296644651901132397040323346
81603797282938452143794698834564777850403746691300614319041756222539182942478
93245205413878264125304823632428611206371681946725785461842557946925000066363
61011707619568765284485611703689736337213988680562584211968770227438835259298
74235593215859045630467492239795378668341051630922918042445838541239640392145
47426759427274662901216836932484827696361155359933816855504764256242313517937
12147198384241996362144460413574985571614908667300738447982428878409929050641
75496784485238579730457345708992140621975323800087864827298478046002133654109
63221457242609962574728680664958448801077403354587004806068132886143094580986
88234037018447122140965800492254954106294203859562009378983925550379267460503
13905767461977335491056193147372967812361082873692013296719298501524316087754
60206614374028118946345754079512686026066512910925675892785361503756946217380
17502303348000230634578378539347955608204386925914418440717083322118679901087
35896087491583315760504368917824518801315393154942418497642399208872224429423
111393589677379177883873691123589020350280638748294331615396839851591308069081
27922389058075318304661814225118132305944882529430032907278699492053492448794
88649110315197200673569965964533229395569371552545728517271065027873847626127
71476639183590479550423971831054588239185531449790430785702361084717540994886
58229922324784173501635261576305625509620969454292699615676070144487044377639
76602435116448663908754755713315208903048756196686711873461123580963729084670
72725046476520560010981209374998312698319914412244351841577044435144202366969
18871090582288922242739915163923859986172616619284995502972168071162321463255
6566031353836639635426834559657356765389131259951783372838278876945222453315
18243705222443899528450269824338051901540548761307611754582422655986123731845
96400556547208212248848956762682322851101999947010859626170834438055673667602
56204540630417031507999071923469619618688914848734304202228783229304131721274
99118969600895685229631405484591527084034310316343824205311247575898616427705
13688229042479422135099355062215144677164913318180768456727221045472868730363
90490590872703771974915432832473025991633103614085477260561193796323378531892
110897617842846520260361809445724712092908313436371337064315100595877192307334
27458890031145749153058655627391108225123331010475730587518918645022524293794
87153838142551648589541520278938009435389496248142518932669319303121198796044
67210434636972142344974897179331923268892311824217950566690698452357960098926
50801577268749241311539485683485719849233180180258215923458792798492016843311
7054180889477777319300832776038205808887107438798989505816229971726997561942
77629259415394099037281901571878902680205010956903331310724173554360177876938
71120158669793826839656869997578348085492976870973958180398300742541529622514
48179917979520653474837944454999182660701786030174995045455690059804845842925
67594007174062903368906667518563440008624516030138934359810145181650341037263
91186491633342778474500870254090057181458448489874760148737549714126065489251
76504370644557291049111775548592012872990575286068547766873518565014947890877
31887381109339981201275456144865176141689914834534334668807272156637392305565
77702049136175772953366209551581909485101979778766428413245080895401840959692
16639643603405153984850634653254253467007995745141195188777161214922126402531
16391326380098222169035556606391715200953661293515575087729421966522757511225
9531573580072649799458280449457269269541711575380325996577396470611953928600
778673382476733275659374126341341356893964489263136321867177410551902248440
49050556441293547719577590012215475082399330222204574582509158073000382933405
41430233562264184890782139502643213396233929082769617030955957073720221585517
41115763912911896593881420340846597837510495414699400412963388265944641964254
93188238309728339403026222373703650870823433713775882589560610639881687626809
52043605712375756208092528798375640505144447792212858256369062150818837360999
33889635578273946799308878634912877727527025550657523823411737800415757637963
65723866119285424869227408213683294371355142566961420427411893232622101017840
7028963792059835312084780323473413590680217287355611171642206616524929896012
84392976407225175979687551351168640760501939680731105138037314537354666032638
97958549189148299229225335802323748168872636927405191105281978211323455556288
50755389843333532584822955880800633345551768815299416924047893711986895011362
63433001456571618627148060658094619979717234627872832761306194098364876151613
88380645135955683571979375831192753253705442158836701294311479071192344508807
13718255803567770578958444572382031062110583482414188620483969779585050316110
2253237475528797782803416554899818035485169033320510386491449330162579850090
54808687244253014015687584328729857469883572612170361577018360297076167211440
28240382313850404914094488008350116357375589622012004028207196381843965094404
17752238533143892862493055626440832731083312494287444737319023856768218440283
1961350228576735449856651152468336705001893841338868275790427180681755835031
18415995446935472234723471827141574762903365396340043946757314055182070373763
53958324368732433083006063183772416617859396721781712508775939205119955002860
44879904350990694791030004090906849440917995212260645941659937495006427326686
17922451709878468964644953937480573162299597361913678505898178547829634400802
79768168071280399011774363925694117041632393713519278849179191010839872449920
84060067061089000578268892118561496692889643591393332660003167622620438060306
187025999256833725812528644166306399333974088320782807489942171800669638601
93698209300816652772657711729114336649982267714539273245339553379241185906471
57837173297368278073752535193001555837664824935113635579269474592842273856021
36444820653716318515153190401426597481631267806384019695462966039145261316285
10761357435283916359105356219529675575597788593331531137676843666389637621517
50608411378340435909530861578496917125769628701530736610384165987921135531866
115749695796011500917221720760222304152045194879726756028073891784970749376034
93855619000295664592372181986053375317023971179205656403007154614894397431817
45572395546824362236108198090600694181218831895065879780509888915515801321951
79086361615450842033984248818890781223923712976208234845175817952754650487566
100168920376606976263099914311696838544570004255141425062688987972631917943010
30557344595240049333982768366931725740951554766310081776817048945840699640159
10586494484563433805545788309982176638621162403810922262845707539094975860290
104890690161805158791924758946661662739917953393123993664971514962167092070700
38609794658560645232181884079980954922440017341310500701040641075664977122276
80375360578321956756143219267840205024953844842798168431381097669501625240948
88477421749843568624452828728388413315205535314734544242582363159696857473020
37991684986455937710939927977001112430051164548532129718342022636717425646481
17948018076127589091784496219673250973222551289733477560079076778926827190033
88550519507778065399147996757220084644547067604484854305941765554881969193338
100800453086838845518662693805491512785624486540593248028472506980415436937229
108112568166393728699200348134629475901417206710393789416245199348451305043489
90300242209381815787255640937719691570187038356000866911960425847071500405190
99600895422109326892028184609612251402061115033301670168825558484840389186330
90352807520791981480524363935270675770150922826220271766621242027765024599160
25376616273547115354966497204307147095827613574701730677324219417185480351210
104235163270506416320447777406189839458600708028483314841799383330078937717166
44278818382932290757061629667217577535053484837125526433987666652520957224346
98730375845243455912115736102123010642197850436237334215982286676976305362658
84394621503488187838169515448092211827536128878879133958390051610430134656143
36315366477072767446251695761862092041574396769382608813900383681788425149243
21641242710885542078633376804924776892614901764507784773261762594253529355073
98498874722925263556196992268138954665540485597352003790045587802987268864757
24114080353659683847376537736694824112545891974623584264865652727220156434356
29655176152962223800422760845615845082248994155456170118057311972113706692734
54102893118003974517887304489484546222755946864052552545249705399409769730224
100024779796397669513797850586121244341641113179164554195480066651052424528535
80131792119564863845805422707712276093239466796244653080797502373544136738401
18615017244068167908060609111446194265742235976272022252301751112790400688957
53909856190173706447754242098505222605040539728932227855438443889728246619215
67105227936026920937239992489615391805593736273128286558692419431550900621852
102461198217617047064098827463791678764924517529383122341551514361817024422552
75277744124671100483707483003821021362947170899515379266571864107217636711404
29555342548946061184517103273494378162338659615239275359488612683741446988150
89467732690917017856965917859230717267078607843781740195292393213114692958570
71100901031628203913791930012484851084865096245921884805432936757982328921233
6025990814775212837924878253301866486915291293783490020910715109484276022147
