7520426153097035560617916050044635332774941261248104511904324552637930619097
51755733541588440033813043755072385320387756080123954843096201062220332422969
60757852715341463391764215064767291047226570634896928468485339877076469926181
114760452661069146975860434782721649194501192589655853787248777056426396266232
60346922353153038068678477781096970045058008266404912427578306823871667635390
30587798293693870777660775403227736910831533091937160533292923814474604054778
69573663226157233932075944173903835675848124886358503742040322249636370857685
80853914011466444433927388320706746531584483092973517275936035643565914680743
33643831041215885822271416857259256478489052977331586960701946625134799111257
20910042689855275914849858041521884546915346144817746892863641142059546999921
16950422259336101982223928271110241723435438399202811839908487488970539393703
11056340105424223007214132617497097278989359817468054202936951873993293140368
98630376851369933782379956170163367828086860109641567878276771143366814454274
22172612451747326598886487771451685314641024960471470950454423398932206135340
34372485975469104397186185969118159298441587250270463316717710074190057198496
71313866807586967083158002015678757757796373833260886837836991791071899213119
1181108193546552451179004722662088179835024524596218687323520365375499367981
75735512386633956666101334933288145871250845153677732102813932052854282484755
5126801196485371025167981580296751823708535999687020936530229809913516971478
77150610843470617839978827350312565835909155342108778787320480771671679630661
51644749570467721145135363464506652756492927386693799722225316233192222778540
21827007708214343939267615807649675416995200548433705772318599525599353697634
16176982464543412921813136842299613472454781582111225080154323976167169155203
81616066321282125666624141552554942815862623218008740691152744796105245938204
10841648305558490391644196314512153751366107353765845846463942862957219870390
27339360612050471674876805799737589931522554446188236120978921666700533293718
3868568667060315053455451030180209063012587824492535148350914304943881498173
76320488247046649230511787832293112924049554333060820572420260411986266519401
32473153664609093770086441211008720122449991101831003033859030645126433896193
37428096805183128704575558259474722628210298598776409175129618723541135213209
95370801937451393885098700428312857780653525685617341241301710767007256560366
5991143938295579393318176966636121158183869253474223436891682700855111561996
37490743803205071664280376504844663480121994452975872783837696953011115043923
93730724244992708706046177512397278233743918953170924264457985407787020087034
46705298499132848549886051004954569059859165390049113062470912634686668056223
40893268030117100107652733445420937150970355022694729974500195926676942753318
60312167710114772051960271582218163267473597096979663567216628521089067132101
44741059986384002696886807451760341698948602300499114266330411026609671790517
54714081190594651174129747221883085049092604907807081065572080091670587456412
16269952424796412606307147982442472623692544073518253114492815640588552694606
99329920089645539535684378552673883875860427301565607932105613078795316266236
3248617517138142389190019138235415773825346784431041236509089454355205936882
105538632464429406552348877834936316981819319041062165452332725805970821120143
34863544308355937039264062000837447858499987535018621861577937723617881300423
77041473347874175229487074857677848795654341277543327096078656690006976733754
34796531076116357634356715633444001678090230859477855343262737211499730162966
101210338560929370985426065173722332930975060143103700237250018515466064534627
82626090080873014938470811902785245729868450712196156975967638725386060370819
52847985196848129164170060885596778590688105190657315183008457521603270381458
71000321922974566567257010104093699718163168871362852296212098691771039786479
6991254912983002792548498108326498351457814221352535072824406491888529540962
113105667776192820195095473884749423994089913771699365144195750658964741179357
8941398349295481126835040070234922647867979992449273851121110374635427564574
67491731211908566791387074102225861798026372747438315568952853577152356254056
50251438117159375152717939265401175132416392669388567231256767187443965884985
15166196032849544924085504196416377502673516850306608319504038767903714008611
95113968334099217526772872650576755630621419346554842654912043451832247697099
78154050562910087639257689802154665829035805045551629841744584717283574506307
60421698450878178395798392328714812891231777118176999985984558349698665213025
57501225594350992567583506786258241190184866576485322308219127870383884853234
4340778572631720731523239566411523849819917000402551841029785096837739241648
25504061393795475708109299179971613776287747234051475293114247169053188752126
86332985092213556785008050750453809119312707513975532958882483314852273592282
60245908127738548493419593046252701021390329130688030350978966447503789052541
99532333137565531325218841691721029375841312009842485257261726192153455821499
19172034307564851841607338885975367640836502262423770255286952698603567631156
106957595324193062471712467931799354662800116290686377408526519688697463877931
65782436091525400026696358027464645851133312746430271982536228785755482727500
47455786212703863379751706593217779171849940345606527133389785878999750949555
25372308083026454208726855735970603257434858416733040348706729108973922677964
54263294020663661915826133496298256965877282554517202294234520558158494416160
36369617554485079782510414220940718176305961137165221778235138352219613418517
14024567871604582775399841633249213142503211907763642271894274136625178495529
6366927516296011671567612222524885076085146782917299231309551034760362515213
35473058777793747857531666686896265890737520494954735815141165914391949282634
92056491803395582197427750062270754723067406081205933302571214360338501982578
19046907489445235743905175367585140104029115913521432421100961306500666724239
65097017499520549081408572804071664283161565405825606215191490716289552397092
42667186483537961702905170719895869024172032593338197265747841337254173164486
13761073686176603120859840813741179068696047238367717524287676511564841672579
85440947195237912505964210853779700949322411582064691757734032381616611861230
102922731506696150333922656392876214594321614767534405113186791488766900119205
6557810822118301124337900561423212745952350180308690677776308686736996565704
3996562963818627318598160474548363268121441136587662652759179130829391164419
66247462772995797902541021805748301641328388178276161347938287223681739499665
13163831422446279308638585785751636664269664676137480842962501837761925766616
28894007935861041876235229101510407165804988449520718592449241064452324306339
56979999728090678767161532366561451785985494320992955542448232659435626471295
97973206475657329995513671426058807432314201934665044311473334393227455238607
43364346654313054762071738409082678793645435273476586367777638201835677250123
20516606778925629261779717447935819640484223970638755352674322966590746181734
55365599654332212721942502416103292879871546511954524770042349903951897514466
71308288135080841285556208340750416596846490954402857424387263680738564627244
82616500160784533230747004941382510290125624727849534784443145217348007820924
82630100532768729186000966676040847126629284049141786074477541249535799206510
29226025649897064502525432777085461119466251712810882012373271577316287050254
73912817777306366700929645995386333975500002486576318573765501802861246178065
94013020616529254665909680200199790382711362328963145445366363143372989483392
26986732432199024661267709759091397896906150611667346218696372125812647366779
85675032888190550523586003028820756194054591521563593858729213582606354210447
92469117721093341843043127690916650398310913646334815959490499200730820133298
114237501375235544129913757326990595977874573193227867157049714941559382976883
68006745183958732638355575667314794224771628289433496817988903747696406719761
75701942971140515377660119454235525837149663759461930514335392160908693407926
58008104172986920044525906015124216218448764082569872870790653830534929645790
61666216139650331263825372299172175698582722208935149565601593854625371767287
42306414303641993006083426348449095322562872695456407918217195014158756884141
57149338436335644032953616002094273686442765097350656674274416530319108689476
63237326554331749083055783417494748452468542544128158543957803075200702000950
999498483355636363422149909079521089972658975020085094050447104136390417268
81756248789603820662893614951660690987958822240464399101807300980970482782089
102458860789618675754041775063610850266172524063752054805397433965875604660682
59634750034971510089170496053454029808749828937806183154814632835229087219059
79934315528086070818237115352249022891489071336665581040054606632532793407482
3822265585181019113685094593750607404796239181507172829693139616863022305114
103491374189751275557595778223385404409158831563545362734998018348996807643698
48282719693884014042228548080885584983103481127722128730625324687290118878025
59829179417269769249966761533756636414218033955876766038790409938150817141295
63323436957276977686832904032592006386857868371221495042597329961476931327731
93503276481830234304273884054631445877468063280409207700707327262841657518152
109100672784342788942364631785672222582208174277994170745759169603944421124007
65724134088657557462168199116944146810073197420414152871118167293077794381774
6092790344457500814512091591125722568171094047309846569873513842570757475323
102963276765482835875127552606366620124347536366320066283627095645581429555186
56314948006617270149318791210290332021985521588512519692367817990610693767668
44998653542610286597447829272251270646866881700631208794370695589402048434823
99846425009308044109199254682641918466103430993755334732369892284409021527023
91257271904912992536837568237624276978716446203596937274363409716526812308654
31811858436517070762749191982996718545262253701635722865897266072589809847261
89972286647126321875229036161595261127100289357107593486737733338078402937505
54205151193726501156018197462183725720789760373915323983864477494363875820306
101487789415770834575086722419976920538339240632327604216631527077028423412612
28354097389476572080966762483034568282402244074972804161096676666459912521203
71793304671108505192424230257621307393447385448897280876390198672871348446418
83361814274700763447060803493976911071979381716640081311914026256653568716485
13447187539207177689600362931726668290894335262147218010449011458813508204301
9738323438452060800828924415344155979411178058923156994269743412381476217732
96645813789661597493971692473626328124155178505475789393446964517878787633681
96394046721820640659001492861984541487742204892916328656760068476074297610112
77063104626046642131573768532266247156217935388295459430343759292841277275290
42304787470674935446630357716453816273179753065969555292985271755230572086732
14018454431765506555418551835989218806738806032298759134666600259550986593842
32731321361448304185989547567783894536418554579291565212683385424060368252424
107365120910323812386202916977013323525065794434815619653149308654699525767029
80543772415433782132780757025790011870661147604851762757521978496240236912152
10453136748685003645921226574113524171158761172138588412874296344896779904491
11562778468131270914463944282478566905675134549884848217927880703175909351950
97425932567921782498276641053304224107332025611810420741815733919292193952211
105623932557509417104225951306185648176106189402268528612859371166347137947732
113560177491663964743215218037986531854402493529569919090679994360888075074675
85890753512604733602702310462174302666468693042222992338433147690786937376295
90016315553489156190776583077298366192366439393886730937143791930745329532673
93314142719994184564913669675132559565390067262120675087544598848781100687289
102781841308722334242658840543084800890477164647306216926867898402966185878831
48145362054899454750825131668315903003197233254254654170881063174637924238385
38546733627560353364549859571140861706464789183440615912081628038983758570858
68210703041693719051948927281918084082857045303892751714493672379566891343798
22251414874542876956735422046547114738494720963077739396658947482508760489166
113882423319232407045536913888984742746679835441874260708746097084901534999855
22896394539831173963013714123009660927431302412497539154449006529945020562322
77288260152118052109455108008755382101163838360255402089327145389808288359876
86403005268322758732585185936077476910250847850193309842603044353451168352723
76180044449964950666786987867608927203621949493773989751063007982895749486407
62398404489033642457268319132454331571407216788518002216516274265608860159379
36638034825712246720383016610970553250309595063661207458880908589867939453137
40530448614505840800896048887782218982191432134006513497198562493930840328174
64600520412492866140370620008733293347756955493714401453654374356317906061470
62439962325908516766055659351757629691441090204804554355629057138410196803613
42829106864778014178458111874885600417381643300158622678426021869522551761589
110640372436202583771667230681530007023599503395644597021727624830035007840635
17899390739298315636718596725589293295025873610149303143468731742682998487721
26103032127739446470455374344748126831180898476251110757311870774672422836698
58168304657930105107123202586852232047706301897085601500552277329294911899099
90205836591609954731458138945705687281336196314940545290865273762194369845159
26191358128767921163101767004688088817110018290352142282414733129792047565524
64981935656493432420592680635944840067382296696229217701881850720344775788815
107314455986693689480170110544296350005859625316114962706156421162011777941725
73280817028647517647703525887672696648123218247320261028677876413260347842113
33717330663197551667886414471443725611215422645472082105463520474088965120323
26996635457693201124675502403199460539631470792550855572652003070631479411510
9214061147112871535237570205268753136210739712570998030063355728225349411788
26293272169273749222413354227803543860920257172642099852337035140300652593770
9741321963077892264314698182875047064717610948490257750893883667977523164786
93179732475261580650247375459209821746897641236830524438781263644265740474228
71455468775055384365921677701086992670283673534185007622632310003824744557216
84632492907521576323600431625696328162046449358115881771493093199476120163776
9378620823701781302741339226381619220313647017268261334112591880620091202643
42244343363879606710069688702092190417256426790875997853538057564672090508406
