2783038035749960573225557341683469282677165404871708350147867207794132832648
68778239621645730148323629403447642106025161456608004362044960847944554337556
12066011702780106720472261747047395304508018934794060480770881203843118520084
114160318687977436936363752855102903687811772329438096250538753579587017205438
43109164389070931151679027698711627365608165446244070355902251816678802813372
40755719622288143319889297096130206364485780742555987273835611888440569892583
54441935179594804916360047711149312866810369076495320624429582387768917273107
88853064990982874799251021444538188566371268552890464547396965781362012882639
97883987165093799906247219753698099493479775140202104947518907276202903743509
9157097193341123863089975729802562349842617119623581262703051559619943119991
57439857743732591913881384698875498101788098171841757282547494341255255159408
107060929498507030849467977937333772541989478807826683146427782350284670189730
10571204442279048057378524979156973210109616697142924078827717745749572752336
