92178822117659732275448870670119698671319588081447346561432245820496846182382
59552718177966450167224717835019173261531087750466359701037890355825701915446
40222608398835044899338746133076540885334368895720120400293954371693139430475
31272507256668908166932513541876328562353657942163319822828392393169522347068
65769916384810311232310621116759827207978683400654527904678577080211343564140
22678775795164162293942266273935369240060526089709920538597543689867994783703
23652835744930199666806989025970247179605151674725053059037033183351604333731
28313283296046447434570855938419754835079676911833381407341734767239016466794
3671045966999278161923289177156454701453792856054348195022555118422410183360
11745844043529965672822745581977904758013084637094476112034651751492198278998
15774787345016770004009245560736694906775923589168365098279298189740261164710
66669186875358549341390199257069395176093375367495684385726073393437131954197
54128704969674497419301135907934752764103595551725561217656987995999739634591
11390133054560575134135414931821401048343511188845870402116071349451008330110
7248120831207794508677553613925179975194224818146447615453386500354365308570
8974157439974045817813101596555776358649245207073291907107431993503416678311
24814049973538689648689061463324929510933487802255177524610564517496258487274
22253852644592795141761333847866420593059448466840537151410016274390773311797
78303038321979530172145932744064424965562148907975263092643665894851143280446
17168014671594707063722125133852472858669632500462070158737935571909924796036
60414674224551637600305293169758559115875303813300890511484686885247231986968
74967868389409961640011571662501738013296481960040928890299028559046008350629
67778115733798490254160203326443749820550772992968170556683555207904051195033
14019296080220184143193249061316927726054064450878938042056195267390672252292
62958575681767486648138967753292291334740599837410298350463850744612631833236
81703199269006005857555720786705120464313697066997193833648368532167169519805
71122549067877308918252717143108256853991997240523985572863877701532470990855
85059798316242377561845283679555437381425312467204194541290751411353072794201
107989465964318516420535613830857299678803555469178195409330176368048496648160
74355532024101054410939825559847535096327685704213762219121780730915471771710
37920313958350904443647964033765435448080934737302923274536085552086562790469
34800727405023261887200656732161289297562847092851989365539696874826800109293
83664841059369538755627861036451875652993204119527008198861951231084841560991
90152643767704353061955205650029152872007581408453094351018303652958637299221
70325569013267544340209881408876770480683236019608953812791960672962587576251
84254786151083018797903555781159539783200634808852664798799381290507790151225
25286211085813129527989150221650056744254923496628177730153650151040772069322
21349235450176894811734038941306976223353489660026216717662884989867082445822
67083184961035494397436713554832796316535035263852918095727209930861358532977
85895658153346151920821296746346717341661874088702746403819926933849790124397
42744820456337318280461647278307608258856690863847941874384060196788280977758
62812254904606781661669667944021788623858448857726817572107953183965435084727
57823318371265702705340195103071206750433946224125338726834539799900856644990
37507504758674596574659628042753509596517469903785576218580955689885263753834
12001254181169765470461477070369997855615708428943620427070123517422849872314
31130238962835207409126047974493882266664815582292682078463383568195475124482
63959756956887937863215598958246398198103219294304183158955885839649301061118
68673422845878088509169527299497787369850563309824791904623344463436830997760
72982569559216280568110941015313571548414682709950725057631278585249815796209
41456841775376780774092624247742622734171590032010907120673493633221458952207
26826572808308529314658339312617715976238470120592509465204194553024635421634
6733875437697809786681296006668739245230497583052424674992600225120054135110
69172083037280486215437830499256198425520349329568425999989273940750035062814
55776901583733548517068228342943727621686364235558236883002373676784017072962
90734301875938991600453395301687360746840479493466796493238782296193300528303
81213401508328948120588318960619420817035264680712108999285855251534043406076
6274855505457055959229062880862588194271689202726413282270282313813077160330
30703091002888073793713447176556949112747861811923246763220497515138262798735
71389380261865733205945253004299510546490215289992149853606812832664790994624
32091867968716841235574710492338850019564558114406424814456152330200849091211
94194577009794904085204569399298474519882630841454677575278234782922427863501
92003379461742682033941816870673752278622366765440754678247976244217185265695
12334596843375680559320561069043581625818320180455453643190619672563334115574
63587541136352608362604085295513981874730199576066664794682049395811979896837
44811706330390334248075948533863155947636341706925748598347162541624755698424
94535347801627362378690886694801101174649706568306836539494829979554396173473
79982621288391895134021245382407559801574706262556618595743636615307068501078
2962384309611044204816250080099183131648503056084112100979582063966095411733
22494460095510347063012642020920621169614572780998903579131612455201195920930
35898168645858140666315546353756485027910271858437280206906519432369242598992
31257668964032153147598888952312164507853860077724387754640304397277314524082
35958722889376339061351887393810390497553336965865008256229990969333954211900
65518619904626015685295240198104351784287176908706772102637544323098531790897
60020191407285301036285310661066848166302850563602889858315514952190807081616
3989526263845356192279536848734768130011983890891986010687092068055462841905
61557898173241946453549134834728173029893883961149342481929661475601950002083
70471572074819306106076696821073978207174056608396739751936513627739578543620
62158301265586823011773563743439887274561955117785900667902639861472203099523
54967306018543095143371076526460461601255814015699036262502698903893744652546
114992121106013998110960811307431287673627862679214997968911695334523041810836
23060000661102005952366477759282317477466899291980230756651128597215595455473
19269488681293661776241859999114689849402824345320948827694342363373733941662
115619608734900767542346747549381113588458788186583777236019084266764669191057
107489280848262871073409260233000398904891358290769336020496803836889460683603
59393083837704011190625994284093876912438326444198985429745043152771222980804
7922289250567423176067182037161605582505155036412968069372019410991180393585
1442610028633260478831817204390431721677332897601007313678409242114267276265
114581324102186874354889276312002680074377995488880577497385561823993679606503
17338642466706466990829750111639767849795857483676065432963292365347690460709
100691654690900869159232611537858005484980353032350667690725460495171172221910
51431442896558587255965610447010662222471810179247617955679405634342056722990
45911956583258361159449582338115392383819141663616133485878948195374921512019
55680052514186814996480626000791548941860861094699130169552603010368174996233
2433188131738948968200239506065484944075431296175107855867800770014023974127
67172314750099806801442000837312774345157772076459350330738187548452834648686
39858654102822154181592399576822325856665304269373612335100286954035904764009
20585780981187085819312092680546049448620005988895327302066834933963880646533
101423518187471166401873469481438219874213647863725180894291212343970996137796
109717225719990348709567063079988277367659814073681314160469439490410117448302
65105849802291016471989417340429664002452325155875456362710775678891706366720
37121989534228496897593481942858344253580558496010552606907692548472790383385
68360583131006678965883926846925671055333597396530320274097683777211669390291
13107462744680180266849244234937406233082239198210377459856388462079645420170
110625725056674194069165622876370704044572502662470732767580899054655212694789
105169684005859332091143848593301279732993325819485896592756116480399939200038
103374374282365987514010490174614686477280413375190016238361247119656683821785
51004837309675758341392304245129846913729909175843730551769584396510431998800
94248726135572074101626284107073051209458810437426675921895979801709497991564
82961190350652346425222366009393057454278395461898902188212744112667086532926
72495697988280645292937442817477842389100835058856945461880820693169172695829
61609578476350383586217043791733891257449437821407588174289891529012752348092
77182367791936373693719838034390098903403011023869023236159783019994789006008
27919984773641062245680372370917571915150036512402698020631652632618916713526
34719695507934291277324869702775802421157288139697257535789325092527156255178
10658882842187577357683022156629877495233551924462663352777746320331897339740
38912255679863909347451311515456117430633622029766473480859068737864670586079
2705938289541232422763419039520657269812858424892155181971367224493258163694
99401011716352156672385937697072520009840093431232993823207306630519741977337
