43897258496202714708412738431280112881761488044068755948102304455926334064979
27666551991299317201355804435060828349239893462084283574274864437459394477783
68769293913015723323972957185947230077921582600924972213155750828568227632192
65635841828481106381848374496929953233138754164873578934207914236819132110348
31540327836797287392839413011813689749682480303409104451783137654421681772107
16005271070541332347169874773543635046990987759413989889136999632554936575957
72733929102016548189831190492446226416479617324962943505528722389352621449407
106313505413351563302657923705338788486942324874177981891894804906818648796273
69429917510504433189217505922418370993901063587589755416174252315864637724728
107724558248245355251801836241699455018300205691878343822885282598866291293277
233185389632093968139583474204759945532513003329470389980250651605035452117
76403904658222193945139629510475611376089638279702380414022126852690983214378
29704555186973829599663943021941215997228084375011349031810327125680196132233
94422164245289377104716391545904144151342165623486517301239306854846971041688
32657897845403771057561242700600941904058324875369517776377596973546448435757
110437980198058214014125165008253594570935409857931596344406519541441105529277
41306654601243482934134018673555849867000549133540659655322057375980840057559
41561975020501881291271680765831845781897761639171649300879722056766407526005
69076658529539896305915778887689755767719569714194880335045323106609451211264
57621053573686345458815960823670950620785668344318056656707070372321093052359
106272075446706943635467851691556754790985408925246055641516305011010400585228
102183553999969214471155663732412549529886182634002269370938740168545925525231
35641671548983421323559522926932926314404343825558851288235122834532867612974
40040786680538199994786018303851230228870734737251283765237052402515411503269
33993871354386874569677935852370724428717541294593833588033608863094610261700
58891101310836881361464076802940574914446082855336026983608350715726937975040
16509152197967516805442606088914995561016467743084203600859284552904952350296
73934809533998707165217995982100130602483050164590448283006319979532323864838
54706560012528891295005042402428871779191665326841882242792059289944157928922
114061107454048537171996526199551800262600882531148444436931574755542502110727
33574608054234421316267522692541873339980263058828797513380726541963796502277
98611941159143885502085122228512409004966816633500748669297416140025219532512
33696870362171109078546669909360601577763987921727686240061682468747521074094
5097148672278719751548620490803179993889997203523668646999286505753630182343
