20679211930278135040437715150050929543732448439414536839958929301356304443513
23650999434901672850904380920026042200103985229753598101462332945359929627057
95554581578682993393216109794704264862836014771285370588805190908174219280855
79066032662890939504032963807374133502027225549217553884993149393022492031975
54304293647590186753470058648584257807862161494536457194797183252827906432931
79165699361554102970430055321793588339477237682680679028564174142752853410542
88082195483702880797967734109514572112139868928640474679535535212004463060566
114980360323699632377963791104333140088125762302281301225183248824860924161842
100313079719470990325287354728405146903024166497402233571609800968148517915534
100897337537443059851402462156684520750421573963134215257087107693540830656323
37926957212059994055919441576878131226360525819554910894490235183385359385077
45347844355186016550815439974538078709108866738557778108764603325635386430631
38266251956717471736576573082245990011451478940980924815532367398193614039693
97257851266524985980410010912358185188358444025694999444661591880030253094073
1723974391567043988731837918283886025091627273221405674157721280129340727055
30834118097596959228414378056707388378404472434050398619183421758818175251506
14342408783581610365546204318682314759588636198270720359286761911962214356997
18709587122636565394637763506148480533369847358594456837493824964411350325419
77914050317032355133912518277621749629445331324212007194158944405215428211767
64130147552173502017301403339013494610750398610446423070581855117026950274706
2926474641171980065706666713326195851116121795421797818436840612664160251481
104259335770677181205820581765808951360837016642427585650867871874240790427248
23752526522172063918961257599442028143250223108150677634741226222935374527812
35696669085732577102535757294775631344506336472166110923253078814137791988969
20726299617514436413483504470674260063110787069895096626217663600116630099611
19057424208094223239160895462185189350296546965535561669668683923461687385039
12657038797234784231256491209919127524361583454508380627996720416225859086746
66016620482846250502640184820826081028769813433945418059857706214259168969103
43532360664115790275707377204769984582175442020684866624947886611855556478111
102237557378667616593672223589120384563074346954374995515531194998250272166989
17347871270747291390412060250870846351634584569510230512588262766319032145351
67745765508861641407277434514798522010665998931668260446133595809822737758640
193880032833840126068878092549037726632186614992706519566881117476484070583
71266757289944859012635746901288514577867532904728390481628642524870636533518
87108656480579692925383258348325469890574184940246999597645661605288459966101
77346441035683902876876838438223505076010618634976225646818341978228659409788
102243343389508954739165079941205219502196168642037908376655786500901435709328
111243232729282576622690306505890613115175852300389736674266740084299146052217
39479371512042427354766911523496342850922858059034771788370182416816514373730
58744712599002683462395446452411827088354614989760509978183194108919334104572
77125159377413109117569599127629811230980146920263118736052618209210195627781
99294536018316195893180243483204427877435485579151171682288697120845150964097
55784373146412823831648705442594794112501045440078082096440541619936347253253
81088979359296026641122487384574823530152882932129412139896404395736881375147
36311423882199045533104157595388708143633330819770523816179936682968449354552
104803202059919453913497417208487662116268844553055244354839574746919836515783
46462432600587202708195272766659377482507923030498989970848229959813701712624
37041967741687034405712487652736907289884787741662272406532850755113790167764
16194913117643438490116399840470932352603825128787097851561990186134470008046
11674629572130111263203344428386993458447112684718688941580378643765056310156
2284735198166846760177798913917373467953239403985810933536530594465641904218
50233413150777318231576014623482632271410363348191355165707145841054112919860
7055503734071193881452468268434876695814135635000348876412204119900591494380
41998441106867060383431265527758408411664608463228999775977600160117788253877
82413096343943547631597872172751611179876207906596860642262277827110825821073
96405037483121709840842760041814216576514338778114466392839288149078007433018
106175924221874842060369731047457468674397845525127581174216075413770101656295
68093971333029818898393548134023694316581654296498833211248274878656013839041
69525991580135689738126582308840916037927323467590494928075179734734779874095
84064941118558957161771608839668323878008565756060284907712775671756419975097
12279267979712292103582978835822821981306808360105291226854185946507490918587
87738903126185873375646544537986561351482249702625913046866819040682428555122
107468589708761597882025284283362505351264679372831545222621786898082027415721
67164496464292113533690926400260990762427182180090459036819724511724038400248
90318777001951377551837704616770104411717903179968158208287420051490381212140
45896221118938034440223425341742514170052160979692203635050252769990833717505
6555647200873102949141735091347830420012507882786264851536828134824819341319
25689587717964549583527774755762566555745127681011818906412028892298503100885
61957112758277465866474930313026990680856716146766607266620930783721948177465
76045662149360640187370337727370384524508676723390410208971330373887834458087
83824306729193358761821282957565551937168126297951287669203658526263522481839
25116923983100009322860082000212263853405002961363886098039116361350896036140
94033404647947821459592220933888233747722430753979781841472330913481210091984
62687057020136564863813732798221613626791919725346323470024976223754992055512
25693845212882139065131715736512760754732831595454151015733478297372281959435
6378341094983909485955172094921978042470000981364761679302112015269544177047
40565168710638433363696048143060472323065817015857626661038841452934988202714
88351336236309482389955723812992765297663571882935729072130312511082064398701
65448166433000648538922185819066122554257112728709248199110464070723659347460
66050683224118861514885673531831704182677824274504710728335666840052817540951
37046304043719155127176002063113639966936268827473957884650569091941775476387
49336330069224654896274594568063723680337215963554016616576736698111210437527
84743848583429899506434360847681588698764127428558316516879634320500069781481
7459078985714978333503175522916814930590004971452237766325391459465034885319
31892790710422187851460232584169085341166596014983604002780737861215737323270
