39143609705652081571721441598524999897546666277984402125610760173896295171883
2583960737656205129270651862798584111945279466108598479281976198037311019059
115582338590795891565976206793684229198551093433482254940979627170094830490929
40301904538478071391308672614766481170022165534161176678785614707281354970649
27461011146372479238267292454726112233217661686298330241962427703332232622026
111030335142052087177432319668500068876752619921132909732492551584662403386752
33132020025772995153797625211183090525473690825238194699012272872768720231731
113691329213625807304261299120034627208724176161560486455799291894571044742331
99856221413824430714114528509259912711336274089479759256939265225423754826206
12167041221834772498249162064195661361475103246214818065502573728696161839438
47266104025064637892208706633863055423273893785712703479977081584304956231766
25392746248120600479904675487784912664809304448098109465459628822609628902973
37881233660025080666141937900700100448969947241230883732147251689962569717848
42239889194339120043047593252001432200260906020050126607597466893359941788966
106504456664931068275180927767141452958013717933121817501808019179405245282319
58877681113966422089490118127452613346562141814393300154834697257302564485651
66151968038788061017183958701407472918953366177228019718152184035067268247314
5839056217095862156016191108107435602854518487236452329475233336620149640853
102226746443243638179625809887099878320408545059085813877423725558490726194698
67609548491534200226183265698450291988380643565639567964769890926265338828926
107431704178419069775378388469337230893128229611488499065808700573056021976524
52096288024423209590180235343489404890670162912603916674344486884559743438851
62836891942555297403966053259880707594348169873375147741079552177780150384006
109781456099340060646616281810811688608391447446423752044836454888951654852887
15815207125774534497870753928212285132183807111314535955571178186167623612831
10979610007359368505359810609319074728653698636602627537004040357641670841801
45274501905153421464693345512509950774973181422256347960400971929030488878473
47859939124009446163879863364086271571501773777739026333291987247956736714912
92190597824860237792658544534301630572136987718392712311571376109338357595741
24672707164581187225618127698763875526517106526843918681411102824054600287684
21574615013432756681563513935676944112136264938477901701853614085938861760166
93572912767543548896246642472566670945327182268554202030521449340189406988443
48615190569848684681083920618436777631345459458706688677806071544724383197041
53554961544469888721357883745010436436158425887336293305401496440342147643985
113608690517075398122585842491632554076331799349960511312601761786300655941019
82099114172761650031162631441396985351336182826057864540549963261955996291774
8753742405208099184159909346165266909549487365269524674998239567952579976555
97464282898396700547901177060932396080033508863013271573566414347378054577608
109912191322857681746672921614588303867981942907257783034542778302668700722426
78978354883786437150604646647105271762198956355323138586822596718075103684966
52473879216104082015449136281561387231556373525893409023961814637617929582667
72121373169016203175605662376611662550833143363447793779871783207863014784963
37235285476692662763881524551764076885701651435837994273005463581934588770281
1639861476647389811064616960072957467265030885797796935153445801854482705882
37686855050062066492289792184148826205134910300170192609105691301560823751327
98425265763201938835901553451799264942429781453740144457793868093220472209051
109278734068415557163369883587706587021336929210781753461477761809060487944913
88672418102315180106755732933540703755871690903763036605118043450474506001841
17473729487528728527406015604244924763084112004507602941950500084102859502564
53575407447953425895712512635110317634432950761033235329061560524810765520295
93864043119848467316411991875525196934795915842216784210814232048406808604433
14924841516940368884053601238733817806732951160573457912341641654573806802784
67150601848100158854336102989706881840098727311538839261757765623000082120270
95698645606789969745356451785991915901708506027640852348327907510356588803953
28083271374949374877156382455301402737726978568546835082782950199330884999730
4425680220854327792716991577380389412999815511721497910941246562340882345001
44608733027174780849394355049632644357096923247863317348166213443455616580318
44501734769814072831368386493868016615808653591650068939056780030095534964991
46555029894048951931648177130562387669530544880074069019860822603998407025736
16691521083290215256246892926264418154444987177058132796432107601221484797800
3659271472550200992339567525681844491745998278835429890125330911937700454889
61576798490782842203583274525536368500874037027453411465670933083474848008392
11307319915855408825458194165555730103332863480356950863032884532632937115504
89817220603537234089153687196310108220495403858748381795774746586749390903601
29026875566535900782680054551807407633747027552927042334857642145330655722825
6653972955654947034483794802871295048107313915193671186779153367626288838221
104712277054614420119958315657344670620388135110451072277618509580847272044519
40525093146915133828114078994193157388907876357146096070382326894279178802381
87703288943876521556032916493329527018535333361671679718530651158076261430180
105832988145115121520385470817181980876049525199954972490564585104766517376391
18873928400795320007344469780132310371713689473956296984987642022472028952879
49011501908566199241523413409302735094474120832863522762914431775643346114287
62416675475184165554193143090795741267047577547427854224481393593723889200270
2439287555680834193862783125840149288212278957880600519251035688785974038202
49476744707950350110139903986403204478673092877597849806846254280837145491336
54092677990873714421508688636993432708784369081210035330290162043181518248986
66567603038197379718812773360165774588121438207729566917557165600307317300958
94658554781784083228030113883380194555378210071857249042519536239411853619371
88186189577206447108766723345393290016813440883463377521248064494893847561319
84550600491206849138885888460782420358887389748927075683665878343176416380098
89143268150465694802767180782600075609038079754940227373484481420476558499970
70539848256893505853352774382313023337790431496968732948711561928814639287628
96871484434843893983287891940689890459036583245758479342145163946850113876979
47113728326358579001718076199347121126454337739069051061174874130474186843693
1634141885610963219881752898509073728954590170474783017130542702269270569975
114079683634160884275327228022001095376190367005711558946780905360075681053298
21672912943524453250668674848804668777379868373840764799153068034078473043213
48068447875611467786091424823625668592536207746035241622360537947563050466925
27817997388655589771659748106849663817876298158988678064132633013820707612287
109031714591153635740353154857054355355345804343709972159556831810953284448097
17231776418012561272753298046080100278374651410799460715265805128554863515685
107901426327419872613400179481387199859686490988611061787749058358334156996486
104542468850373802426780570240413445822196421440861044764477521158290392602025
23201648960905176180150911297453209016446372420288426062751089966819101563379
70393951855110659591210336063023475445224554925938612061810562345500622578340
112972595259866809499371004857227995461396600944673294201821148744357672158979
1041528140038314912139695383010171124365497858610497288267299612738483917400
54183804304568691880061008652537215913375797327535757315737434063496812926554
101087577238175948450894719190518662315830717691314911426338100490566019083149
36297628626441271581069573458452584549899337539704226098630147211679792185269
4533256201307255492104069572139719928569843662429234149720456917230008572350
11618491584675144383737554321977667941602616485565771096732552899430283397518
22714491288236927064265789571382708892084852836500290159124384627483027484230
92658507526205954853209959602307508545100405548912811935901381674250343374462
70317597450489581878133666141703051001524109774729704937692666113097155733518
13574043996905062501986752684358873748632739943041434842162903413180136289957
36975650751262718762186930915136950780661066662181492680324341971347328122929
95854145484552747682219321934182078176115814981871185704370961484057801773350
105758992990083192369947331586333646930425993669708786697933011847194689795078
28151673176542612999418695296133755501976131399993453354991789687164749783689
60707867318494759796024071768034880906719170673127729474530521561618305968632
45570735167713252383568003981410540509517669339986731263651738829734750015240
29458426024576911253366051956168517383513101966139820788575761439575363455743
74260766951533429973270749052066239072435257149339719757377708979506339544683
26677082674993088108919759860137802004207506570270047442882796830348208210265
84485427993009255356041284130138958138451658137679813901960457722547128785847
14757895125931167740236419902898063369528239972569172659376460775631181967341
58369663737545428301223250396195402145715092215792963615645544310134895232873
11415625978808659940872967069445752031679040640755634094026078412180955722881
18100981390418502490808186173831308897092810444709871630626213592158639348148
47126552834513802021550759728078806101674958085674362084837128281676331719084
12795443565443542070492956511668960139773794524880235813494643354015385406585
4635919549360029725421892263714882513829864999823357583229528273359229245551
80165230899981950891615061067182728205314368996480390671043055237942874304029
57965852759197941229634915320830808658246572197862693973657984883091144505363
30493989910342518530844181721552296940957067301966244629473694036884974156906
42523076315578015495477033571397575698052689130643325659584206044224214560714
