103984958299333053354688962690815615909084832954474753861160723296748502893628
114604789423670606850512428168187139394794629609271321144382889609047630350268
89392441544449822590376839772254871904661975242129204669537556659081344528555
45434387559753726072600212335670249624760608136552350208049042920021418271340
78659146535242866788488900290749510424626657408092280985883766464847778833827
92132868606348851197657493472438387681723304707582647773181754193685469156750
95672595028133941394616242334802985235568864262380673348828610470944461215696
17405920944621117381608777438937220271014519715580236953380867300763997540356
58068533704654707982764814435380590067095827673244173548094763502153125741697
106092064590838776263444198348537703976906221666306713447692716032722729973850
79916486731022984356709091952552369668771898029351387871098926443922322878792
84781803432067709665495291408226127375197582683142246287729180931765153400025
24671101066987354321567181156561520997485896641814740502390513929704718941136
60853858962591225875143039901601009911746269286897051448660851276300129267286
82714570728977408685049976812070213827413335733347086919816775927899364922424
89560052433755797178311071484148448017861943040372643536187177807127182239165
69121116932169445333266507788666267681563358473453369001328534431050842262664
14242894032318028417341432562377537755373766175152212198758159191580751574034
25301051131545552586593243456557308614505436130021186669227146107179421855478
11771783648302218947096641201699815476868522054628500254694160044138722275971
54810284261806394513520582895508424569503150260291377571862033655270011712144
38350752922534916520725750071538998142896134208126705388163968398989702609182
39793122069824103146185855652793036502708586708046199778621362244823673162515
44663951357385185176192764881201964347184449318206613343643925461660439676020
83967747101320901991722898596807681594976810867480430954513209365762136841732
46876599557856870690402713893755978257145371042694117403851812500094169639442
48983584882023556073609979928400369726717653556299916648630870716861825147824
29962102622982941491908637393259847950401685317078113324968370113862997430478
81566204703149835874557628422487646883101425259335772899261286660736370586367
27543381964659458826474439243342161374140491918363555310404803675961233806065
3269627272084183927386054408572138731168533519420994780699437853710103312085
58935204791461115296070476027677975487462073201501697600764120252348791408439
23901933618975477621357891031438631196312933785047631858180893519307355033453
23982934956095871567428753950622871834496508118194457751034930467120864719100
94676155036406241119702458657664558151817239848057541865994706271990510200952
11195934063989914590935999649317114335284716651555289348501913430224656959392
41593122138289326138920909582069269868441550254347207013673472323287702540242
100327883513903982305121628001119399434090680189747246690923681680059895559926
72598278536903401856649608370471945364590256996856810325410969787345603730914
106280973003803859477626492147907978056475149521627844031333536193061984530839
42458999498672769325489111668464431837960863414636639751556296484869239355154
40275384232573385355999575133106723296343118419784933683991007505467934354875
65745214322828834747271757942372608380526816245239552090904815155122315514861
59112014962178008855943779398374522209857516241065041515627746309858995655190
5561493991419611010276349397041965431006956424305361908800389082123893496726
38980910850625870126753765348359917494747088179593616465318193867889413213272
112085234763465805887378256743222907798865933077150707623182001045349031444499
21504468173986644676039217968830107604237907958950830312926283003577368697020
65177017171150145473451755882452842549561185558820565585822842145602303774030
73153204559555821450111585817179784026761192706792806520190895362547619381270
