49182168104124952086351773853092979221484542375330588759696175768396248001115
85589281732703569308883936493847689781104898126790445189933692410597555739878
69585411055951916085508423108095070840780255030973611047369701926141080812591
13893747904269988452857787967298578134505943312670846948095265283310380862979
45709419304346039360681418872204921155667914259688615387204960392981166045708
93247443647457275085427385922990509954085464403133437189932227339501031945867
100707857026285622244475241446971502572412967826508777494962723111644330384634
98613007840062866410232282283952980558352916262526886445078105809914559830343
31137962673477735040069067340138610377403254572300537334714877234816766083757
45185973996114258939350584587261238466213021199246943692529280666113893095977
37899296282369530593350639669875206248325438417184654843361542529188196548966
113949042214821118071678732142812361561504895785186576018985637871439483627010
108046803117993796962878376112679620516432580281630284363624931666313382440923
99146560667827958464000131263126378700489614130956218987522889825710101818628
1994121907333346259578049262329958474267689527211450526556878572888366072968
91435380184819894998122684636649869763112449379348330965717014778037790546267
103578884815915584980496726869567972142047533917251425521565645078289713460606
105064850021351037685611243317071591598759941646000622337511711840224308060887
90306542594489910894390162142596110591236255725551067966294361404994524548123
34511870310876492403625280989669077653970565690858345099753151536592143191089
66299161849907167622578625405077410768819552864367886684281776832674226564260
3630987104427064869342380351327355160355710940249855237078204345336522876502
96889840842069477567142244565926033473417601992408539930458294680286944087333
69798594778739518596694159141292623331643213864943328451159419178373655866382
54504719133617748750067979213189944320527708289835719348072849575257116547654
3855271558007877640043127944118422649891318056841030833149513850520332821782
97573325430160750688398498222860236432876156616142827679104699981383472149438
94279385926229144402827664554599900277201289585076599693530251015486397190240
21142762599489638234120415260424993980838366190094338822395792482093929460893
77334334968466720538112513387715133544124888131875433544251617515091331449536
33876219396086064558138428230567846033486263496147309118531331152450676427469
61687146388103224505676406639656608060157434204711310022429915675589226334806
95326228686651549891628984556473193891325693436188805842366336770379244253252
45503788266839508656705803077254557125240626788629632208849139598894974668674
102591169907164258649794473273783511454307174339290956840538819095663519839271
44493135790615794837235703372845988084837797454478974728333388518809114177755
111382630317473831954470328342434825592801542906620519998009843658659729668656
64169472385277718014596861749659336667237436143432624982460096742230437306244
63247448981309546076542261228758935418645270548427505295560986823026638787717
2016655710799058767775974181715349987425180195423306871379383198875828792914
82180917113846532434854100400891681176920467689898801368623411572757002525745
42397879476872729811823396117017123859741753532372598710133337280426310687006
85416217614015268207271239570905311965126965112733699628197663577538288814953
91464514553028241508532790584080650633047404736997794933379586717603302418191
44984006592124720149521889312146141124081427768402574053779143020166741476077
40265550153591722789365625892762063254717513791779039004936657495963208219012
8260346605686431348792554671351159729410217321351448264795569568087325845604
69307113229018880845565927601184672209861822143152275422867187623678754517553
90794010958011896458506178047931690876704360682775676738622637016959607137212
103520431666613636120719801768096511334578167587459683629689370548770101893653
35156020845008138874832819598253646089658690420300900343980201486972592075694
112685604021932561958792054127478378692074206878607347524276057455271989198375
60666758113539406822277076743226176671016350112964453187949812533635679726074
36067053388793281165037477252323742799567540653083797362919992202178080249527
30272257592108207000256231797204807814201725984904475829430749213619491378029
27210173659668930556962443056595846714014884935011059486720839113078233208925
79182956664510224166958819770256419036796132103538585693050179150587789773176
28406474450371340880826725763217005772158099074264276170521306821512876213332
93817667762636868315116673828474141821902135098997181336072183064925701380838
109183185337119689084776178192030628262405007314649437338210045493026800567713
73479631828733432800084217308262140916648922107105362017084895895374031082439
76936806184952193794447123430935594254718281749728252868816327172003477117434
87372636796044072626728584249172478094266960588144940285427538520640160122521
46916498630353663292255612208079906714521073473490360996926998495211545433525
99302104956433301775840788153904196271669020465491256464029268454053252961818
44290210984253158733856723865801329673363736775821802228650236343786224105730
93235224724378003512867234408020556863738513698180251415261575743355246027028
3215996147285685331502661400297294225491360427774824237038354595613443515776
53136820458415047918214342982532526822533788869088254157635972290444676396727
18252689102183592887187851720273500304636560408607019655662016400549082599280
14463827243068386125340021803854981908306639444910726686160042890392852381676
19963634196706836669921046241333350039601819277991082634379998595504257524973
21431006569755606913630012123779276020199710340727489537513378321979688595325
99811394318160602609930831811916828840972831922685399723490756748257545018767
93907457660983327095187842918901474230810343665495349209187635731167689387197
102268944886092981645506358317716375889084952141446093283847558524625739289939
114497635342140090096369402851450750533859992634066262526554403295021745861032
45036686890165794529241060092272388913354136899079862373541834941521935190613
59248326107659961824777904503382987168950014291387482517819807868223658385840
1080472823457809958479094945836722250305535820027842287322406994895936893760
71969525176848236098343567051131058772150379350311237106114734754605471823172
83044759133880887830357161312902895540566305020141583412183124013800795698526
87952558460990191909840690615735084952917927953954581870814829586234190451328
43436423242759660425110884565913689859105236810437520248644195400216005969089
55464579633510246788517079079819389881119812799193731961459009185223836194450
51720631293700250734918696863289304657846714421562977908471712236917832663161
39740174469156356389697526948066738866969330998421595889841725368362830097983
56177655096370969755351238771338840320078877377347412315525417987907563230586
40058245000992536800927963776900606448319523440859424676153221145312526040898
6276406227781828538674238173886888469671729465563949523811722080637262224894
28664656284428060156971332603814306681855997570905895378892106965043012407274
12335111588075966091078044161151311210306102885226328819114414597738949569001
85049834087460299610850397528460331354202304800173843616071964089552357742534
49143283458235060214439731350516091656632448294222993563999274933637613137304
59651744789156905212463733829833495862885535237018789630892966044735495469372
47699947021021133208313610805221977997029985671511087204083461712169467154590
47880647857867671291522709547604774378731055076013558422499360306816965994611
563075463438515443661900106997502583048710718914587919771470867033933499975
65647215991390087624498026899155173885579887897976573238644032582648730969367
14065237455032553390863121734756207422839004503992457787414670148361015496395
76410621685148047678799852822224326306514995809130259160689118153981209674237
62827078818037523477030557649642902643601059079491050696788438129017622197957
67485405784864437269332718623531698224298302094025650867655509072884751580398
108445702246279086615573185966336121143636069969194861594281596466766051130096
62860226815527373370001146715850583520277006127832092677416475110288579340597
44665636749194413955480497213150212619363605620757765536765665459391544722271
20231802372387580265356291298816168567723917888895927599510692142130845267413
9157660104957898952586472889462074402065025084844890089519462474042260731889
6933689905728352067388822466752903409463180791896045791183729444685405733466
62338158955571929185594502165567968584341856676979918310402576503916707038012
65053647957198853011510430934530921743152829666115733115602322611738167712532
75397615729888248278051634982489199606518083020676612915261272438364825794323
7315416362445051951112602838525988298647458651095002938914508155989230655608
87010937580876572661432844039876511754203981654120190323468049265516387216249
38326067141177543297946716854132986545251558233250994635643963611347728629502
15838308338277888856951755077854302798008985094031934987530930900203667018910
77458294938965634612290259176625487796029056856244129609465186766924946995666
78403000908125345411782036128161190074633444007621825925731529475521951852080
74030555559624253001242966595024103715742119094876456087009534340318651559576
28276606598760706447731759987602470734951792860462866191457439133390739990883
61018035882859283173559047670284984893715854915108519436933336985723393059119
40370947678585010853316376316870387757603041944069284356089536908171343564945
93648297024717358949298015542863752780512736874442587744760160384413766679678
60267391591481353293011229087794486925914940004493665613341177761662448578026
110738918968023630467948510130618022602434987993519029987887425621742195377170
80339261291267189266836930924026118785797144929805247065130269447308218840238
67953649335270824465287769257329011976371696556207899206714421174027556245703
98429641940734133312023449644295550497021551782251503969034650959762769273210
49014047414582033429469627372536783601423236314495756647326628454981840772262
82501819297175298818631291499499149317015808783183826592629188653000042566320
2220554158977415372955954958424810949161732087431420216477470628522291786508
101595192781312440574934933510623995188856785934436820159766622709816562495583
39176399225459335303396032164901253476276443402006705168971407047805318098097
24377208524259120514417853103561344351574721466420765330595481024373839290322
96576635057178345483001506629551321423073015642429272949147463868498733600298
72409304378375821227876220103673120063389511110701117519936845013159481893117
112522185077012921727659877301566869571612744261789784307991493503911658710775
105168385940502958841210703753285219276907982746013539475900692057749332957273
3448243435012024709185755184221508844845932125932446327661874866055372537879
79290143010687088057374932251785445120939343291272457700947390535515609553670
32486598309275977303435478891727811412814835111869581048283508483416821102942
108245376351505351084186509446153741679174436513308470512751650424097171876136
99967409844589404885229174218463183417253685269744945797558416176633568985815
108374779838119166054458594886529287984824185801355366101874831246516293646645
109865580751950547289982263649364456131191507715331022632320393848578471512798
47540420489582219427383487569236494306972476639328854546698977174769313950258
31960148814642655778390333174822183871791800317541574086047350671274016171973
107210949399959542191910149640747413740386425199965532807360684082046664942215
90970895040691742115444544060172080308686818701813234069643097600570943321517
40580861660739643429811826939507822240170830746879973256231658994884818589162
109971078128703319880761001797699947586911559734621537032495291884621256406310
29916121749196938189476103651150684883032480664406129437426263693876126970638
11102371389622115605764462670224445046922720854894249782217016129227900346995
