109332173420504003744615847121911787995994481102410641179647615228622880248805
57547043606484765643154818147417690230330359914607226365788409623124828383439
19209569398596766910708308208939574894501998463031368443649398660749039750048
110025872783807037029290055889351243581374896030724502937626402661027493330513
49066700640231323227055396361185019544982639655884270150209295948139180221687
84687712175252304880456882275838077062941063625966086155969752213613177685495
17237639931223856132114022157725650823728652394314368059240582007923196866102
101856920876139433761501057210594152378044878091107486955306541110264487514898
84925018085412586242863706561000783286596361520361978428666819797684870096537
27810545282408526205672464437958385300748116677658266077510405211331708006838
49476041717316183465155547227732604709017590206447778038607627289769733784199
65307193428198531562915241265439110747788884757111803593969206062869892911367
48549508190029679238445585520295441474603180678589924021867572330367565720350
89546745089353292656046957694311980620630693826373109322280560706561119778067
1363110084439475832935945692168241583872752364761605685158230106955437194273
74473440158883087481004974467309570970822533969103087519286890617219267738726
78004364632909114299092751436766555728153555139448683756788697791456652507534
9857483416359955923674591488182120714204041497440973469186057481174424582394
86617138547680201656858702272660550866276706743643092486286555201070825214121
22536799486197225587644347078466196287381938910068553491098955803889930387586
58506922208819745489909913019741009867836674310025384965454796686772209044149
68670995036271149311010286718779400590574752634195820379682010880792444517631
18318903996066533596740503914078807597186879553735799882575688537592849004189
54655333010856076077442759597935695797487466558678247246386605936003184215938
22611546729562689613484480198441559212242750437551939073149346646775070226437
44369233580931575742941449449489425660997971100149166012014552628379772449777
64553868051835127574776301210505825984213951808261916474956653385642581782564
112072816048229697461190863131319113945228333865342129178635975567072487090133
6490288789537200254768055829057478880085398356732287650871801782162206639444
44000358679898930427867616693047298682080269830620890581174174387919697768270
78744739015384209610678157620687734407119262312940988061024751909949757406616
36494454342458776939072074294929615072216136520454766017918650854360937777494
115208827844462744865254920152972597706022169187446136148278033666962322762107
22409590783496260152516991677560007093726380084198068331302786375768375595042
99016899057610360576542032681529466025008143868683214664732638473716518088155
42564940453452444757992908790060374807186513968056487183508878468251300401886
108147574670105176186851464098328154509906631609315489519921107717596454680500
48923427062283014291508296588997778743015652224034038055449343227224103494387
101047355962019319211411238103460073395029951268903276073843065724808508342668
73508706903832976907067893225223788165396481052467507645210109778932101123484
1683911262481833342546827976988076312632693501819244027369544944547697315459
52248832429703299209866816040712636438895542866032663096061931371747355121859
