47274956865802814282829016921063180006242137736646257429857316408617249367315
74943359197281377986336794481114154379311708209819474210905890416479638362123
107881093044632687743814161047476819798226912767621049877433214795572619779062
108566096551534075703934182372396979161966803665441277470702823766085862696813
108648103581234041737815138309469605608556058896738633899691841257982370348019
18992727494041715722601705936566655223767913392585612981711561922168954435735
27590156142006602941337686956357711493163237116812457273699930621033159651851
33024124857319980865166141727754007490785312627907909922728363230047622105038
106114521145441677257305685400659578147246911642292130649123032716490757348482
96161707699691373295193011303726062558429283546756420765949931466211315957052
72802787478144789582797697894648603367012100233970015492039445912352719669757
94210655626410251908612613652772079027023158728971742631424083148371621036826
76293719025042752920426960933591610920046693374284397598214800255661551850871
79278392576034743366403944443121191913272710758323730981189504509464489829169
96906678932729226952384118179247015017096365133737106367217303837420120499042
79295815253562858302276123668900979125258275418264220192005073698415897712438
59330788113324896743528755509169576425422493804393618092836693374106561309816
78330500895303455862002178105454182180005898213279962240379383699899088914281
53023242322595471171997800001971580712087430781850717820934239763483059172613
100923332907467756792934038994168011955223361149535043252538244191405262006870
15428830806886218313130267586480082625128184579821059570865885992936389784627
79861055426680836354517270605323801344916375361958837986317700283793504599424
101168558682780133448776494658076669414586007682966506958818107060192409473130
65226965435082627484900615690870725911692422682955643179528555563986540141828
11370274706879427490628257327541253565385607306326176186708052798851480008093
