10136832103932264680896159205565024334746008509283992518827853146403781776552
84910505923515580410229468721947590560764075903290361054918452702180553107036
83087286508511794935650448685901738476689731505841567187033007545761556145324
115627654523110532816940192601348462473171973224254233222360728393758435219354
79220733682800056887511168203309074650446127250381465377983579956719656005434
43436198504276891602784161803906827787872000122372378358581010758131343381439
14217829973544433907829361249349295547178027064708300028759644309078899942037
15976951740170074379394514933873703522948241357210948097431978704568903431483
58578713341671083873169235744313301841080963565081957941618827818454265957432
76407401548108855997948907689711508354444610601314280086428417812152186653031
59864756034398273457337778796420638138513623857311939699417119837348509286957
103674114948332734018158319788736685125984635383127567794852901007631632734487
42510881432350027622865943680338313569770591137009508373866881093734770086833
68654945396903293711071391434785635338251223158173554114104800020145835054350
2200748198229948345302307411988739736737415953459659455494442932039138900253
89273059064197074791925990922515570004033523164051503307874136500511355193189
59492909384107221965163850659909837579203855476137208446602216352307019951002
4076021239124283000398133847935527993672467928846007282285207972716088110611
55248681506416118577386642267896386802227738037781108642194393262833105085344
114734891533935131505330925340480519660719364126251637769143386572896392867914
12270494351006457761022140223878863985714975368949138823309443284431795071494
37058211732927546890625057778696634854576683873160519913171408434321714593470
106973152530810546032919115464052571107038850651045591331889531120638217772806
54007494617890162840454277423496313237993449503747286762201450483308256304310
74574354434682986481739408699940853705269875405856743240333325680254028370398
103181788202789653425982334910275723150506879147823658628251629483306331411758
25409807181217861082158081059145573435210780549632371013423802143929578288040
4044243693397167424681907545257807121095044431038017454512062459271632676442
99686607610969687867562327997930879341101032436695222957343053366443756175333
86112284869242528768962495820259888211259451111862303903473105657864541994322
26195072032841679910886864917715755654953631795765578534822214953360117640285
