92268914117333295327131709240215022996018082290405612007783432422801850789025
44395436473023109585775647137952983086443346658321947322370961064465067642539
4476055469832489621718675493542396695609940978792396120959134362487590319723
79671858701066357091763757869818330915374127666002253910960245543034105511277
61345685014999814585857414008294945201667698488359920409764613271553482082582
32146708982771424101348737407636977111008370705031676108963563573817107906539
21387891951418148663413898425297391006847373229449261185605194856787280559569
102892956013473746291703631514380641390814066655492445155536202008100919393879
15750876905263029800311577793434401804187504093135327517661983497349240916725
27967994959682775014512646432413527433676661236833775522297532684557572181471
84336947669910240502413497844543417840314240204273578247168637697679617768033
27300410418248033375013618175696489992011246122028226303887657171732006018586
35120728178813781333653661577321555883933585458561062590098048454827596684134
30718480678123687209402271418978758334922976248050323510990027891267772623611
54389719248289537544571630851314911107816464570101626279974796900823969215739
3059841513741050756936756031182038921589245589776527899977146681128925587330
42847838398412360252736992111563398274541012529322578760377631759835534460411
88141876849758128400081755250020654126503209292482119311777285989457933194980
57686337641349659100719105154842314079353410020093295826433638490026275743572
67040060711585903090886367510754917781290436173515418689675654519882975774414
8194724786617232017025944687594680984678019378796272044693390945843879948353
10347914845231395844985147020093952043416279298869813219544113188667597489502
41703554592090257442231174393049154494847392094027133045621179920028325224559
102320068701730775366561745105720114644596401903718315963236243737762288835221
113966054063887274146868532502538752723857764038317998766785413272366167946820
83913290307589698827634642669582832382483306310227135313010058320114572881690
103394210880789476001076084113716914508637749617794052449666812762434827094144
3686913443927023519423668446900156783008653843030201268614071774447839585351
19088281784001582057021143719205249937312499387043570077766934100691439929619
93121760661919305857246258824958754883719245249168941863933609436293127215453
96616038889298692284388679658210585262398798086123337020142744242140496326644
5876277845126546413473515319038890514615863061827054538896591110329149746999
62921708086493349144969239874130885815804543319599718626107537866012664908557
37119283621895597031288727516606076119417818097793233273215891514285179629270
59219914860326919807960484457732181167327939501908436633053003444530431281617
28554061782495285041852701918754188996079971917827749915831326171927772308250
56876925490163145401183414838533117933654485743411272812929486786566377539574
11229062762087428625641502944298424091620660519798803823982502920947812283642
50071429984235599672392632988969756307386140041016873438098594119220641068496
10465221239028476199475582690573409690153216651616227666619214131542519542907
26943493613171290916562986020688012357685047099664277327810025775737914019586
24515960318537962826266287773694078454172853631117881953933698187204869242934
2137341491131182084670190850130521783514613619745293181681939430486378807562
86780359096050122008852501491316865418817105871072073985991609418867682984911
52076075573017012578191821698314053171128118468535721875977109624642362452849
14148196972119223467302538036259730193659994592505572813980415596602588783975
63550374104463019397799661305648330576780913147592198929992611589081874180111
110749713759274274539649174863636208579881795903204824064747142741800084459429
84574009156327689283176563347611704318853565495209582408264478764304896508171
19412724393241357573477600469266332595954682201867807916899804927434199385370
54972369958154780380625455766813080075809147580075373284334833275959474917965
35180519468568340991264907724436163944542858382896583353044157970829563811970
79744706145949125239401607827517565000585333574451904686842868678616250311237
25918250684793431198790904151510934851481102115377270098280994082211643413607
67943399872454588983112204337920460664786321885626265245480517041426194570232
77078449325905671213544355014521169409323489952023082493204535710698522437545
76400738463412313286302853704628353854235935396816301547037168175113928205282
93173882327984625342237021762095401786066509575592958411669304120076380720432
89713107710898958592510224525067764718901362050873416669890311585929124997015
34141761706092733947555361120351891791554464507602121576886488649958003173233
105680412358581591166795032430701535229232770016965601770876932557290087422427
78442731219459590837578726345758912343647250883064388163926124995682844977141
86264577651794881850400051363773999106776790158302590689581721355126704048518
6521637834170008250653296285109339328016233148857652513396672450763200093681
4705338559151259852048338422445958179461758117179782359493247038739659022307
51627623973524400529957376431622726686643563066843088261253883178050606244365
97164751970691678421943974501000033933448685714658428779029752025822655955831
75510822209990966234815828572694462004720282132836236704421479279405705818528
101550653356527092172619186950106947822343134425917402621755358714131589944636
72033463018952105251994184673234152726584756613966270170932673189031183961208
42026865493368910507915367314283315709423465607146067976671468958162578090785
8350963972269832642447146081556536339679856000729187054137193429663295927158
88933311284704142583315489983755361800715754869625792149175859232564485438767
84376208238960086923863781041738081348376155850703913416420701217440028409615
38372394081717184362368364284979839055475456743332065978702172473619215222405
76963891909768957963129469138966471783487039755956775826475848230593461684465
101676664232893695292065458208314073120713198277141901114625482361912128558176
34441905909666854362403704434111267557002234722538197916420832454306812893467
46630042703050566712038584478079925242856384445510704954234553598549640354787
90449806992504283653324654007254580699760078406186139632901042246778913893766
114502349056019627696072327786876120226876490472318205617800126082092213390943
88500689542212331422071583746426529022999774372762262355303339000829973207201
23423255925332690115648960655719145892646270713936236114952369634553294700774
86481758916241146286541494317791843164490076641662901249141586128575474788255
94405894839712172211589009028776168448125364842813685328451760347240060232448
8621050986044622407048046489020700213305136546913193163381191571235664563704
14620681244033124451991856078548882652383674855421685871619416882055402444153
1497142061706301649714279034302236158036743015129369480730161449282801875866
96985866624808107610264218352147147962478647838349321617967078972244442377331
101545779068182948206063518414984990429020783261998850344263137652238703406383
105521253559988560725242188216975439103825261388121113518130283655399328949001
20522971408003429540496384744109451243661509537655430245635973115722263529380
110047425175463269327555591669373380573158898342460051410395030119555468140706
12757442438004598291075038534053309938075398976460880104114213885096148238995
55390387384820033938585929927150525259829560527418594038399638468974649908156
62851560734657010140229791628340616442934176578412890366179502431030627660333
90192828583438826119459952733551228202016195112638047269727646135978355583704
110372543582492422753839249976195390219803972245505606463992723834400309395579
103062942329417477981793845239133410138439749866471767179353849243436381601541
29520081134678730044719219087430227224634303730063034507300994702171925362174
33226837686773171232623458369108731385208494914148369458835614410412260413274
71068024198261384067098887169662494501089805516955409527462044968112074531565
97385310358718035938550232459821361514822163025360905567216562200720125469918
94386613682503386279722034101745131603607391597874627877965645704639119361430
75664457686355653659655808164678215909060222250174230657777984484790614877085
40830798272738406921038837908126348365778903199569964898953750312211772979125
49430020831512042856523618310581720067258049276528805461015503650264262015719
16558423069376954103315190826775253017597222455511689309579483582184369580898
42754063802416646413583326298075733660058426072161481786982776586456296349028
8875655379240797628599504668445713045555256938934185669941553052283994619021
13065600745683270840703049660804069664848489938297492661581791136014603403399
6900869322015897687121399098708580281756675620749207353654988323147666849465
50289976083301296775541118974506582344517499623215216624599206826205162538697
106738899890393246996239239069574932669788222956434646789492785508777579778102
78907782112047106099681160645984699830652159515307767826728001601608987209369
41775457612319550534036063913848713356016176962948172732836551330308911657617
61117427360464107920564666966165724107421955837360802803066923689021473098327
82362584756594421715730774041844111330436240917241901610903036769061348130399
76454715283377592245857756691264054180172386188163398253685877385808897177377
9145665446222557228245735756266295631356044724193784736411647651293641766583
23866015235052985038750660006170072410163539453875444199652469945900090962320
3346280517575463821919071194447403321435062617490651636660867856802221405095
106078652549756880857012027728119140433995654745905959604359243159444352268982
10188431168603501699329592500279557768662782808489191907035251977770491922256
113542346000506832026428632316729347542202820274518107280973008664188569624839
108460458196588843102521602437942603134360350367568928810094376398173979654422
59460724992899737058589030676294072396365825978981625632224460871757539999477
81006624613295358049372399591996602967316579630438758373749211636235148714137
33051841117643433076684822927438541324109917120318856243908064437800722056198
60787078465610867131617216054740475292794683006274456940798027329695260335947
34860222126997423171404903939736380751353409627832025080861807446986115683765
4305315183125444118366768258815177138971167534320625496168465561202274719710
