86277336965840184172352793550445449146778916993864616778343918162110399226027
32092937030470599612492911208399890935150591456689102009460626248046013748516
103704228510565520233210096889554304079107784329082443624484824310457542959951
30892092836750656292209623628959126534414176215691854372894613333044747792299
63660946779604694489957137695168082546615935836515203118484225189125848016110
40636541579740699129131676566100357687241096692288915699039929071722655137650
86604144984004055529643837533659941824841261443856818170036757164100731121045
18883985285369460104854650570591423802355873659922731443355837341277469444439
12755251001103535733453517291353602900068798644777906391844634660428185422014
89217265324607265010024385158036176908186344053128365753192261481010252023010
38994319655500177056397932956402279627037098251684803069662781924818626795315
58052130907206011444345669723184117923539532934382971426202656448474870423393
20867539500211638780022937117566234300346677439856989506529247255296452346516
55494745028266308245997627780442450379726849944909974657667083129508379505788
1974696638964422967535402142670692754210199544434574719590953958051427354393
34304608978117008798923263184667775169133680220692747878327766733104077162066
38756366358713424600088403801136944650108771698520744543078533862622588924448
48271950287145671640918139780202866052927750709219737854885058620478389107449
37737156554338467598993590550276953816100871577249853457609415771560961745285
