11081606851715294722564134272285052971575609238134291494978439041927875734017
31476380666069462613011725731129719423457256720831787655285776215772165853634
101608734333031875842959795749253023717354119194076903491826332998095580417677
3483885790818736788778587075043559404771197343676754397688143223502574406963
25618844304542291898537746095829509613016431063566779390219237583755889438261
95998195115645417819851107381209869554564242598684772056418393144707805084274
92266702507260127283548823080191569661543507945344864802767998013131134239945
42193509816559859173826266457811570947168635242872954712777612401339359098510
36665600549275143962956574143261163082160435282243193134944058661698699617498
114784642605328708506540499523101655089733009968143270340972232970506260400538
5878173269597715389738906614060564560024946015282722212468359235545777662660
10314873463660004474841202991386654502417351420099128425154729992656431328272
9163162685131129581906777015421928496329701553580316954490384051784968870694
104770146400523753551202479868939205174360246820392586891529775052297147602649
43434498696007857708838761561412999592322547674302653316194850270406646714190
98286465891517410329033303489917583089064001532385021236364835662155538941066
1482787776398070297938200495316962393156387345606604231469011008743443398615
86736464342043448390004830599860029981605880852483419067641677226691136105644
70616913059823765725334011041238164485876278424422845360606583194285189811631
34437554661033597815532059146163267193025801213128921806503353384455507695955
85232654280851580827625645768704983762278833741372420737707973905474513406616
67922275034834048574145946166487499015586025302607024127505832363677861312198
87002790826773448370261602842734922997724878943683776521581622208038604341309
106083813480602006771575304951958840080155649930724140429368971963035028338616
98393379889555074854583015611777270932190948011389331154169462847837871499185
29987165020887140582700244161479989469637999307411057146135214614757219977763
11816486397679746904223230676572001306702270520752639256713313736153131028769
47166416114231764057211998407121902412610731778501764764139120973565040697365
100191485736904341594914703960727103404108825375614901949647605097158084482934
36354788190416932578739448693793263157380561661147540851142721033444300421586
59656030707275288605150920651954503822808982726567752314703971235020192523890
71396941533935588323250124438027233881776909938076655393025327001244453194117
83565985125987033423973295273311708637700321042540165870338608846616458132008
90646872132266214591571096394242652588218708536487955971809743026402740464426
30987019351794988769626798962042881197979895903852787412443045532263285181430
14628775657184751356071273582499958795160924543767690712468699399296378844445
42756585930123021835147127284790222351473449097849198470983960014237511478186
82879600411604696402542373082753608541974091564122693439326490457569604378800
81072052117019566682995477521702709732508370086487587731328557474792463670600
47948504025643878520253906812893313845674120624808570725119939773827585718137
17627083951743886898131009709196668559593931783755608995973398328199109902571
73572489143978262933924114477420124724064568084912660579852518248633233559842
69526426381942533850629953616238205587873715090904246465302043936794808156495
70646089850722881781427923171382619378347117151591840426580903892615559099858
14441793284711507170136035101658391405096608452266785657792147108012733053857
69683155502624360874030524726048182854730328345176238673593901705371394607908
112845116245074972245677806738311968096755928716499478750244362803746160699186
13037707325668167639184429220455944796252322020837642665016716863750608161843
106834581850865014356354519695892250125339277347024281846588126894054364195373
80824556779513959645667151925702940693894645241957537260294735446262668509716
74919533375188920823452344238982139252606043125630941118933977894446397601070
20513186790429676314858531194500774533106162811187457805592160402827407946462
107150011163855236417973487649651282235032406540021529192634257486649005348786
106323232611809320143098810810598454695522675972949861877173130231003810857983
92281396665436902874697045073722947332242118063172888344104869620616513084185
1067868387858301031628584948725889078374608671728056979165459280669986226740
75148208031553487441439950986408239533528859833885301204357769310373851819660
20642350464703020828502097101538010589330723710336295075175195885571607797604
21057444472171891629431755002789905963316680885096653343131490424398615309051
20673407939149987347386113742809893697650879621172712687805484829439729738905
57918848020765558917261101059125682757640237444547207236431909968478407708346
16965916120495102433149858432307799563802221700413003140735704354875978167180
73966803493694395895920021532896864238514612372719987969105637165405300504710
24770339925290447065554259987428532860577655472163970096179770985478035842151
108024032462067417142111454932746507797950690427952321947272759473058742742726
23725869170347890605804503174224748638665941116726692489245110128125614736683
40866333082926167381680513880447155787375268821715786231472751206557549890299
99874601449950630105787088910344522101885959769703697068945141395164965791875
86893493735828031792516482500527643205610487630367071470999753064866657755859
4649052684025314768439370364631041180033997375491425021910543900527174888045
58078225149042853681457734957328801686019324869651090691835501325337782928407
97404205631985688993848004018220170485022315904734023431001378324546183690673
8820579196283205280067473137272385819405812168683035203309477396501474966835
15303823954752351889958510247601607974159451687790275801843371922614711719267
361617714552912094084421360259909229794941321405579440139175883715223818956
41678881337392125038699707199366753546182168989293245838527596305067669868400
5772683028894725572667668744793450335092164491165624254791378697629485758366
57014049877312329006843474560939450209738081424339900831645612429421164232210
46560981214706050686329833869032852626673884446541433686759762659312723398371
36281783424713333679906393222333078731573420347116062598888734371007845533032
36818381452449856115189000787477677181217617503979651397978528728578853718204
15896916626879291906197982966479524715480284699292517997132516774147259741219
12380537627967464552482485954605370892239264143968553455716218753258471947774
63956457520064429019316794191287063333673598790870539891594556238733734152915
27525643535621957808356257405802012942002384781442790998769276473530510716649
83352645333241569750459263426755066267011765331924353492569850346210499682424
72801012439422238830142229581429606033764203615176384008852530113320458424504
18718360968890154830326966953265153096632280169246522647323317553847406516938
69356269749874656194334266893829470920371961815615619958504344545985198717436
65387004021056123086954335483314694346918597139675909696435303021268110926856
106518959258646815010268198045806338660322861078187791464374083627710752864480
53408578572331955815241626665034201482504032934208825715825576260235586338121
113234877465207038992274794858705269225834924477210330027913489849796960448567
38523809669358245694548961747900597514897731826670150781545453550415699013761
11806118640547469116159476960004586317033165557067613741037515063848196956681
91600435151299506175077852081842815881383872619259764477851540415082902191615
29377448636966203841955633857393913492543095557643481197793636383751118446682
114016507693066277965995625911331313962269448830734354837884809077234760404348
49247928730521750128326963779707408524256393495875283064407989413123569682636
476722849257152426116023058848997118858995559435821120074919464635547874799
61434322154252245601325803795905328897236834156259032452715219874664439766135
95770477639648692157661176137153392974038863739521537374221561719763937423098
26615236858532437503182066193642069378541265470876911303422161477094497219365
90034426516641061361590218914725318176114425431446787295796599470656580200999
72980866803570304919676975268078690427935665657456192292242616954151593048384
17060111969033875594412768897063556984914268199821263639229060373599886804846
94922887043806623559502386862584791716996147578132087281439306307880134361019
24208207138336896230971095522460790357336414081762021292098010874306897437694
14795651810935476235175973271649864519368516727592959868184182961514666852297
72298883242680274490022398917181363197934142897713331950942283850003069881994
30007964373516638796729750550434368044823504778041253294991970376245159732016
89936376034216223718867622015023012443995869256570460464949853487931830008153
5157919334363837671947988712966842170283686066707326295849610581535818489765
80601144399631263462388085173317703189514315872493646482146061037936510498218
45657209636922527733387486531455232189225669043357503628592401285504421183276
77956209249908053904754985528071502251365288672461323166624644037978258460694
85129968659192215305726873289202078181980499411823282210856914127883852994561
79350314576957050040300005822719349131879373999952985273656408295383135368866
213778989001745416244712725131122121756679748025793130433202343616107580157
8431667672698477795450973756304368075568739847909382521484103341210784161840
22571846839507068558341222062740498131407164768839545762697257951717546330106
55448230199127247982788620812559928705158773261392858604620490155594781113313
68531703643683398969121047850033928604374292865084426103530894854725481116114
78903850878371720483866518141380054319543897711249662384848711478331269454250
7960501336341891788572809679804697220247959382330242044045233845608148994662
33011414571427131177316029546409951479396853069678035015255778992050745660857
73281345574114690337393928654290944802362407243332554567735718703301052313312
112259294590039600409375257985276223049535733074481886189841039523301495973208
881943323098230702550353990740943429433933887528274921354917662293861896300
84200215437646632892214143093220127342893434924951086673087136277035870414457
95842540340199911884079581971136131347313338989131528338436295671227064227268
