54737222317034285566068366151585157586377593558062197871868934708635770813232
41966381187083325157532142306825776954390123317266278665943775559599285827760
106311078930106922662061990436790987467777362640140071504666971734652279772024
55740823469261196556730172456865644880282515844913311966837824611912843520326
18823680726132263863470226962679479869098978162514377835710942770152378500540
27905465788102032928239516964175773826365751346128308097493663178076716083507
25417151925163516488350630789048778672346616654340124431091926911545766703665
97089840733253151519719912081971580699251278155428400976485086540753211487996
42955951827063416461910724528597196955749132158473233422177051260351923481520
105717210367448518327926435664071669274091453154757018363148495672148051740838
111410867645991165292580973994086243305638398700621366814153463206794140923000
41832624224427899859084462101867802512193837415736882034938147660736933833381
98159714476949489523080101962524646344464147216660195715099503723513303816225
89082300672249637792337001317451822414820235225561570294617508406395554314099
97319858847104131520866238373464521339242871526500490046819781541695649780040
