24640755960868539692993053078784059177067440955977899777875474191386104442224
75003799693951950297789552509340544638306562558594992941737381201624027380350
54990958525211792177676174768269731457861504396198438494561305378512091659193
66247194921418656129452921376414482983083897807415993315746616352412534411185
71177646244412733502579836009750448869441064614500372302091092922262314363261
27196606635170648232460122277266908322167273710452205444421704189726507346019
31288524228169629581938551991683880203869299166834683223365770658464166404617
18992588734192553237549008695831376712448193891798605118392095526854239332272
33797600557659989572026561990245808542373563607848438047706772313831797636972
77593094874524197320236144736450402075226695691311877470346699012481537341524
52599671419760184619023530067816817547484794645590050022702569988283446605265
38836262180248823032642671754057454407274458890098622591924329440335438228257
4172017331389855500998706001968450090222651049220763622107355234173523969897
94373906725593127284832803892619389835940297671229579107776124672443409896749
107184533338057224910565468321511328225448457405481662408670341750269375204899
3360612996844702434498587653480750535318743962032349570779015067601869238127
27148906613530133584724852576863968054069079085333132282192975880806452054917
65115045456087637729593641712725901394045357577802943947471728597772072452404
74240861028853001069925112134526074140429673648427515216841283578519720842983
97784630302537733643267996920330493199143466688444720625788842467440915105109
39668202883753387230411522710794232737300253427390028441295161254188922250809
60565515699735731697459154307977279820628482341308413348597758161787412915894
26742090457098118809800635962092805189887426189261378215088048321595252848200
112610758460268416933748100032751041466452940862691508645792739014815457261800
106536481149080977805804739295603528951161205574035235815433024228755130292906
61313463010630963294434816192066023210745960009665513411905601488002361717867
28346433431133591255641181278199017234691667822878567214976687895886025068248
111964031782468055885037048655709814112798581577667162755803628064907445192529
54027732802817723597315117994726462529793343315036152945532188400051636758303
5046211675485837368693581548271861736128601660111063997433816402851160899130
78494214792858798126455852270351537945360913897179384636399526137880147287082
104391213749108196528895061443314292675036255018496009700204001116613006367805
107322793472487347778229379842948718478709677467970498435914036867015617701351
196674836311366183871981021490747142489300523052390870768504069710367559286
105486120087743847599870020334035539864983429280957963517683070702768626778399
81330117876653229654898367820599662351416699321574880235599994120062598666842
59013762656580025530083147561685450989646379646658440464390772890805125430716
85795947170138252860719577576482944199915893303861576481941769677595379936267
43624276602651115470759692800686152171971770290721317886183962097097760904903
37619848971537195523081475995837169317518051175772119841170351010053357756994
10007230533042814782435514604815470543063397313183576857606334854054850587396
104546364000324153390685892813824499753266056413836950745602654275620174574377
10366771620649133138557049314405983347854659236161542043168103101819876035241
59461675997152700834628157090578402658954463900584265610644838124112090499171
3683886547486246257455899475175075763445410726312201755433866310730825299813
18672721564195647752002940397102653977583244088964339864096216678517297172725
46954650728477566713601885849191201739492816537831506095861092578675240190951
87179971786374549852726503242417672472739203051896971513526222675797977550651
98738306672444049007292672752092073784424913991015363130308752006830834746108
64303362647976618935189511932657561365083931573893783880358424633343821448742
24332879181884003561542285408868238289885065935801579935193660409240405340340
109308784906793776815269023135559655727346662343362568620273533049169998497645
66217556138577159313331897472534747600391838906340541260377667573137108807419
49973114829577794638132547319593021826308691617587450273034633074762901799714
72685683725522881182725160749185776592471065676618250085332131527734052953456
36719750500977234490335709055652631508530598831564750234142157130357916357724
32511296769549985170916557654394395857957345201399094511056339452734196603905
48364233812576847516766695300956992955742293946955112625041851063492504649797
53416960904676975238524073438491325381284180870210001111299214315639315151960
91138893830166628259014003209592020827747989521734368502966493569991392299776
52423215737000319514972843207066233651524985287702195838758214024006630843594
112059009477562964616044888511661421567459427711561421109684524608944317394002
2698489159593270408406333540206160533789045167134936355201865766182131011415
20338149769093725692865157833009400839175627290635318432562983818709465198216
87646344631188118302395446836828732246502669888593202113972187110400245079346
35702491651294426835562615938536363417596811595040279239975427114352725402507
11444285401991519622839741467496725797989528251282407390004763294012704716399
83474784010499815146936360975949875255553631091605065510639065571599402397607
58589646454624153351481467594518445304408098292499798778350968621918416199379
104868653080619721056372496205008353927609845671772770676676279152667019768177
11342030328687964316461293784312433690248649229326532134335051695408280750147
69319886703621839338507344702925012547077746633915630107484026759220984092156
26787060948697764836102174902836169080673524827131734316890698183913001389159
67599068413027829638111918731082346221673308198475535150652157174674313760833
75371539257961344566631964972563730251190215772252607861539640581065483511370
77546351230243763113582740680633067249888390545094512448067277343078351599268
106409087535066465369028059072149164269365754338369318202406676960719889846026
87548066535326609492615528606190072790934178422506893619264347022781034004646
19277802956163506119126393756510750624966349247984125954766037187661421301335
30206220961063021813685846562036767569670884415103704563888188754299987469390
101722821277138016821899702217697423094202122696163260498152719743142792378202
46961855518500307054123851583026258626408715276542752856052297247585336951448
58308342442401435513577975446391163488781034256457369985101017885513882434572
88496507801159521006105267213720325959165274431043644402185990863128282653345
25203295045390788180162121194824429330991649192408006406360698807641212978872
42341715147484986979978713122665451140111985386201766773053341601977350801102
71582149978758326105666835005995007615810744976547447440009292700321091838378
102375205959385401207774007282219105183923713122658717929901175439931643452143
83767144720658586096603717140625091857513141317222907397069652813576813512537
115504361149041810637410273277642784321239337051433224418560969257822599752012
58550556262837968499471823911462760827601287144346109691225817539379534106589
84850241236310681349637037602620727546981480661556364976984660645090794649558
32466949573364619758542172911646626490321739622454000717957183826112070241124
102112084878688527661989069153059387834942120530914368164242586652493869206621
36234494301124118770350659836690086520003994425299821788369207056353588318098
32985943548658999003149209897143510570866469450502516250424396843997203122875
12867421538276139094691826680845857446722110472606713300576916691428255291745
13229100162305443146736654217200478918598371349107768422893516408983132150258
80939717474376635931809859822276250454857012881116304748347814361284850270420
100551872668244466720848765588635538488007552532946639257945793823199102295615
13315284043774786038804289667518648237163758043224002622271838725583876206806
113239531205047227018372468701007383632340016303156309995280120683136351396283
76953383464107587966586317408521013315518437661624759316061003724651201375858
21614446433539839744121861140075969004527670388282605421909986614939456768873
83608912269240072720063709706382162379947472576960698163855971659024558874921
7137000024644633882457944883594321600159087934971443916461081501348371747905
39811358908592241740889909473197269035232186913424196642883129857688979149006
43236347750014628117510374207126182851115282720266934168289030092065945743033
64018640767424374547549416293975050726534113257763239834452388040396356049648
88737422510920080265487327662077014310175729599456733743321739565779740322626
40182834429216156143527844091309166683187861394902868608163571523260293124501
88741305086854850715845622309448955496852956242687015361298975451176398763097
49583114068604913024329703734045802497476349737022547477531675332269650669618
23548138461903353504696182380931839174333460322158556238004040103088732168177
30570814500991521388877990767261937621669615146571043737764937370835148494390
85727266504706856095535420677302139960466638634066861401502489306453706507073
40788605835024730274642836175021797184651269159994957119972096192617677350842
40493077128051365599575513306494983005158808842449758878905864965031041228972
79279951592648530915926630129441862384942850775495012939920862609930050667215
109977193858704807016205350045727219920238463883358926673812956500279623276174
67888801495070560195924549892598791935354055052729591198526038331359580854005
27001394771029334679814295928009185094793555300075972837129855238005373749343
4716536988415343247305614455686162463104656513151876418269414497433235286583
109635764638493193592978246689154916072796903271341144775636863510663601133927
111574687895382921444406415570967484052706813670183340997899268574139408108531
85897197880062857188125105495645742157672235871201286840597359035890142201303
45407674266626586203630511578721327930343293144505722197331916422404959154572
110446077997712463802608180419451393136737273043437117992129111368836289115150
3976738434085025139583545915307588551354638025655707438287374114327388688280
47426607217939423073168261165541673532770354259955309704899411152947956866690
85309794195429195529203567687020150649798398621526891515015519044995358893940
2876080503760432450360703116107964128948167225176119820806982571307499856593
97139697891646536903852875266959381592798304688144905808438461501171050173554
28622709280974532543690300262923381488461109347320381807503345939811892729777
88588135606015576079573794587704493430901843023641820792319592788221692897590
65691775391416570847172671872630771670187514174112591552004089556659663915760
52096951501038743642659442404206732604070410959337116537611967016265721139396
25593274446480491873800176391702005524161258071438903869295013690501619074598
48520894980287434790496987533037214935444285472367716153929899919208507448181
51366191452589497746189179480046904735949250424717260158597135691164150599071
96293430953149566336604224602117071184348810263070874838389464918055959564623
111222388309493264707071173677815421849188943267067871457333803917182670097908
82673895356731731469894576028533650678832032374424528401661420298645756448313
