63293598682075354688212082902740128851190778112107506977127561940958330827362
95365413007559837058877326946476403049994553952550170442512419972916751550105
88051255746322509692598208535365246314792466941413604651775020159514711834629
12218713002404822213865591931035688084726639697432718985498859574317103093849
13442604753850616373879318145855188901176380970311485965713791099266993014055
73860235179165099835419706084968421406352658075495175473874161614356670291468
55111151156172502076038037548817891148297705208272415963409956524708604286702
114072529477993681000005441726149576904201478710320801578837280512603636707184
81798758819068289024520143709936258794023545796855752825552726164422601308858
39745163377621286220423459222685445974937427729197720389485721085450776949648
109485817524278356327539142906660530076015846228131647246720976401663093387898
20448654244354231381177280594634032983287939235932782390771886763066712542400
101020823886154214593902551711743252996922011163594697447527234803670593196380
76808614866040866117528058924713557501465131259493447410211408503033207445620
24739692143261010690320467825258596424480879762299052731681738785999230471836
87596861331607450567308988703872429304334028166147126983992832436616785497198
107497826002712532943821508357613709284600442971327544825119339563061794302587
108590009909798959581278069420777305059800622719571978761802766359347718655249
8557276619569723171789965753092850068298672424185188517600559919462128347593
3609167409358254339176516619834085849808431422463367894047447040571928540089
70310608831714776356427553924763164085550759154205987929336558212091368451651
96969563221128818044642696817013344541793726869033169122451597374517297596712
76456331188322804765169669160183506720435136873331506020585532019927351801095
16669240844966045383946060822262332120309759464911366396281746702299369514077
45811386401857629951694241753834973074093414678100944029606571752734395475366
78204596625299883611580947988859864524543104784238295554170202143397119760322
55765639103159083946462297507414561305405412235299945294735333322343464414952
14662984890650836414810518851468296682640950472308333057324183164603531951981
66609488034494468712917893504651796837961339314571768441188114253739122517287
23225090978929530433441835146700901446297998447034499171863950754228118590353
233393348680381342850796437066514065800878473886524121702644969269497114453
74528279763503292609904882845041815086180837197704365786913783776010210984993
6922514425078248723347656397931219468996393877364837714835193880262587339792
42135570938537428221307462237063841077615448178073187510256589757676855915878
101928785430940413411550581794271632988401099830695126239214063674788981968771
19138952774677616578691668311539419102028215612938254518758366141047764886600
37396427472578607505269870063673453942783778111120142753286711152290651188883
39805631184287860936403366575542592657835198876049244101315262688950417897213
54887592944929301541063296442287287598107440756566643237899041806574358504891
25038721698405535052967970870292057732881220660460797528733447159634563850223
114285620307588167148877790600236128988718948279887473631914285450233886140519
73660113143703941241066376984518399163127501793262526347903567504869588929057
9146372965039073282132652006480331907415006920537891130563669578353482938236
20697088167989678013995162664288786714164180673564895532309902152336356923827
26431357145122972578009780464663036538526809447178889436225307449617509634573
111943571706837059293667734439925797940129645816957977574495319993604568145087
54458075893435477159465758844236521152094033975629238608820359276082309764523
83052511090028179813757017931082405184620739566628508615367097741686273380686
89927902829842798267390175944021460896692789426298270937656313275769430003748
71692834483094285967210326656213051508658602189365282382406136323077464481256
42058794134496655838999653527880678033088277957029164372946719015947510310439
82704982283724060523805672267918456453924369155761240806488504532011029581127
111740439373145265796110986126410631481366027010706418187711212512358099055191
94690398312540017009521910317878378067189201077514446348321552767929224124708
6398675932251152703123752107855327180125769278318796194651903639391204967069
32480728061978869808615353809704036216473732810954065037718955332156239833795
30500411682555601080465503612458269712118442923999162200585570378692392542011
48055478354056842284250866013402342626630600660730452532066128327975735825422
70765794524185466389526109448761808213674292818359283596866241971025464078255
64946905427960524001178996324102844386358909747868623742970177938574239288778
93245550188479602391784136350100055183590388411579555828400976415486826073166
90735744175015556943706674316681436946845384286601946551523345457605714895952
21948957925639247179235483518051673536087645964451811145727558619004618376376
92936089431837092050871532016905836321076793276391629625729994247697264594478
108015094989880511728308987274485418752888242127954890779863116164353436883796
87701829786092991561604643741071733693550325265041311865233315955245425654831
28239413190802985516811828147711780254711915623734000635963192426726064376929
10675662210447005509013832701862294512009083741716404626170277464334053478955
37185132001123744482502838936602327302738076611507381027997402820026075290393
53993080347387077685072541498536717845704826040847394395806767968174270378603
31635005981198654100532658683119761828381044997326496925379107140101820385453
104044756182015887875480337460400952785603268978967608723413077848732572122895
43262566249873136635550341048303168686304766525546157414005472854905088663734
115013289538908733385766691758598108823083379742244466629613820891902127503792
8973265891191165953205633418468372514452534268676667651483800510263787072708
114736651415063981208399775123239671748179655392353148852630913302083356633799
98461052603571202373451183115891654085205441060625524109224667539192514607260
59007194007774192102728217275428008565070548077626063575433704903799910943344
53274477959722248158248428776903924129395481484141295977103837165025110591305
91927867440954748436795030297231486990232562654688231839248063661793414752978
45364821671587351297923463290684273055142953487915919377144342248157952526478
7299073994572772566184907549948221279814996688705072046459720139039168450568
15781755179380431841400133506131167149258755353084146809782950614174515852316
101812268687868037596132538936641426770269671578539437646537029487566087811495
96489300997578989865497772829555958431277440798252586943299981230672623812906
23992807181018282743113156443165126346394293513722906529905145890813081428314
96897736506937344571621658610174995189458856670316050190238339689335876846222
50349765701388152132762204971539817460543213701135134953014468838955990224423
38665931199537059150389699920873214910406950495766577105105469782372550272225
41849377949902349550263086882700202538279134241637531875643221264410993730045
