104544421658416048890151585252260629085537739147851772255437486455962599734743
68716326385580663466474524826356815183480251743754973379865327427128328822414
4141470800200910697329469012167468207069771319433711794429082219885980794852
536041891037658043037743045759859894566521881072085383506740086233824749434
22091469620747045359569775038865837152783386801224861944920342619975064013429
41155389756308809662633995287064325827394931264660878603759056107282504970074
54980333863554540266170735668215733947565340712755505858034644086169746713093
78962908788095357930775026941139231888317138289791963790391583913770920702988
90145051132802312950043483383390494053104188583677876903093137885000292110724
71249335697794686551280746223924512996602626517033593006025992286343623886075
59410553625489222820728411464733714911571111449490563818134619147872630230019
57033771289798575627297153172590370041664886562127427635441039676627118702912
28507431688969080042756839852780220514266948441437932913921218989898098059912
25954338563476841807471899703876251237732363593252995979235097114447561351292
24773920259023308956051721953413607848450865740477097558773734212276070195867
58600696117165955846222357078117681691218250792310313436667255871982634656855
94165432547500950360512198354448020722066467260763724488975967111348896538527
20984481256889745425728708805157782216384904488161572805008360183449935539883
115266654852580778147010724221654960545833811300846185423229782603915015367721
86245417996662630159727663948330951582255864162352317778793594701893833313638
71631074012595400716931286359875619853955949326828791083255971175679109718849
34965970676874363664776127810845025759683388608286605037408427809896500643341
18244485329971193355107062176201809397804113434134246085996413527268452173903
43948517654474515203124488165300849110422245949669193684567754181092323807549
34044534520849125729137267611209943512021514953912138596427665027564092468203
113340802633509194347660509171866843798892630368990866258626639587297531640628
17802646859151083314954867354555721916463599934687214464403342609354168400787
30683266253015020667885096128080922924960966249630816508340107692902051172098
23404742745424964949738265135242208507178742204197639307337062375875453431663
106890524177369144645860496665429165774739508124599150438255660873069112567376
50523965236303074544630454426390449082802435321492814656756101052312658409334
43352300193082601691540506119367554511604601235766527754044073567934572695194
6524183929632638478483702858370894148049170676862245852291878863229532454906
18992770010527729445702199180322011903876224816819766709877049987597272980413
7073478216663173090735769554401184950040799764960546129433688180156033941649
80170248412498533457833207340180805383991204676862039744970697342863298555345
62921523858163463550988694604987526055559802957479802703034560896516737382905
83461802276277021828512663968853758312837006395944334981225664516665739570569
94117546762461512990620097612652942688811475751523824618352776576124752313574
59041074600226507625169033998348643100285311274652866300107611485283071401581
54710809877235483034092833025513005472870974327282508297616485525777614308223
54109477078796248330804448843819495133500756706628703931767909760948392226524
44417379520931759068328237259713642212404602437848191535822145315861021625573
54091450991141148522311632055033876750944578215274610051333533305396422494648
55570059260777143861045893692735445528505166259374738694514813476216933710397
7242420519504935438319250073431839024508479540430566425569585314734725712014
50203126956618774078620065290779325716860982292193921340959396725886841522650
4679588141790560935854780132593189380658625989442315178193176458612465364509
22709466592855521740209472732007353424670212418128081971885689515267587283407
102523468075485984130278422235700322568532781697361542189146825502045190371794
62845634811627401216833727936919557732925830686973553424351480887250744925317
57192645346944160959886597296658256127027889744093761467899346374937939903364
100822810363894430894030841034922180909970836574667103956341981512987289784797
77704984650203437902941277659933118376745545406776478296996593941613209646270
85453878486442239283009480033345908519952283018600556995375480652600426412030
87414427261095527408619308932955594018870219186928176019203435081610391180107
100289186951596741862484531668683336087518084070476065078963974733919748970662
43373795672007538217329665844207464335185415603880179505384238132483450441291
95709740753437272649047394531118860744638303715508213204881856927467344537483
26029737032727720777283064325236887426139954870023745014133722952786697760032
82728965989399474424775922477736033685496204386604706256465499562225059281447
51087979522965642745094435545555634467023830141731854898675803895394377696791
53276380948461899174424874863347809331307525677401071060855263517208903693079
91078318364544427161349411535192620361211911103314622181862200046410935972435
44876212553034435040195274298773120059076118249319629798630735865725394622293
34299814196384943871826481323311217327527449283666876519966425747080107369761
107441952090243778131555801187496847340434000830203921503336442653855868003575
96833048646069862892937260973506816986322952748268183844885123090360676830426
71202582296181982078378949026041101297319560590610935728324762341304375093360
21434268637622979821812172355897684353815237078526727211056885068951465286347
101622878298451578578402437990461875698255440764298507290401024647521632349758
4657941455825626833165838172440060151717632744411608596808195729038208446129
103940949122055078903668488970813397981461177056546354662497750155247878873288
311024237770047541936352486198030515911568383999132265126661858625310669431
41600202176650899605377483392489052937650846495719503241707470928688930581537
79189578629380633792075017279326473411389104904609286875778507184065287578472
5265078765830482793855513648594840852964759964767207036281194643683215640701
12926992166605113161272587337446438512824474076465865661034736965286187418754
113117543527351290467986137301640240126726325016592865423709603422146487908257
106401289028064832229301505262454219496296384634941639109568057228611277745877
84449494046421043644497867082784599690966970051894552517827105790752329465150
68482953126891174870698878512789539833272209869647806778474996882514681395472
113173229269399308195746465337356622983941425938538532474140760126916085156691
8328896424935954569154867910567473639962629862108775490188400595338190758775
110481695425465422881855494899335995385746483224654046930006942702112915818548
23521942305514272798839518977622762955123080283250183454360059532494781480106
101922029233860919854928520958465823970863183479913419158253335228624515161293
19642273700481659672394247199563260509459520808346185351609376416275158048949
83970481271909721921079964947108150084997981877303522854038599139304976511256
89129987772036094786857373492512205632109921476571958988862658725960299272424
69668406951091266423623256303222545402056764362118202580823879998601804393363
8733547548272689356788228563414307309513438293525065825563758283987227206623
55151803746492950996244169880578787251090456064813350395977961998116384968702
72719776037178924271840070364898768817391106012874421033817985179716821037885
16282025486277184141482546409654932268536690267950740132107056714179576409311
61502649283287121919694001187883307035164195965243842238161218376443764957745
76357812854617761187477124200214521764216350519371377784599225829106629022843
23136493194791319180520471525837989121408068902552183586045121292342332641921
64406055862474402343217963899157543692934437405503248022801841498851230998175
90444701621794404791751736444920316214595659247235066306263626860322351523701
11058085143346436275632230806160478501700663581048581529943753215776352937877
45142378435978281245214869515386504209386742708755661746169743467718415180281
113148101305211321060968243021841921366996786974769674828935044597149015508519
25006229531614476473573341070024226523846896274959164016755861962423130893656
56602026335089159616818756504954599748319201469393895526254031119059047379588
33784541264200429503950539356865578730335553685446211900601027610874323970429
107525193846074455712613489179131361200487295461853540934611391892196240583706
48940217967256476168869621779005317098160388388384713506162438032711267217652
4518227006745317251801496966509662714289587108855959734463781832155955680836
93481977433411544843568781781015897098227386141644940611000907545497172895503
95712984135398639599199966267545440883332177553851401751022857731910332857172
30407651685908135226720284276169253944602932916752648762411384722220156095021
58711067066699195481542833477312044894797615156359163899274151452208531771123
83771937466639959732172284147720419806496947411189765005017605526060386913753
99244323972911437693289502371444342977381195685454344246138620722919502027966
58093480067570857501011568699193595674293737828294121541230142810707885603046
108033937213914021836890256589013579323694783440648910046810490349317950945974
43727506359549987001068627992802909674255664521447679814784439195586188856530
26318433993072116257264239203185084662999072417530506078994487861401424653093
