31717784988840723928816778913287869228481785983218941166739363445445559628648
106445255599179973361497583717425489481850467313441813478928752770974930519099
5666886746377596470438597820930313253319450003640349005803080930020772703917
53329521883064680776128923017450692845313499146294792924475782804240638960687
69439354258317941262447016213588700510792180377489883428649473871286474170332
30649285045528684484238693173843377267376393753012253765798186621242254963448
6614142291397823320177341989108463718559921693165678872492377397490227195047
40339070171551572842470950031912778525769203588794670025365950857397457302872
41534940308828070668019043864420856192431496665729893130121123117656464170903
54291404696937798188411147195698531504979953802540711448686966394339328127140
73263844627856027846524727624871207207312080359168828254121483670229238129423
74371478103460458290844557489338570619089190200917029064818083967974093588130
77054409518339983362912570923826345200281154405058901413591040540211750498187
69606984061189734119338015394989388927922513772933534627944383733587678728044
40473670192015235283917156514483583151888648656727863357406652954145349193496
5873923174377813069140714404791857885974872232013178564373654855274661009443
2758112669997876543044128067929325362796064611814555880264445645071996449196
6679182631914448633777667839716582108972620474691070653973932950202179660720
20997881637866735393436424770152462461485720643062651141146918388989694646951
35532736739539322869944173826742019127180166393106093051784465069388939884221
3851528806208587358064507101797248184494222023295775340158764424224343652953
20587414008364423764905322411174181518842144786832592765520804819100978451199
321140525326012057213420884962793198971503101624789653383347189318985708526
110633615856131889153433243569470296088448239389775438978311498139158192003683
55694948298884885180802606682862445835169229173643092254745971801234502740908
9368908834024506432685075300317544792405087628689701995567704888631090444565
10949662608834793218049826407206888313827694817626283508402383117088729325734
52551142957507358334018402251528183924719636934200900526076086226818341912259
29723771936437526218613013005249135545560294525459583936673438579481650219894
88925304572771840274277535941585361811931962892660667176421506821725375401996
22024224607740891393395646261641296668794395764936145911166606652553619895644
15149565249010413083029662097914065960031234241665804028971700995479040720466
6623626593352767670631460703193012190779002884152780332605264269895113838473
37611985192014126868255544786171265429453913401928408445121920852075765902084
83972368928500630239167636453839681678635651119398722743360783345685521109448
26492942738419126402635944591962858290914350270635877792295449475333084049442
534953824057631552176917257695649725250082996841921064914021114269206010744
97424904124254688150235414039487751371254320830793444678729690713531338788418
100104458123188879946620955275541193800615813098523456092400602339713826937951
96909395362367564715682018861387930758682880181112312470718131060358419470021
22454488485674660389352979944876401530667794465916859628435283893037342627498
3872129087487254228343892332604679444133051364286369797263530001405157021226
71055248182552888851451480666337162681461169694135106751913296975614286128421
93983431736314787132397226490355578733489100685291559470647967451405561083704
72100433693661433579387520975453900032568027078506414423777659725218644711995
70545278164144058156461067686568601655874868860546573921063847844063877231094
36147993350599421217796523676419215509613200273095297511853278893252292123215
87046850433696103775600189480945079731508601105031749888336843541750902100892
4632506682279039114553133137999451404827768378446924756040116797357057326462
39417346482261176384221904388468202127532246750736163551673476143125043459610
18776973888770683763033043125678348994192243874447943785022172149860199376076
17340203961590805376559524796444178803391672632678279673051347326490079088772
101288562967306938315514476648145815636349519936382856320134128914811436077891
103707417007529379815519187412100145780150014394664516823970469207490143465389
29643562260037938497300214311117022187520380232569283198157272594067976711799
61108106877051103577144356904905718964435472268451418069064308675244365225686
22878678346538968204589887670156162067817975359990977659182148222197775350366
45652507919477409001440605368463712012372790069538390965464261801192891761179
108601298488311234240080523049818514005924558574293691875205580754217254633312
42681401210739182214165034628668856252292515262087898972719808112459683003842
110176583761553225458372031101760864647570805165945686721346799564178706014504
111547013479223582703506014802896449379567162334140357873717735161924301225282
84539132050042624981891925875507250705556323369811995695886246690276597473000
24933130234445360255764546615733635316853840307297930808504916402621586870668
96369241639921252734338148058150135453979061443794421636062107541378827765170
115785587211560401659080988057859535430220737500333279296477000205976345721060
90407420036347225373751049986930793179071980187538276164189425363806953146837
98835791787232044132189942248760812740088819878110477325278326254263667450296
16581818258615261299193114841241327948754476717406831729976313212171056703376
17665551133973969013015557711026656638625709152231686284088085140131603776464
75234715376925824813766234758396059249713918604084561104488389153995794069399
14931264765516645345174558064552064503584851111927489793403054638324330866259
99898215808626126098065246309713528972076609953173375521419219752206948316393
68015783882870450926116666616154632823063193628889862268429225771315369143513
30438571623092515644226971326109217873526635562204387012849051696655282268163
63799012069719858661044464243109378078774309256984712954146167349077891437988
9345640106104184156244068720780614245123599416342891893307848127350454411730
5314831427323399236063491477366837303995529396698649957272821176798764343538
37296696807038652017380113459012454960070125530375732951078426690955752147122
80391722179089513850131448351380064539478143417840851691276488555222915578319
60326694691404967807481363797668697652402418944564686190995254288597029940610
76807004759392152055217520184260435288976096541127404783950897143488735383071
114611204436387689190804350039249382925524881343680506131328840736843372311189
8154035422387233988260793140871184946776962267125722567385604345822019612309
11011080208075184924160158000456986727505580010623980657538460800793436318685
110706657042478487417186752211970174028142979126402404103467321398339057696042
44316479828942265717407735269418281954789181813847483721237038891725061026236
94375132130834636278790234787726105820302835319116222820360738987879456021742
80409423767573925065827861742161333357236661243769576359207951231166030196027
4512465333212585055438331455832552047330909495806136611971778071257665122004
71910149956312575340211459039258389485454454998816064584289657599981526362295
69131226250815213869097001739586305014101996510854117184126311262393103941963
55515123517486491467788982194309422036988598901784704694229536387023976534990
111174797599516721581785387654653810386410131251891245664697721678706335919968
34584634432098689991886016854302793584622341964727974385699308806847833632649
80057434375555804157781753070811985183721969556412621185644704529443413583792
102175201372563789345174238647863553366777541311607050414514665598873895654246
60325655349050223506151575152256289498429734955256314669683959642312484068569
114396178082522416204609711636516031453241785806537574557960622677962783457949
107412379148508445444299403657352787127406705437096044020626594665773506490374
29550694416109384930605700728329011960231885253413133737726938032824111767029
99021390700682691334058667233425074412829836391109079598745330781885194912698
