70542538401399114108920716816168858585281682652931541832252379869249925004219
26797879900934110203364785332662149633971754248691416136249871569248179009865
101711289334461907811717725206469824109901361217382600740011340457136067135894
65871382691482664227840676081778600077328804541947644583743663438970879646053
112066825832971263779914566128608067753438951894840700851370771360374762905516
93185360646839769721697648296734150745272313921626876815910030386222168720085
44091145335269922912824040768429475774113725589268341837365586651941494086347
90196782456977943558629353026362236966860351735178745129836042202427939299725
34477703341705893960884185710578658536182450094641676270939025878807476849059
2263159616394024986279199056543875502217092964902038622033745495758060840736
113467234064472825169839766415965736304292651339757809690907191800480806953396
106720310571827547428399720404798942262252516976975701650725600712171351305512
