104938188914438951965456215539920730097768697557092041417970135184321034498320
60963269560227931326997966404029675442979360562331647887816438646097585392483
105246391679143579425295932095421777922696921555366788033316562133192834585011
38898660926541627623960233686414541107868243047255090239930035234134104029595
84559113780124512108901426891223694478056623127234258767158152264918566890241
22845163685329430924965320135309097393190865303617546951555650914345901987075
10516833269053647951803666746868033580087771283915817239158101288894135771813
76581467969595107478403696937088021664753705131681691558322124892125896698905
109897040162516559701493377819066414852299374833300707463686964822933974450870
98464749960893577453044624973005509690134445721894333199008442313250874873059
74731424367355149869928619574327275461137055434169729497881460225099958980337
13807720787101224946033476030848723964562132894770310500525886664974206355806
67419323889495575510098821559664823199786587813523743944209531481586235009077
84240206597849202483293017286462364762351471207340394716282281788075194536375
63760304338181692727537652869460400555458207753181145649097820451662370583126
60411386829357946965526797669119728648500716971281051971101458549752944451122
113026802772164878338916029970501804445923905055068912040734255727959332640296
98342522580816654074207662039794177224155880457561468593616985969519490021860
6083479098287606394864249400176726233261099580841793272477094960139879388727
24772476718811379593253311815523113244289576203701879051880840953489405162244
2465218247078380673204346882160145883970710993230830414901105762713351556569
74074425215238243018727935905837434090503718533979540179329310965914797253983
20240899981209137656108559072643145434382258536520181528092848258625653145643
46916172658508079903213292904237572584147254413843383313645548934606594037336
39459102347175607329058793247714463789655707242635985177090233674797118398937
65221681824577596595916842820522030083754346007391485850621633657153814245788
108162744907415791314837490306515565324706882461175302077608609423362959736172
82161481451197168342913106490784312311568840133598188838970355102658481476587
57355833555225853044386351247821106308207179478345410936951519772079803807602
84032426988798564488068315855426700990085580862804125443432438442238266368016
92966754000950011998834603752392831517705636660508765804792365799050857385237
65763613341285410355691038411810145922654549463070770311048783555914728360516
57599498827268026177636377159526054578764627023281944480044019504237639022532
68899655179268947037092075285147947739303445171744609392197496607170832099893
12089048327450944747088273214200734169174224104049066904314628255343198933832
90839304049184351257936968632240858892633001503194134390435880076739748455112
92740806292076289762019552561391661489622230264123971711252828543422594136248
53389397338801513920931271368122121552017721736386495663491101188667421177043
19650944871721431225826833148856470574269460021084300874901030709854961481705
82642494433871330082371639252746623441984519608225607304550323046035274909369
76273399686356456996438689306904441629937258448950985809383581276261227659699
105226095316298870543594266346531010297715036054263917129603913395423746776024
54338137625539854327252680083511457351695395465075814548908410181239092160292
16084854980963822950799424312339376448307824347658603020356057200053143897093
41707680700170759245468560650059512476657047050483004637134272065909941849010
106146666849645778428497087699529475536876542913062048776015287979443077280678
27300227230207212883793928930244299109505407783639131117668027042988675618225
93332489725675745960326811306161499655100371514393130233901846212379002514012
8198692415940328938340170588618222576448203649411146294607997880986152881857
29574953218993269024930354218522673153968075284721645848658453284306286790894
64249603224089262212663669898614826238432875262592476618550713810773682656149
33128534103713684032414529167281586742506349907880802430477548865334866093655
22547073268270568378156584756284553419428430324077257679149826151707078675188
1385655358655865112659625145956997554652167068296181376670480969497368987404
17995887272781149184075193298197737892651513151755276638276901818217435838009
51854854787285866026751580516496625849277413569610870865620289900872867533195
8151014648870767436275765708350390254372433685894676438119900757838950901911
8682633104929252280280034002247740414578353611981485095739595307520341954576
31144475775320537095474509672813489151536447702850421766193682491538579503080
69389003573264158339884232598886527151659348624122066552712829894147069818788
111463452172985840405706171584869093677053685579831233334005041554427291963087
28167866520968273487107039420133830008716229554208683484735886775649727035754
56987410562911298205689859774986286999356230629299146633540054791663407438696
34418848860142698129291016381529475469139104059719208707568449480610540444149
46213005534310726391376912137612602487345570888455369494464638878781196372349
7904690832334120466043664555369394591421383274036732593229431466338978874310
53363721036486684293815107130487334642921729838072741565686730037774565032555
89273046022257524511083781681186243032746895992753620862414076050881797548130
110083036301254034841657740528348395622741078979640505221859835303673361389239
100708297604704630921083798795720094755435783596575631959325773769641476388979
15506402325157082850407318086263230160279552405287483425335445702591184078051
57840813331612142661887883776229157846174599723071196017578154297165171798832
47981342735362620028824409325810765909812759914952911601501774856704809578596
20538629898364135504074891143626587681307714094380437933435590921381710383097
31427728281767500324078953096395934091994609247366709603391715290461499255678
113917769585560841051478788637073361881005453733456854797379764779583298747971
53659468881821117011046092699234388644761977461175937748716747670628678963779
72599465766388973115441766564412777294691084115934806759231913177829106402870
98146512912477665424503784773077133002642292479856850968736223659794414695820
2589542019554241262013143599551201440329697621375929707192419351508994607967
91746468110766803666049343235404100278486416465867802738807605945380826378540
9952349741259916224923244680730749564904503306682720449622332554026997351129
69603061385861951191861004099397122548298846928202841376790375887258819657662
59161020382368800046938286906437335092908766080558636569258540408441115877877
75140716981124858758932747287515804191790127217351839630065760884091200969996
105063452195278865373255649249792491916473960777728683660828385174048694403042
94263347013623329855226356363190915065220292094958976034894045665791851762048
4128153470319809820496498444974763108292297818036352894507756185388830779359
106373108273967780324831378941716373339557799083266294004614783145563524804412
55510729508056549458206949963232378452087454772951937572961660522673840396610
14668065634430995489093001612044656292789863267905056071910832656970239298471
76317680526520862839256924934937633380362526557763801896092429039739707971473
35274051304785981656079073347433946774823176153799003630766491136034600053405
26919151892126215241198372958407646061049960764779496167767902950984042232157
74149243973284595222801957825595260326346074419015160570984742458922115559109
34753357508440809541286139596592735148635458866614095843911003791899908493924
44384181268138295252949521865661841593647696798080026113291647927565755697339
24101590947808973666869474735051754889120997674351099808963453389158829438466
376444351777946887413622348929586524194099767947710906279069256521273721984
18833455298585353384529116061693380092498129850843257704876291449013129795450
109899517140438604884452787824651835203160249894079218634229076325584751291190
77163230100580386443874674237473114951219533475645047772171014144216893242519
48995137739891067077011045396698510361987085974919160755030591473081267661703
35809401490425843858963584577598022536689766571457373628867571698965067209890
107757141311788744582165712579126587048897415707028577865766492735985041837075
26263153932149335766186003464379288056741653945785078664969156725546484321301
37907312385897261234296963914941353615992703265303587374780797786808900371977
42574954474276646941579677876574165514828567371942684488232167513802675447116
76537742958993077592439967178197252726530983210387352138633900454149703205690
2272581147873988714478276418705018323013840898057710101353921392487843016266
111143250488216014854867460399928843011604196303561914264429254751857817889800
115289890271519239150546585398956145169867656249131812282282003973218504013732
74958865629156263722077732384206122262443432311880598967984828401616577449518
54821980285907292792993284821753947093370375911837796132357018110827459115501
41258811161897600557784399932788113187379931220342063919981965744268788926144
13645591024762187487548223449187437782785052983562669188370745762285497098305
7867734578955749222063627085950481354709723885438709992006260924680364095284
19227918910490461971132598803853286266524300090047660448539324497129341003087
113148225472000149140279474768137605095018308036438024133917408687421030756927
20489092796534777160891046070172036411658779618655004182539210278640056256859
35650268880461902936995965019347301711068330629530626366516957961075634553960
74723978508089367480028378099209134453662318607597372512851491226479700370168
65705147865381487490431033078902905180808416213972866942176445146434789229927
77286193559470829174124016766643451032764990933246614264656392019978302709411
91078656673791664702176400856726986905667369654505476748758834994953699865711
2985285052010754928897248526855256121534531067843743035321207851589206643119
21080386710428121800801637942168310563387366805225282802070685367454297543492
48549731443381190237930289327431791543109210579929658390520176144902778113748
87179890413940011144368650449708247847607805829419511336736176620919093926674
51390466730559493486779907668177461986675398025313418192877108857586502590557
16483909123872369787527027219408484697441984718324288045025222991013710915316
96978350325191141479219326983764373734997027160259510814773404576047471778883
51804556316590133134796952839329429327645028521444905339392061694416672006229
25391737065890560400542982989685582197542961358979257425821577324244501256441
23459651022161884677717920439987076491707095958419437666522711744210795512026
31612866114840330092278102370678449522591155899634936508087844574308066239896
2564374512557954770331466208597678456031757620129834183994764041788266953393
92025870763473789042200127580583635146948913220113272393223371397665590525483
23759145314457375407117265862381852920486668373927854211183606261216427115903
44336179020128896658758467828918090673115585518541199257430337595527675154376
93115152516262609919242108709557081579498951079913462423619351616148912277143
65438311039128442469530829893882817619225270314875873028825079697948443598931
46195221855348093991814370178541169343987723468954509318912774625382669603320
21312188183490295155114054893017915577562103840932788253901760462221033419155
92940581083843968460237572123095431996059684617814459055602295807018069989305
24419338631170472181294266902613411429365706229267320139354110267448743116509
518881745738601169642960585240763115232915445315529529870932811821064050722
105646560996679391951033058025270799717810594241810405600994886907408650744187
31708445644879882012237921426859437125741866832084067403776796453052962353666
9764182307824977912691783681706753590029578924406847490068923550329287679173
23233619479170277762536175599274359675492548669234728234240501322846845196610
29933336973277665618257400648063378661804302878712107805706705195412551359174
1624610399192206935315696128911072960527811280703147012218802314578622084972
114119614425361595643877081313766840557759855836950407467317972445988092821925
47365115241039007649362567921680961302490469478129800198840912185839868224577
9920800872337177747344006394401237106000606278303347262405561158577319229659
67337572889839284067439695629927698608440122964320159244508504931642862814521
71234423181920180248786415056731541304913116688369169277862338745278146544947
19901290420254097565208670878900313788821054164860593909330160403370360965075
87033441201671437274870577328306683102778493706755415303014435165465609103309
84384487517533878970827680132781873876712408465380887652721856151175434612808
93948063205737480229593070710927660808701455920491734848432039263289725012156
23193204759596866155613006698349261049950915031515330711410402777508366685248
109992443315647411999356531233274671543429714661869015200321653022293075782682
21903476902767396492002984285371165021154047036810630463776351899410109989929
35437551251424854263734613382314741539440154092752685269425236754850135833592
11022567210880381473542034027294573397151650954055086926418352658722172825821
21280621434506762280471081188930675484063475065561614548690825142302027004346
115571200239708663369331023547261438439806619464741219697749545889788700281084
67042470288170528561091724196997192488717224779404698705128825515470309022652
100413626665831855688361719361887964596785098056529604980039972335754430443527
8113764436514081997568093636936781576779421962943701446599470028471857025376
96761517217626926021034282473995323448727169968007706267118713270304424017575
9417770627231861421742457213528458030664650507373681930331485545042097546916
27349215854268121925587821288917221633990619893561524953289117115303955375672
15457117549128416352965884868464176825778063172128900008288096193145601563674
16710123601395077022482532758344515703944238540699050892572723415773614377346
112861025928754210541836867608250124903262686581905573308403814455437173502845
82617666093674049671719751773940734406897223815376780462823917306105865173908
103424482098440487492520017114839073998199019392991157633070210120587428587524
104914704223633624083295189052207613250018014066305577671179404251017705038850
10638578898600097477754060478682900398774976681447171703707069212509962845750
89386921175570230420375368696911441638964986557210226995430557168522384641464
10667480583174900737327200711806432273234791996030568215142965873212674695556
82118848788652685860798242733183859732040640499891508200485329891496938103639
67505570291286095610483758666673979327647069025242446133558834416651115379206
45754173158189555843789183603474518781509317869404219511869373750347433293494
94630804572266311462289948387264655506636935226214287563219883824465042948343
69229036103101626771436541622265810787031600061360874885537911788879931744506
49874082853413553096425170276873362738146596060221057866310105602827683032077
6958849597215361284901274268077567340535986257563965265626432491020661564614
26882729331628111297681574073774188871941393763055184153308527546918229115058
