31247772935091106477994134418794765394178876046600058027573619276980051184474
83313664895353882654504048474649480240452987604521033996599042950474125561114
45502229957688862023171697868512863842800912893027191204246151305232474995013
37137771729931034846937228181718170044199193548021266982042053487822717147802
7934045729171606471352439163632041103557416882493722960679926024398842109410
101939296138721263500445037093332546366527830934993132114475838406162396883025
88491264999154844671076053113605524508595901791728345445963892725412233626546
72810683514981600544700111420306274968178667897955931373237622477351879059195
12921850588839565165623273849642560999602614059087389309991165781589290654946
68029805351289234138667339611151149858990384542367523010166409000132132006209
30438108089441128071515313010366091911835549117889211667963756099269750265007
27850285994737953660314012843689652667132730150994833318377816189035809451744
8991305406012670102783247271628128396913074024929507826299580384856994730550
52158143615931190804161585636896312535909496988469372815737067292896987037853
22985493278852012328347929280117958006944512656885231603039723795518267740796
51867033479286767744288723089209968656117650161710236762636233396909997700267
112835566332154105113577326986419280132701450008846188719267450683656446088918
21939147627688625362928224131362022846971162477448228039172284512918281337943
39950412307643744061175537254060524988087842228167342817094579362990825125452
52000676943142945677977158529322118107211787608854902557164883905591330542582
75352484029869512028433420505686921083519200279596548973166827749584138185718
28941568263712109580693771330487682642604960893020957747828301739080074871829
29674777983189852839132684238916920240274081720155356214791725530956393016487
65724242121851085486624501928528594917354371173168621099360040770547534337327
73075206604241782455352221025825228696677432917040442247658663837533807654587
38877143639050441446895465497497802474665687330555192190838460608788099315121
37751061161591568482902864592167695629176416542597251270795069408792835425964
10776923646950990591308689716854120343473515324404345001847219249258930065077
20673023070291690018292363854937638839462411317945808957202220217110476734204
105514897470944033158840764412658357266338418978904419715426718554444794456080
47623613605733151575448133796143718301210583502779404883095397888129303716373
103949293998093664620440362972923397060585228305980676158314892753944225078062
33405165728905224665403335171289208567054747876473222303178293502970640641047
11178092183429800848699150569344228280332397081995189994570042069691309032475
100790403907797694598883811515034837866601752205374215797038958934745498753458
1134620856553453303127539352033330066726407599903261377381355265238954693167
27867222790401389538787095094527331727173252564255605779599360638093066424722
104040501337969526722617041222789239375231535278589923753612927485254821661657
44646594279781915383613219126326262566592675031655095168647923467387298811525
43726105591393845465734840865704451095471945853534248058035168381755176556233
74405979617375322297954805547318701855613282591183808468627034038444469761485
13911435814830227896384396180697200127049194605215444906831483454691827504425
55842509834639751409410846407926721799885088334328897069220893099683525140508
108659242926709830450237214971593087266787382944888779103007637495555197317719
101508226082528508833262773737230747355895500138562750406095600838626432276707
22342720713717492897200426683191937860126273265263203307877388012864048909981
113630958505121265710338519317175667990524815652654415656015046898536642677938
94037530175950761381095001132561278520875779175998785312467243437773208487281
93610524290594566224646038901475456665993491540707552318892944294207333759168
