105619229266283106921402708591071171688013162878536829958616348450947085966653
90436649481412451578368760466437226181229138232930518491610310913160253465152
67926032025233857253420432181727911008671763741796788045421333927164293300525
107738013086881595013908324890733052752925699657677319534711097697112782405710
104988435012086168691618049165148786601569478365178646019243047432888898467348
105638680114145792908471297361403095260607308514680906963507172963868203893804
887332702491962884901249606577110323442772521257738411102832589481825062573
14812289561830968985136098609034004583176107013587117808677499318296418511940
32424293014748279034159393052208506543553530663753474514176428356239526047349
34381722145974322699131169057672298919158515184893070794304054865266154240425
44510863816618833079860831451959678418981358592964353850674326182029754636723
75091069710562949183626162672660553542741795611014784968240053494789351854365
19910497216716881445625524188800947392423409256229679493162365283809779471655
112308002715241469414505335340429733295805299029723320850120721623839067533994
43143595429934162706185397987009558600211024074987884710788657567665129920797
80648709973695798649497969955164209458840203840303587000632424754452640798998
25173687906155666325664137801966400644074360174552007992990979774565996319606
78801902207027805125832317647500624943773674511948210147829491437650684488535
105188566863246265614498138828426983080051944526880332015059767148309365657851
15314745314681061964916209055595537929443528854636435066927725337186070831172
111673072069178984940964423708630451953387931275186369936121302496597320554538
46807860955137649371446949314891410543599272533276448558427427034602595928901
101112513506914290813115766590029648865934605878958521464017155319419888383978
89544916174896717216080695560956471903559297630892867690497487473676663199336
53870771234845623527539860826762157177647787351779111500065305803215784705241
76268588172924975893305369264341211878298558210196310171182426284668904020504
57454284886597346725312974047152767107536443515727136729795374819307332435599
103563323212262339031435294805116937251130590768996080155063519063099381506514
74082112806654025434310243710249801197709095553118924025787421379036065182253
102283577069207390407710493811979416318471264884205538200145390783095554729541
77303194139006759205701005451348018350003340513995419382413607810319806260694
42358192227949439578740452561015100282513292852414459086029013495201398248904
37745604384160524415491322365375361863696567510842247133312767202975585776150
26357955628924372023467319713905579320062852199712073994746321611560741695590
99961061204359536667522390664082368415386544368947550392896750820717637075148
115287330460230927350772458927565983606998425721616175044257189551217343051837
24673136089923254813287771161749928546038048256134162824847249118168685987366
16254556776578575267200351187542127965115852246982898248519817677181626877488
40798363760328702507706815104241916860611686766985771310880718192265902094165
14491489273489534674051354621115292277540687738447262854261082545489123092019
34414013164663887773451918574233605647092071865942282583374670929328788034150
37688143100808575084457006018791659875306415166875178507751535389413025962105
42391743686033779437410087679876428818831473538742129582590768762011780951233
29296546290061094168184926697926969615127700276614317737843594806749122683673
68083050998439072171522860361368656748250654839704703092678038524012857279178
17675099433112897962698448580125577658020715740884458931099494946081747152094
3974430983082741638049192149820255799683848055836436384276829713969611248556
69468921417056898554395002247469984951355064314619715244459680798811703929008
91040106720239954018472313501778872396020020886020266081602531001797323706892
48771902095316316024887613659935116745480564271791915607045268503127372269680
27771421450406703695010706843526445131261837157746004385873840833151889197187
84188398042118686416956610680513221760924836966206466576682611128626096377265
7173839732370030721449834469975339616120074690585334974611198479275201502714
56923523081346988837735941352522513737735870120920269897919613014482661098393
22534461883450962393227478046635137976734647141043554904980107637033159668369
55734671359266744268039039886965255103864350865722791103492099426946315835282
49286955912486267163629348428365566726056834534013296230915318149096182222157
48316331000682411588352015300623246841229968723311123902139318459597350409328
79356716559527487905707870149669296532477445890670244001783484942806199100531
111645534546262342574939802599620786420609910041029312070351962133961553898962
50647241805620359367719150086774148013659515050829658906555934007474132575357
48239705934276015990079543981632810898962904946271380348995512225895298105966
21988948215109150965950633056090879821343318003320029917666029268349745452736
38361442195453593489039551326074177017826857252950348477222165645645719179689
11222864669357402721034242008491949756845376005826927989874022121668281064934
11472951973270881450752257487667306229255725539411329138565843365432566077276
32979240247105054440198507668050428134318656915593779017301316650658748934577
95811104344733511546484778228325127364883208553682272146705705827581870151694
39679261024256558061829322919508813251502971564134614405442662396929521967979
50761764583737861921930123263212903179633820114007189507449555126308253687533
93021710836678401542124669286924052338115296855440094705359206278161487549539
12615790312254593621223713897357354391850244276019085377957547000460563362918
93833075430816255498788966837166015135240324411349458471706910577508425427836
45773988464046733844716753498863372135321504483677487589311122393274694412705
54819538103539145421026305073932839652095081132039363595864281266077714298182
2524672028070999970709832177175383135457340786964874891687777151314082377672
76737741010532568380868544445536588849314974904591663121745965396615962148409
1966411366187487591555406210622628659518615862663674216056620992857215451543
74901020802852296524414558150264474703192344178956914957597909590817675259719
101430435832405366705942471071596846587275767780889879179290943900379624716387
54863137187774770776562625107601307366223873578636381688134658946939790674301
76862689118956752087261666892233574085863056441258161102251658235965578484001
53532376608604336578440365227934520144734848933429554696762543407906136173000
58910086606872019959300312238421274598473768709938634289621265073255008578412
62178536278195294126602819464837145563914234049964441049039988103663696692870
74238808205618711509596056206114418496807461011147523084653116212023546784635
17631653744276087883973717816669982443698123929485012291148172146466551570958
