102342421115806191041330173557799718150349327502284400685368238025073419606038
45918884750895798196699537268599630584662542868077522005439552936727425828330
33049703739280951881204205275982962315960608907893861312337186139443740963788
3762529954759609863027921286298720213427859904596625397345375696639396220693
16740333128086456306251947780511636587566479654083496986350984769238938515733
97329382764724240861721583754864307137822937504586010347074977297221293708128
33537492799537798210094334097237070203254568337603760749882244269106902792384
16385105330691382890268682414878237573410915741894340639322910274327395573538
100091669359217940683562138236710901036232939577761194277032092382783338401113
65829793054234985746493306824010597304341182768964038385359350908755232406635
110635206404942440158379130021237476945632417520946713192845410762636280365619
26060130254808300017743353047610968691338523707182234165099484768443730390568
77623741396992375217778606958538114878786533136780959821960890924270242267956
86266882559397776943540493300162596205474895185231492499124894333018367888088
26649841285423363378703566119941447965570521017861779264010084679048270123185
115185116299342033810329159489327879538632627721587874070027660693568467278196
41754587509745222874859658391009584925568588693821396554491313694762430629439
97917399321565502793412919564787853340221305878070887378959174817942325580587
58494753227938353970597484831577244037380991979312311147670151028198007975980
55125108976689076201017361717317043532501294695223197563516002371719275058085
13460316079792832525502980661917431269934885178828978308008993893014396902752
57664748417281433802683671046011804659518192656793986091274796405630946981081
103220687642157803415602536832918888371449641780415582537490838554575687992334
54130505168073019153255711645356302683052145178269681044554180010524221950854
78982011828148120339557799581276748658598493710350002172722097597724215889533
114771562505580502063849938454349977582007802712190622513829621815377730742412
13338402356886063597271368737992806590661194684531652234981695836904466173961
2834793067352973196786543404648920488373716624144573554209876581710047563390
8275769234615421747777704697847133682268260705491720667747295988871099787959
32847764088056785920078948366575302581707416272675149055908435508915017898950
42850883530697000789433989899341074867551381699075335754590953314059471861217
91494356805023353686488151749371156212713907368413094395713619524640842171106
88292810308702849602266683316028193618844644461395466033427654582194698342976
113490174039820870596194217046223927767807511510449532514303298376038110683021
5406491882034995097704111435069432964966321431773990869354072608709886583605
48253927243212598292021223048704355173298933963175493664254965595130472703551
26956509000836113725568179223902982382615229741609746423984145531801587956618
76366422191346570547166795433563329170471047359353999011032205432562520726618
7332433372324124313276562435747306929193468626299802081694463459686779137665
106041951722732547497594770946739837411178950008003675153023306850310102802559
79201168449970149463923754147089774238295248518181005950593659864159384159452
73500759324343569452456422809265216936584908323905938639077220192493560604227
102188051701711387371953212726825311375085801468400344474926421865875089073742
87299964709315364993590286701348144133651633199012651602049653888563224409122
109304710235310257299314894019609244184361637339010419663965129388445512654025
57188247841678085669779627270243624687126014962786981677159051530361835919428
51153286147565031769158707408659041051475335502423250637094696629011057343245
90420048546977133083163840161980947261977459325263708232312357653253570618996
77267458394037549886645916540160158641994741120344483005306945666314278235151
54461132633119517231335136149976059993583385054640784829991700828557363859415
12659726100852473060673322951716258282815838387959334726160568344665970006140
49325431297562244908470811552308631593683633193437699474157542616023218508166
83955705379028654647334113593864066959336058008933432175351982374704790793154
112313074502098930339393053116065720164473830077743891486570296459179819170350
20818273412939727575067380439593418864536996880259967337694254726755800534883
108625143532893932160660342097165767316156236956240410877311908869172047422147
42158019026971751838829003130178554964329905516793352429788800277896316738432
20209689631932889991035183765752987519619458086880098498188597816042251989083
72645411279135133414672088121377662579406205723483823216462851462595908697919
4844952880582770081304694478263324884727704559791031543398387576187561669113
9479741710414146069280920057748475384699706274080947331365767437911845772990
109253153855754424567865221127428508883282970003978803187937714313690197038204
27916691560170548382936987139570605742245101984572644657334800186620605541002
81151427961202406037570821570582235427961388203531317915588116784846661136297
47304286542110244181153214803480408013250076586347243006327301918232840850639
17792881525533906914821027194234418951180867138236413234402336423103130701259
78404863526404644423609434982599866891686150406885667799141618503628699877273
25108529786015878094300211339185869898672504464065749569142932181013283052735
43108229293784854842334421308085730453781901633033046747632783580996194717430
114826325755617469390312915340560225853607844090493772327998701734379672490273
55053140871498628984523645076815515897948823124252029783155491785186720753195
76530708500483767710322573119559731796414416595832630787663063762315516899375
