71807435806228394581578845234605435247144284897701589086069008595592527455570
76800964073012354255026418195270106353878734171342075643508721623712888341294
16749644191742758833286986503131103525313514329475463941950683193804426331307
13548924748834746094540841774639939895137782906065258834899483986397139728590
51979230771641495905225747182954341135571923920212119571077953161268306294670
98998854566059904026858779189820489363637830001114208126998524534514067365122
83069242741535218842679543038649249831250226374968884421519933568081581839825
72424230131838615977863835734622909293576218122179877539845920663311755456402
94378157581998279094369638198084186085453080446462698664623810416945172944025
86981012309050668054014104332635124025351014681840095766851288881776494918731
57574804526641519284302427860117893589021597804362053370819082638503522603577
83937097733789643284692217419282392852483279413049946298244111300748204967126
106784641435597341240210635786045506425398857345788846759212038576404061251433
17625451362459528645842282428227358287409263720959161021466568385486981896991
41333545759054173598436483688679119755486101014561983191581766468059230536435
47529145958949872084017442050639821195246013954443779964077507906286027734387
65952308212097414036531360687163594322835461913273647543288106835601300170906
656380331302799658897096628838907486789072262572578153494613068245774297318
8496740423903370505079733101623250177961339566905317666352174673099415983854
103934155419978345789486999441003684392361493876077781673159772777672973330215
10721863775338971649751347453352471492793554662378485026548044431131050939360
102302879669238197418451548466263203309895462224592597945222843270359462116304
21102502659635555202086046723203850551489494413732124629146056801702363253215
35432505355457926058868235067519978127811354726209960791007150186128202029921
73387458941716905123493428642233683069151309587254703745415230736126531295504
99132046737888305980649772871946208600148673283829101585970296740276285483440
49435853389269489623383631944821963114728193889232183715174935480029456831430
70381229627513114600406050169656335550432724304203649462452874462900009988693
4983691011175061648657887399116994658625159022556345600077297620654488787173
106142111818990454681062029079874937932096531097331416767659487260661799242686
51648082015314300275755957429794011402174536500349649931813172042292313830116
77525971527325891286351335983276092212344659514768270939841724208266662010422
29928284157009263085219870795579663110958193348688593152002347577494369120295
81121817644356902955346248883809044277553028899581664290903384082976322254687
98299319740137455500079932033595416686779394147223021919438366461972470204236
61952114763859562240163941903735416963143229042804031647289219113221695718637
113013711483839460338641721855756459537125872836106958971488875812518449835404
82651149975344041759017263882968239862441443710240727747018787112504683591672
39332517887893758033320255239500130865948738162861277344785862757324625442022
92079869404988673784972372853434569141512862516893687560917933428623696045457
77124606172142137019372620878413057014077703136485065830995587301538421134332
27778492355989137734550379332757270321053145608692646127238865041228826791047
91786725450594156518931564031410464326597148102622262203627049199359562806097
38066114682949137003025896620958405525670518324943815331676076461806535077996
100786190646666880472586381942351522378860281727155500929269834249833425092920
33516602826895968740415130612511270519907449288701862621265825372412188123808
54178015167025031899954911383727371674546310929214781273458041140604600375678
109845171352808529838461017302518491590410185507949135729913620722723475150489
65364521208742359983911795372077199192880521294554131558348853950363433755965
113709947964384900111050712942563588897239405054388945164070451886928690214263
86991482529552272362792450240448112305395538154744139425167761349310914303590
99601506830493441545271840147868546688799894522735747920770245630686702336152
51354499461975505442525803242193958533388561759120970526128356436335351613497
45471661658154880842739298248651668415347266408677665229971425761311030509165
88676105515921524361589632939245359127898927653308497404173066599810112134779
47588013482236906822735687890668160763306079079843945184791254194741310498968
5603761668813739912081397683249820261193020059795241867066531023582325036268
46534149718770355720778938733659289080367934710759046604442089690814095298376
15372936977494089441506965459117679989699649385894835598494518489365319979571
77574894125102749626109686790460659518603238750179656711295836022995917970424
111194462836317195992254356710438940441115121043089931655632332573764784862567
12210129441317403135349207208452565333154493119346133071846366668850096655591
87199728462762390492002823616588761423146610676513970857076073339228557325453
104738095642733327841255687644956557101434273714663599465156082354771995468662
56807354676238986919659611454381911653029259181228211056769039883780639881221
10098334915225756673581970348781458568613073179019185598816477502819743880191
8184201811123903339143650184275173632940691649023827065771353815701916632305
29483140355615046737828628698220928718901136778221676643916873501867120947622
53156676840575118054497222328897667330430712702329571536099465169905465957924
50680892331636453566654947693164643122684315247464982022851107357547900657927
96031901276446241112289865370755609288767228612373683355471396452833925654312
6434311228730775420729600291711629785715468932895922529556792794245502389112
19756087897897947973766412315424963759397487216341307731560761951077731323780
84408706551196879342320439500837318633374629111173627070954556399025066291045
27304213259515349265738844057116807557138917086623866012550447968124600871019
14091360129461290936299056398729161794326294093791264329492390720467203589116
9999211742034817830964476033406900665521200370908661356170041616446573901386
5291311412156448202083191980718544544898105892751800087516230435348862936784
88132178229901192465918062616909121793631318735376506442877365415735183193322
109299098707991768548909544747082787240642372861586258118194101341086118786800
13514623537824103783935887736914840970261045868701840237099794567966950630495
35208879746377315153775432505029764385512598333383894094621229767436920899062
84557882716522368152234975239754256498650444628351015981019334081310026040149
60149653984125272442458300865244251505520730764670166884167282979735005993577
38397231946142422366593560165749309554309805126879962389073787958735035048171
93942472247243834586057657621523709813732272508530720885904768680824290600235
40386170776104052406510734273264380721825618503682970741804994386001861271362
87675116373206187865923731244699811658220349048674797136720071504432652131051
