4527599809624637595537753002684579289949922320779520707871119735198864098629
115208676429124789776181857748239900231783075362524196442757686561543534429127
83793616730872897380471403324864907737019648026735354764570683658533374715892
97499090219729281061305746330253368298752813339467317379337646720116921665351
46916515170626523758113496589632435337536302226132978261055291345463919570838
96638033942088319445679264259230030348459756074221435189964191156236807103311
111926465111909828627229273824140922556136673849311220252306770762315146192315
53805199354429459847398070483588247378640105179364825195187266124137649352758
32876835003096958164251697984160962830066397584219703081076368937635026194824
49367677296600264793742386761354479481929396605728666367405628183394658932918
93267632886100280859248732431634888459341855280337845661768604799137503315962
47324280122539088194286369868282545827294263417543428997268543277889259151954
114663603571041021705451874182174771289851842954730246380229894679586978943185
54604654060319801793705353115700145306395800977026195905790677064536460225073
11719350232422706726269219166138249791739888618940577154941729089314012166790
102817598779480378578393606592296814197289067543212031760538791917423850070012
13114294229622640824324060059597061564756393497010270630361489900636022231163
59512022693627433465909502149275446579027599192386625328393682399458982011772
46356924327125127275793374632548194718451559858122804016565081331947690805551
16950067822756805620529513339493791085742934332939855134273237218629980374618
103114192742544727117458239556343285461554670403035632708876165446248207911845
31400765726329963047581420112831518693166982227525741424993797320279769355279
54278825506634837562996101456008286410077561687684342030122127051587742510579
102171195607057498317913305225367919678443350353894001365484657583236693582667
56487407393467052518949344024265804674625439182127508722676811422904237024544
18895347191325373500087409273667395718816025598320082208833108342117148589203
82770324942925495207859511250332381048009578392521007468857587451133853081114
