95131250198664729014493508707898530316914459026847067315440376554843227039308
63418722985764370459488866886448641014981022355211346980935842628042474325373
74957754252748717058858454480589636884233484838894537085991605354543483488562
32297518876943982266595311789258005195421627205578840985268566119441841638334
85064949115599190401156295384937905025253816112752064908949880244590883190312
51803374602375468085769379038604012682941030618022953752985116355883811747589
2064352128839927461173401977909399077213822157033058817408671053763286352383
104977650367131825424541518130695248202103423987378073093472988167777730611454
97232306795846821234561216192330205182631683935444720751644011528143060114630
56005543868727780818996234499320257949379637233084623535397457729802297877212
36338110798886398670048361779275831626855800609447765603222574685381699064052
98575885951183192081922761163825896207029736055866238614114778256017591739201
90986540958518602127666725323942673722376910738388687878067304423960858444655
28971605165115407197975595209126495027219819534846119493829746380747102239366
60155251052660097922486751398158858075216798754892035452028542827381228434154
73215211461408733972844998433712338311549937856148281716019551536841743814239
2811800316587074404100119233088729747612928997070969345802054623447093058543
60256200525034566442796562424100313366957038868911605700385986754525278644788
27003781594873578848863009914019847911053527595782829223137238596997532663960
11742071874106931041476172244650676273114539118710317172364602685984564380825
18298779872999852669557897147539394139478721490587379826191760972920703786156
40759420964786002367589955034156407139881318459058825002202916193533190789673
31621580878710798811859675056801505138385680520093083615428636501604926749145
107685277921769615684095265098169442272095830851206658552553563562091348364618
72401868410166068141212850286013220311857804808740320311146553916510219215601
39341104801567288554611757397427441463069681608853654472497687640857617978580
75927298234762726526196348974549752183084403937266175493488011361713538870817
114200806344406660790279798650018437240431277258850249756583263811446789238357
12471877636373448901727992967152921690660029535009532574642792793394295737074
60206593219830340481874535660384711512080202448120356536722184831215434259350
31826150413794346919811836170092973564164344108855759692745533896487483471354
5873872256274855045195465228536442141484680403697337182316047860811605538355
50245020706131609676284665017567288795651423555399115135976946043534340482998
32642628541139365616972820047217282600542221785823668688061164844638808350900
8550413742962597622461341547564692688053043245994405517778149518237555159399
113699641401247107082210862375344124611089807700732572466653801962915014615471
3791124278291999087042930471914990067937146940430594148353129017323514661177
109207772783485175939900846607064260283445832997866520042502902193486119783195
