94523242592049907446916334948441989846443716875218087618497103120011420063975
45275082843078581291853125047217535350130451854284677776895284462188063239632
105936096248333378633772249275041795266012226997333931782356162654965224455965
11883629728582180617749325090572481120777361823400878396574107355302172356418
71713186223224478388209673564196576707392376005478911479620283546896662131864
8483982344691134083552281637031610268257052261999359010676539502956622205659
109489150594870572021490139345351945445331561782844614988743104936334140054622
114913965064508921044190670183897342132893800726855781949771285743185628519034
80839229089755865287905178284483517475790397932714679993103102166006442799456
106033724796389937936763023312420538765920006552040326806267364222074474501924
89865253663923667532730855014243351910806487399855250055871370020406084720754
78497907205544849078648050441493536707938765417163137387466261283227384025200
112141260096487308629336373381174029523030625024314490813342029456540835955546
75079799579453625889859178054978330925524404211984458343537490560212100279360
45146907659283807863324144827304213229312135875372165669708033051179379098387
60826799989701502518427660878691168104249356506295958340813053961575974481121
67679869734107215026290810628546286407444837594846307654737669675175608519273
27071026787406676879691736350048976719884763430998832715610546579554367781562
100188488626558290228234876626915056245003489878479872972905171175573199114270
21483320403110411834164201545108889890125252133416884186256501767609496110999
101613167770770510939468795640860390534956400532940848562922633326448515777291
83569473354484424818009482195141704816288706301035650081018416330873719374234
26514595780730005451774917155600309859972819451466210290478323548847659524836
5525019341823260579904929230382518834624049512359413145408927704963881761898
14771547296474840298315912994986089500648084561241763350909490882061456598900
19233023480240580522481572686341974975257656899751613617379918119834362766209
13776080782673273256303559260689076567813309585214274043871096064814386257819
59815287531336229568271945859118980428344013875429108226638926797398842239300
95263205986610254825542342606164039434409215931869665173427808826096101556916
21340836359160075946168855877092525077906175241949807642360305407905031909722
104417139075462947009733839199478182384478298176217566701187709916249601006321
20897926889419007755238702698317925054367461458457884879513161952533002918643
113807367670219925046814224991591245408780719320185873326475158398099624029271
109715867222128509315993146283492314658661647735998670147219912176141443749176
17324574842685551490063613176824484963537683338982746851420316820753741555436
94317708811107046968949596897699360631040270182228159579458627995121765184100
23030733393252593292067173613304463365680782242974825337684809753056777274990
102155031324061146549626202423386409274827495789027213674302324880170953270682
63130788471611778111375804534019046771934217729262303279409151480868871838295
109500930366581092546769852206338866233833873006510408604828333668170020277697
65951461886253156514145130449414654986761178334150428281756670515473269956310
34711737707045382033411038919006386956547461929161144145894919394036559229254
60074373230901516388814412800376361360176760059174690756957262816636343970091
71779089331541173158134879501069212634620984243661298293788865748436079432602
51633258168034309076820013297422392122709931263396278130892821858857497728421
114360086589809641262659449309222745025725231133279688908018718718989976043219
40271492938086844235823142175859735620939331693483963729991145193791818002982
14082793868996792510645987348326624205785668556993813283329351634329102355520
95666716834760182829156522221990377954736897188593956069188940096220695634447
39549573170827500857636998846672274214480948586235602638459319056229945399192
42313775025040945359121052008596252134873174403914718145272004216663559260084
37712643150004756410907582752602929530966579296791844052195774726701401938392
9140948218527014155913703902370620338754366168916014955897177447171367028947
83787981378889959464364109414255218901288547394681647142883040073786878840577
88498294798258359926990130065751557625225500493246966117635520711178152421944
10777726966742557271641084580906481762348569474657520767991408247477804396120
13454873387298473534190388486287044599083040440321319357997978183126023246688
98973208122625178507881969452689921506424418038589416802791975093523490980645
51291177934926379117737975161615107548913858019718478559009135240884852369559
4714538350308033127672175673968366012010205700367166468940599009319019764838
54522838030953635002799817553718776416460698206009059958113652948425554668719
28753679303957156758258904560819252652727906621533259879384095182088767621896
109636027811387639289207786546953554808186510115261682214338811139628663612269
26151570548867636041489786597546219890164113812497497889615253462465793806266
42957775920188334675110574035119161388416180899722893012423595990220165211616
82443557939875292673680802399808031898278225015506073281366267594331752816513
65904086457812842064472722108550181030277849877823076354446876870899496152354
37378757534731853225965994208397991673009116780407779877195609565919470114145
94111984083506554645723341758966511767166228030076280405031450407655270795974
53311545835078332889498680437451286295933489437686137313138905767220494800663
14587454466210616549878740179255999755209499910581394863989782840616047679076
48915594929881044000432570966485491485926104788236790723380931420778386511860
33595206096810474597282252738312474658549953570535096306658669798858887433265
82400574872346882033185781882933366134316057119721633864027393952703983353222
112656308410197286539736322932475678294380536183091739591582443087495215462425
78396932216507237392121259902086272717732166947638572122957524332772441778468
38010275948490220978581130720530846963444792239181533545582936811602751290036
86207207856226556765288116794596569075019410919077331875323144223952053581888
6182004125347461401016623166915702610081450893595531098028507988864926114750
100939895199275029783589912488233439918729424278945782852032534267123652790730
112396883639798608884437344910719372743193063146573357603864234383949318034043
18291829219253672715241289699835382899472684426646228773034701597377946816075
52531800783648388913221525999294688320480172533319665581380407849093685210391
81203822291783520362492671612784123260606368723757306367067381448177613744830
65475478126167574622092379473457115354118816883738862488087516681611132776660
24523097202551283278161750480639937726081968278857878018109860993149931253257
13854499001496584074732388683509462966543428640478726337117387431585403968494
47370874864922957885615204476757043064088976484763316373194035626651568101620
54588564101448462142618742312022668449696335343583195547108545388630774893640
50965422487558534982503465789387253676839531986664218050611568038916223019379
100652563067500319834723529197111455081522425194665039493482670299780542174480
36797894529303157026944975896890931240034717132773782772974212523648297900242
51520795573892110244936464665799160477488363561594961309915029589118155536671
8551877890767434982238329515049751118040245337620517977317325035676468568598
81782149866072228399021114206251968258637953273888699253457621078954891776450
81199299832165366645745459022999779565916171213002709537658935394200584280973
76021665553226730823886022204601570150952279810654425746417458252716087300580
102721923402823439855716907774369583215038094995380012281454703854656004915553
53063445549291757692894855942953078792558054727650619771214435536085446138619
105304136991704204366986124382232521751546044562211533055872843105520310805667
45826722625908494169839040416760904398699488527666014009056244313130857511352
1790449765790589780896505389529419574956932777187738813727026449863935811630
30588011963354683713252791894765146245235718885952088355454339411878248551
79359952876397147713013089717454239011619116242253545643780173798192981740769
32874375375864992540867073217769184750974397470958790451309211713013694711667
107557411149878986971732122568138497098278502670022805924198147098730598636877
81056699370053151651120373103916522968691602125092353194624328209678449994464
57515329517768159242753501974854466606226409830155964381686420569727513613185
2860572958895462807788906990413049698864446643946157671931145312498059440598
49691373476483521510061765412347924602155879508823411962105127450238642448353
75587136511689749126448817702661027699883566205558548423215310918202676412828
50949704767587673907617094345203304617251329231164700684302102390871959192929
74530604723447375440710551575008591016427345967158247074417783256409405327379
106852488861897690134912501777402878703084219253535794628923774294802861690865
93848447903200795839891691645781161570286544871309029509645272980149939183276
51230209710884332562733366105327352098892299140800750362369550331153255658845
20226589504537813579447395240144582288469111978571753649720307790634646505631
48660391346657672418416483025124906553483589229965006258079471105101252180795
71655785143858025583168127902623056158578504338094387203373529834000477027730
111488936082020275682340042798765951800194136459572724263160532404019485233130
25254944503849267937556134048588806170195142226021618827611353856438552336251
24990679123958155608940322300696077620211275901703799692975157828597222285986
25778033175425899835708583178552655519843085065463631096885375380943692296470
66776508136628869952362311049227576083073913236429169796748772899462746863345
94720979147226513288539735861896294560272184100757806078831201679232715726445
12497977243579757725182808405626100709899256638321288517039937401001770063798
15970888282412683029184842992177683381743260842390767421945394835377248263420
89304026934451543022899250036465954659133481411300498630225695271729292096516
111349334508479531520320876196097550851408234584767111859664012241332089119336
94957099627329423726878583294647024792963363648975104024846623348188264046301
100281927902408722880776882665490758021449857699672531366273510075634971811089
64012187873795022889412265991448913626720366757388814643888170061554326249498
13463835148994183320793053369793508765992461352032695999364057318970646310445
7220971710497840408533703355412947777826995066838189813084722404041788451774
109558463922573208648092516347432812764826193148395812210867762429600983964126
94140741899789915951797370578565578125277631520545109635714423366993219217604
22710560270263637136363412984515366611894769746863295991757813210721838672661
36772414966711821294796100616893389778294829674150772967279944575235424964265
40489047739136209923134065416025000303211029948139860694684363473038510769084
79335383169611869221400637663679697197447758955544630157540345211811178050710
56443875013139074463211775300963198522727852162102280841069321253530183981690
63841389237485260040553367521655569794036538791742264846987039679381665104282
53780511662219556898197410291445108982535720321535901560994344074245253369360
42735420466768919434393471408830434314559730690450441365343562201964684380584
23825575380337069462668643977332343704041181396080934193230785817926025453163
14029055157244736868624308638762205157045025204003536850685116354288486475462
16728435887118423050621682513856950434184808306496302954399977030380272832483
95858573680668070429992785341178349848124568738447928871815490417663432835
113871389758765603388595181321552183195668156606477635222584546350463141482732
106049824029630041031455568620328003724247360149483630215579387843782779228488
63834898202144018021447991838495601413378203827145327500059985537483638220276
82652421221733227836702938053685425067679138137516000497535288968911607322807
18420612056695666447700938435362095835811523821687323716208236029400836325420
101157231653875050702043003054953308034350770819121830041350896030319403779699
