213476666291171501721286915254532818577820468799549503563527147830942458730
6805553049297462769771548299265725457066786098902340354595760554167838532719
75332377702243112729353407645970052276367334877686643038603089652437076518234
40596512864226755390662349454504911423042424084708515309997375016626075261795
76993490367724296513943499851177082824158309436927074823350865379376610207894
83165200430206450646658908109506953427796279554165365332215403735963517380009
13562451294822741815131296264494224794608127339818003942869314452803372120128
109592055091076988940994441858194215275592197390872353188489860396567437168894
62669886391601998431361053194729070518140210475774045810964805106326310361168
106990774782629440982940566618548878392992708849152759506858502161265091143786
95261081328714971746214043864342246145606232304640002801154115466605622115166
76416262017378913464891712465958702206149576824977951438999401149730945308486
48640807048751228244874066166734651135052662122639893949762350909997668680467
99329518948493004949541429652406103652731768437311965787939294973526234724808
40405243831594466317350810832221387414834942640069594397506645495427971445959
57276505156386097697389963661347674624275355840051708099358345215374107527902
87834940484628943176019427402035917408163199576926179179530255271409083257020
80780494823370595728320139564427942169474563501267114097944481813232177333463
