74935573655551472432814317463439978348241785309445131204596085620960801669397
87342949009236754007387913909231630891954603859623538471660708265113951392341
37980027384256133143365854090484420353371341179029057862623484061817141036110
32819941635045957337955489512994269202708420403746523587381422658170351225620
97820697769256908818378167986870356647368010359315936227975229189853900762068
23083885729875995969196451359849391597556601910252067478357398540306818568489
80875996731016281444980742553782185389553643004888120706665412059527686053294
60015900977720238706798365353156689635029467403582364280118388743045899524882
3514206864755961924584758985696339142551500017765708454512080994456491119307
23083200921409746197177802775136301633333179146473765975307906103392012761015
115762285841223686761178827845481752027965500085549248277650600197820251235354
62849243225952122471369428522496796120163795736888819360929616989994760375950
9665653819247075899931852876278494542835664842004192309796782409648093814912
114833095490301987201115747422389588238609317534899730709762282751404720527536
79804942072824742524804395023847974597104232810598545584152778474031736406849
4659861639944799783781936635890579362296790337751805339051603282464551459810
21185607094657971419493760540452352530115606171769510175735026212775081013795
82683746478854679965927384104592838214686473427896889947302547732678963421747
14659664231728766079115835524163730713303211481064721031401216453080782402836
35722275779068286282232458646137543379164415570895065537379777587424158640425
11292142203623252206067080034751473368747083063651624228499610571791173591782
65195625527597118162936241892916882053817937939609232724352567124578069822915
115090542124216798138179182182082969315503788793654203765097058440837993357011
38996829084710592324848797728533875430116113727331851206227862185310702458007
95328595068823213619287368626941211258518838577804334408767510432070951798357
85451111700651711575507325343818361712314717020926235428801084333852015246578
81616699186674477797721279423973315653913322953959573408814857101327790256815
94122745008397317665647883472056962656857019844453921948670911973652488781120
13217163226139605260002526376894552113908208784329026037144930048018105620278
70796962096915190167742223050032996548583654242006107267552649922334512663193
48610114913130562049618038585317690052327550979125880641969921171474376757179
3782333134224433880471021044089949376823496525595859107533419189263025139610
115158489200511987653199448462123305394333267447891037239061018089175650784150
