103090899211857421382005968122017532836025711648446312322425477852347824360144
19758645901633991290676018914754129234912093052695835289750618431709402978515
1242591760459787220027029797984641663113723703445520990207253473855465469607
18920616708472071595164536039972980850056287529803402334490399997239494027120
11670420624032525072385087174801211948872240990940190082883115593646097167629
25878584842841291676935232165577914700985808936044742341477691373048822161358
91472870427030374933872532026298410774374454986577240438970977148685793574213
52440553731605251184746815451495919359352322406025506500350494464279290242904
48821223541858616115407734315763131204017936567156802832813036377771816398541
73805794652484031549134928428691591223227415535797504140770573892426871522996
96883402842414264656627603144478751383570535164991508418253441876361931279707
109770057432244830258412062533210775991039969427387075515698753324069289478267
83733357384197978288955966264483092333569876639305073817525808391393485354033
103893009268462121384035342315112261234341908612557042842181833675626881844345
25386444793791283446740552842012121528223040332370230359057443170072610115558
7497359495248135675999073991460011433981596192492923521835483560972938419600
43249020731643061119973383287608824497682388582889744831577857443717481905116
105814047670714177044637572463867926035273585562555761611080212935087708272335
50758711608043646033460941235469395441729305775869181474437639366663109820155
34246571868852041542480369983543708865880307493364556280886798108646307957315
103936848932246030165505456636504572804910739603630326905767065233940359877672
99050879463457317142281079762874272608046441097612250867502003199516000601908
20094377207131034432368525036361269362298947582817985514783590409118454271132
17064753565243494409179545157669279600822375283679648160468815056112464912500
106694375142850064263105388659346799731869308396929321673608265747926505534210
81973507491694720423424173261976082407017005834806218822336647915472486081338
13166782757566419682844113653742588029263542062235732009115519100711657232774
46710123791823046826887358564639762593316028009643084696501120706657261623448
