54455093671090235747768058944466946748582270918481488150623246608312846958067
84452840596667591701147753565184808877437196590541888409551006304710085127721
49216089655494847148048635505473675493987926940912067541203712511014125532151
69995345874339376444810771443725341288945295378597583736219086404977337855903
56470052127966074554548355093995112781093506007688725378385525103470417680279
32055859395243715260431203219725907483318771502539952352402416464710410216775
4034364723516180140364347505548201876894652309619680388302543191270492168368
19872281334478755120532549711664185196909714514744931845356935312247077023176
3427753967869403588621329241659742631893414651892851420542718784771608724054
86423526894772805430069355425095026279935196920793961866166115275610965188308
22301289694602547978648135561451377561335875838255705692790315765863312960260
95308417543836039072633533665742723309928336808476045084557477838001944997751
12656760291773711814789355198020873872165288462302561289712375555919476915181
51089788448558439974943540437515716492542933283433378520103681096281840973199
100265745301674324533279198461016854791144634734573553033563735923176922755873
97891792871575280585335497305538367278006134074263436392640598424194619137714
56607662412041917674837969696485654831006169541373995245602244747284152595772
107495154271528705508469693996461304092644172099204003613073425932990295336433
113473756337001086358622618850036423887689829602377617227618372356934209875842
12286805404963254218171619828884995525099241455885191419063402678251930155567
71059519060067819329598972998087624473500113331732812395258374837960738492355
110446591166697119237373393532951392276458458340176772554719479071138014784200
104685477551523598098561749648342881015982138134747138829772329919775277859860
59779207236712429882031210113689091885800809268910413217411017497710646952806
65667590530801613120149346548886997167862264045733553344651365331176469806829
30747827761314446115944592671467994038922032217262278282491137809538745117396
106238543515112063917489702459882661765319143936666541455869059557986328667753
32531242276912690754113432617719067826216437853140370770873866229580604907919
40483752293713527733071231370396843708948164602088631428338917542701741492860
105637000997253118424281450560590081468543210485505854599790369526147970073568
94954880421601492394831690468494579449624086190757565104912963797999783310724
113407687984811183690014596948775447256066886618769137203847524120458747197739
14298558016678864499730862130407009967762329411175159807435701221027713505900
45236327986455176342789761915398445743192329284318956225476908185753303901207
30765404462128844282913794174764267815201565314850519475852899161202302295053
5986416291297006399225372447433052898827029931523923479655516322152717891080
80294623220222415943478579657860737877460624268441081221018737492393875653936
99792995993470914611612549188711697389556827026354470590549416809989830677623
45049449290259074310011855494840677401870451385940936514139313958419265622243
11689284609100642905761770122645596417628917749968725156276382897074275496999
106132855065506337301540384890108770166700707540904456549579564035063829363604
66519821225750749877969890528028770532263946204561600667796731013907075357810
18590739869096250901875242574612540773699768595990920094708626703910534941265
69221258017576265468562776145930275716342736582930037252402152923920914946763
46278667024549034827388514596514812817230701999588016267532420968729587252974
47169704642238081356697518504747181094666801507679674153385242768497603255930
19179301757844885669381864844558003718064736986472323775573743455291471940677
72964866726132846137697488285957232737503058275311083557109502436829899072492
15308657722518760593685011633397561416368902324191493225714018779725942380603
41868633354221832626671929562402433894831554399391983797580974542602530018475
73009412210998617156062615653397290271096243677834022117010682197993239807761
81531258060215429303362366509014452744598753116383572435810472533186192405173
11522580378026614116074720305529239045457279867319338916496256907444776720511
49264878477588214267531360149161292168687460814447918237221175501706518818196
84865076769491917067092635619663986706058579836854888401437607119230153647670
95417858564344436725958139340977818474098049599530482313303165040710265546344
11465204307464937597232909951629243787524887776524048111067358501051062386120
38737816141953942814746685055168774287696913176088293024287772158804525956627
85064866256947916653404725042962522682925169270233367089207938950608101219333
90765247527236228225338044283566637754262046234744527806649609762414358148
30485777395265454874634163017065827865181902676780847479083920746526493091035
99359169996227891527908871445623413211457374553397061248127564891366323709797
12130992203777746611239184945833001272183649757566019955317006071853057651181
48420241467941647460770261197577959414714855178870905829075417945849984405653
86687244246552471260972696961835717201814245345005887332749793772490931319009
95886073042421856210021557895130003104698179048244877209027073060486236823171
64545064617068145498003133195470245418363630076395852506535912353841477281651
89388687983898474598916826058945386829111909143899086784699333798725695366319
39911973138348023888365926843681718538044486581614701524136703290063961209854
4389294539526054352897314275164008245114206181899288412869622232050321051449
46368569789415717680995297407927794020534626127243097175210827437585487459132
76817280255499631488990278060201753202773644573781709492893093300624724586978
45591927324101736952873372872198063015096592063972682161182930422836791796842
3161091163312627102019866318816970967996000258516143778849937737477961707576
48451385363778734478917505130252200733718785544656600175974089788788606483433
60661022049449083944558255272834714933097158623384140349291106069628927790971
8578916583503740728627677717115846920749272475967290927881958677969561637382
48593864039786699120110074857021354981815232152237509410992146182267809599231
84884480847892463660507717925361378605605482995366447231847411536071638756566
67266675486358498088401927392580904128107228513899607203688847815536865621169
32409670435727297232044510786322739302049029015217768969806430042522136306410
25508129461287324922990100420469942062942274602180874304552425223398663745114
25080835187092069170409991230989914369070115749878699698032753242147720798854
106089790422220775999449026443096200828831808785388167137462451737217221990562
49269555025038540729669919201059090528949594390766991901857423186616150927935
34875392262709116779538537142045814599093127471841503387996151368833734447744
6455916681204080921903290522905486274165821181254429012363166116940356810277
59068580498666155224316397867941316445892752150936680879475068082128484516131
69355264601521188218551966612552727244894513427803497476960738604619422702094
95537622298798106045014176454494807602552093799062728891288040269352431984697
66141744050179783524390278958592972545745078771107301062318257141804450986322
74264644069215494648439928247611798216496047403050222064193687076397836009327
61425293512878395020887654333406072597795478761530662448674145348941535525126
6080782370582952126058901201339384824416497664256791763978709866179069878148
93064769799542579813143340863663948961246960453959227024358905162202465954570
110213654995067551532675754584397480932732554062337873890463924473537959151458
96168244095526769175894167820309487608014767932217340307689953828321148150509
55394599961318292920502597119737803084988316430349347084961907360785100804728
107135141354435947365633122992060104244758783391654867524172107902700760530978
64100206938715011485825539228658985278544565274732900968019785976748423790645
73592849624332822100510449250701499458714194309157412169483061929083119574437
54987671306825813252798398207280722616317756806787326187172674630850025497825
23131523538308468723426101547722861508425777286164260696697503031327591257306
34337613020062789255784261369722656655874863648113592422574111037143569607858
75131683191742516183340767301607756063601541417194056148508422780205301070900
66859130284517642648124254519540053938655203460680273673510473111594091511363
17553654277669779783908041326262997714756104642013970147984406741961267652051
6164529534540582777993454308568619757662322500996046492097561499887529816765
98559465563043759392186899846415246812512693406071326467114061457753710016920
95267266788668236648557614950247665524894355667496889405241222778208840822837
80675519719856282040957233149958616086157260866587287883206754952757167967518
28167736761973640022622462226027134435724394821911784718936919917606499664899
83541930530021674913903952477895644229442625289263751978405937078387094908530
83543779245661745630670855704340053590804174378683930832393689146678300725215
49413997820719218278957949307321632572009074543647571091853040685737584076738
20369957751883178235071675968895694926008796598134607846801032922741307057622
46526768927099341842126780006889078253912816269249675750496708882956829710200
96845515009166800820382273497998341454892720202064274173832169067971252151087
93233276265092568891982782114144184579228268706751623345614057487041787202666
51110774061860960553961126943162618673581373384759113732652919598295921828958
110236675255030416609255307370161703008616722166212515602070177139041453126581
48851886194001023094490652902591727871074076737863953668572181748877794246647
104484522393945927712639198883196871733457897334501052774083230816424892528181
34186839850481372521872479547498514019201653350231692739954527540181866193961
43912404001496026379140614729138952796609565529332708445450588628399824384215
64295253114276355915946934916392481580376755454836139652146972126846305825304
29320533307173206402011453026964424897479897835691637646222770617809409049041
82593498609832467812999184403756329897482909626992900415313831271739265879694
63944650533289579517023644778687509845086779972247899154512861449205084564057
1624145812422853593981647820774234909787155457098174606611132068891058621131
43814058238374281058554598308182895031857491282339552532118119412260328112604
93220955673057758401437666738717742296428723740612714782638064843862187476913
48268249387021668261557921502222174969637565521486233175614219580988231651265
2481874863084590577733963708063215794333172934122083629053764121649672920869
73468430479762497942486872852918319008977294188673254089986182951661990138162
18851359085591589798739297788200254921598804422658509565355986294727305796059
93269251663798963514112515907639828599686853552774185108400649528359056470751
47797067029046728745535207979317835088305490562176900489861183359748933408129
51489572446471268089638635741351235476096355179562227179915076508194541043507
5565644183211211895259720419535382498193406816793557390138547772428450197895
46438802315689520724891208277658756984688160335957566077107198479300313809924
21568103175843809876749762218305254272350618821881809893328304449652211776686
40710528719545495166650077402228609260534454882936590483063806525132439397396
17495371365883447547546823264918950571388224268351962541716717741319980992160
63955882554665128239733019374282563955657726342391822197432961958809123489429
19560877307175837825202450392080063900682751803029156810514405831274079065033
94931631712486401805444853705118375193760684701170036974646087447055036215422
92664129567422868519871300551103305815814664746871695186715644753762022257206
94649492217770123066902277191468742041611341596096573352704607312615496001868
37012291070239529404911509829455429843397026475502734869464164380104272195720
55414419144895955485644227212429884381269040821407245297548190491248391960877
33759400682161857980113917803019030116067248912814225905903560713373733212961
52746971252202022647758907812117134168490816522046554373310495905253601252048
21374778653717715301990420808227430581173438650187538231675444563212271346173
106697298652131622843331330415895832380096329260574820596320447099374829327540
39435305408242230566046513181717068419782696266086346017023872355924263379567
63314267294902379308869162597836721323718580731093047873526100772067533222071
100928519284747557152939642166339599580898917907812896515979788384499902227694
1896565046765818067090855414066495623157005855710486981133387341476879586521
14332558116806940134810736186970431989177547222658239886831083611932818444262
113441915317890658451762893195980196512977448545198338238570729393674541641019
105644453211770476094594739590408041126159592093621355630205669655094804593880
96882105561675759236585840292563764911651173682583292442260213380390086375972
46769944657205911207537987390759737065220090620637358259932444807088726438042
6610138159851469138695055421678030235998032753034827846798123692360102970183
2848955353569626354958889045089555501476532060063617067687838151365067847151
41131654258882961848209079937217826147832419506566440954188593470966366078586
31027425393300190610901143897816558796942162012749687185953664811119091425494
59638722309507445882851318444392500244412579319966467797608077716389392254445
42217304971942429680699302449451222356619059946078997864828696441778890617167
41017152976565336162851771678222880126613547282448225021496742598665905823278
12296333653913700505390211864148614473365247160066872672644758755886340597421
81027685114304717171242020767847387966612152774726606144169017009350885853348
31000562311482024966136069716731512495829851485148294568683621465986249977918
78895424015153181308809810794929541869948252668306846240608798466103564733923
111311138916908278168040354530278447844520576070297087314018399340007251205201
