68956319109814017538493729759971335228583006179660834140647313875096724085062
4246657152463100093897363913931548014459312232624647057969073249444914285691
47070124070647870762181756558756946852137908033481569322840731192287777071134
103656223058517814985437985452086472923592261589461828172550229986179454186968
57887593400997872973766614148540912551687323750720055901112486025245796240859
60467365196044545131003728909119032445376045338908952099795767328825846543337
63762192081659343247138889160065407871739797381121296279135562175422135617093
2111435575341147922010755724638403409330317380249849952116886903616492417703
98188877794655860829072328812070806405013149507907443121115588781797369777295
9709407209975034905834282177039319425677747483996632289652561480081565515537
28528161703357445767573655381954506432316987153102350543598090932703518842703
9792772735619997137103625167861544357778533277421552567777362454099523413006
101890278819774448559842646280875591969504357062958845541488402710265376496954
78732243596292366454733804991537114935839827139793994911364743301951512231541
59668875715424694172697196186754489608299131084911154414701495891622108946743
69087247305125998724263033030536568845477943076484021569580599689171063635497
64814046940622398983151832788463542246451818456335207581404647756799373437827
77584000564440939254867574431063413614350669035014228152524892928440355535098
33151183941789198093782052065005785643664056618038517099881945263182052428045
7856259418883895338746287283564962308261524319428851669240219403450835765650
56361752611467993259836597672867684268559689869942066718386582790473233006528
94966189579517799635445262590754934776565692654292269508604021263527558014760
34303634572708462467252384391490815375260197463819385140937268766653744937149
38398006910492102396729846657872877543996762411746183205570346838866202395044
82536245273232427328725458184707382190797868337072586197528763580689192523765
112512685827366752984325185869168516341560293101707155910607887563142324907400
65648162535852342746423161719878553072045744439398917167704663285673955050445
95336769075545533965337615136919179643877054351687359291094859349860948150834
37929790904578093048076001143337249850834862607182371052630399700173104183431
17103070800972091525215844352735898774485439114068190961346392900472072305915
6717154609099548044527832380223711027735190730169823037515293337616041988479
52600777943280755894097541678424728284013232149958326657952419849327405571125
114947243468827317596089919426208517718497248533022155003640401805419952310326
97558286880961724226770206822578557036676302149369830490329130695127534962168
112879251769410631975865044464210635674968253200891341796124623648415821135985
81412649759195196123690449398535815229084830972769138926948782637599801352214
61098283246700476632081035246941050860640729379035427374461156303926887447178
55696760609388789027304085180946263346678408999261220338818129995691752648953
35214363275869151767854127538597384245483181466194351397023659359506893871754
102425463008600809537559040841419192862867972068249917975901972337360815119531
88290813180881710149056893498870896097971575528225422583295981514105936902154
67260653416058416005597731189595118396199466971988779787038717065485787238241
109080364340448652402604645936321058629555309791908013354394254712554501802104
72229286824068766036883088256517595053569837967914735213181020659336807758031
74744166434547470755037038596454335685900506827728330639550700384650614794884
94092412277920258798516150946149539064499263324916681869634695462591750856038
82523076533592238587579795345229866844560652442539317331109929291215537606522
86015404313470773534787042203143131400120980491887145663339775173726421053622
73343386883087003361208454528679006290147262930602718640530336237699187989305
80645313248387671207976100261427944722898771049293334777954597031411332688461
65988083120141924573399646201256241036004545534022558244842625782216897334217
86046844122343546475898088956853691222245982140249260997674553319018849533015
24148975690827710348928102346872307753724044937393346429577273582988240390722
30995911209741639264803863748598039573463430958001040069607552036327578810099
43552240246431155848146026590805024640110444283707315768789248885071406898840
43809127197439483548713670750003205258321229770670195378885565652003152713691
20935104853723830597197142824461041372377277172196047748369246584538324147828
40968808804238269716361553212954910768043978385920111766074415664242435818657
104921206275382779922301494506577486251485346726892595680718528546570786389468
22726656302159301898890897293691851750684481139814706839277370622968808037415
50722861939529266633375782047228143792073754133886869848402670827412504975895
8736278930135754697107992910958629944647370185087219279622206464635824785348
57601173047557742915079639647971153860093685381453850968614786948072728252621
101090448971401437722446832265113045284280432030615902557856326479396177400352
51973277699551755045990566538141177592657095756364412566304980428908637867712
32065675947163997873540164743324362293430484037889065589036818000915382349204
111680320935571749351551088795044931805351594907967474008303599609978541307887
17701945706553725132164149654508274732610713244660338367298673224939282440407
65669802912658562513564560190969962548779688202977302713135585540181836827448
57324717601945998633688649416010277893692297169905506684150397869208625618620
