93218602957525830253280016018551961217191825578894862044548708654881213189293
2324655174201149459118005985979989546403674122056595491806934306885178777879
46150963186947719160639449324862816877894342873718931947070760540569605438007
105122331201464299790752502578290994086943216437994103978313330957364352842323
12006449657299492265504411562886895052297713936457412567757141438276562419743
13096769263931118047601118823164615858217256541654876842616372449697273309313
40448860211517229450236470071236413744132005509994656590625251562858579251865
84131745088066921566428950830893657614295047523579816288138657161757829971038
104876894621652046982800461513793977229837349195165051346621880435628020571723
31374373253860887858204168109407761276288719350425890567660550523172258640782
31163163179706711726109789032918760082292153291737906344728469851402242087564
24224007196047576187226122603838192362018087153829446896692653810672850053011
4050940644744005534731506124622927610817376148401013307241931978279966456765
86228217011608853269792144371421887219908086397363113130094162357848935712257
62009283211379617605193989770697764538829904531066421460542429413805351615165
40513125018760623636426933662905676359679887797381509506823007503456080054253
24920430213260839980346614146566578218608844877758243440989140338032760415238
102013956389348312035623928875972083544788025445412960035598005803609311218270
95666578455898543688209357685318363946627564757033532588958022176336347641247
69223924094171032379141383598858709169302385458647029718248765065300093719498
109752765064227697103249758064562652583670519280264343592048749264983697739632
39922696346646339433988573116244891025960875066442285641833779821257756553094
71769181119961427177806509749418637763208963592665847792851967920213168046848
99571542394864583058742188647007281022860344985799461082645149273107817110969
92190338463742776020570510134761191797556717475476974752376686971347077873129
14049973259810634964755300293573630422974503964835227732578627704171694142596
1213693096628630320777249162347374394940016216247896962058359861827254262135
45615149436439586154940677946873007955894797485410330776072871276494958355605
28612373043888919382449928527220196243422586746054206294238100796823639017793
86463966438705491317609831363298923550913561341249057668384721250449742845205
115074034895326613365107171760353476509761197516441926828222909906447660716675
46938184234870761719752929628477705597782032377639989549213647906265755305519
111965268850702023397246511343782328964521597863159801390204973226660251073468
101147485764597545490540990398420338454059266163703472874632685171499576366583
81518460474293165198040743230688119410757178999681895417842730716825065722807
71588115645281575408461869103726032157949305350847749855832365841422892411225
59974519183609883645114651201252187179510918861760499995315044336669054298397
83273014854661919414422770966682918970626662504457275236071690642858388032668
48923626288900432627821645006324467552059424503133985820566170691355293884205
48271542394962364397451872193852716050076008964153359756702027343502934893383
28746803250175274785097709932883095659787080854324043316567116838229945712930
102816279617908770154105105599827566050712226397589909564163515554685629304853
78006333147645012645112485849277572530040752615731961472711403349808122550366
76653639038876328461058776836655651376163487228410667201184023496647113423017
87210428852502705109829349336069887167366518107967999405161604941729379692606
8451548099469034160847169198508352600152590939371516716799140158233009299244
92845709073703348058372753794531892868778671354654324527076015547776282156400
85186629964329638856401613344256572838024154127477970974783984871611015035185
2004926483795259102244494975165565239560942423548092498864729313606287115690
95561272888276947990821784809378360444921951343199597121598042269155048069157
91997505552170911678340035941949450549177446060881521136320427968674980525323
25287306178788527978985353484649622087799506708381071080532596324858903852879
83468305150579601198839881951590644903291335897307963310633420353689745137329
108889153586801555680737749302787516254125626554445148027919320034538921021891
37653232914695832979084102507507801120074354342466534799317218719754107326078
43602710450395283378635900028076654534963300554757281010270790228520317094970
2330099671039339202365740194686246503898476359045453421837256975475707272983
83644929816416888920347950185901869245471469749275021043225598861250821521058
2771709953047783052776175819060720710105864006103723184741709870860534311101
113672808101716858102491180404376262280179323357744367372751511493499453999153
35242262807632379348319611946330469945547076051519269651740241029565871966919
22761626278273064679777261983245890539678085937328546549893617170996960666787
82622940955873772047196917893563118800556881726636156247522775950593056570763
106699031439092698183824923840219586777694389138313771971029230070987836885804
53560778987438060960320761671156190653137909664030825909332069015791507746553
715458011079973825884097510678524719775226460577725809788362600879335216425
38190640870003900951339410971626325375887531567403260298513079584766043723459
60010493443129411767883072946636642090935427731859001698537813467397795299147
115328198317210126389024511902446668554535874101257094207238577992290073102585
29541741426094003996972152204802299228734863740516517112281102338951806366266
81991957259673492907355275161963661456803141029299617575554720031652117411855
81631328887632948810322300006028691316396015352752094511388142526746351800338
64745678289253695762029738374826109067886991211742800082136531283131601766726
55189539335729588074635588172384829185922140890979527829185198543842169561080
110304093773731287858759018696406112490437190661125313014350531413634267067368
78298366613265812457100096224030352344271654888456528163203243871978589770620
67989188366334194741435396498962757466892289737261597266136540681098893009991
114290334101631479028711001913437023774089862976660170294695937982223015162035
91238275356717951312440982983672799560126659545082226036299113959689929893713
84576673131486367351643321044511313221331556138741743335284306727219923989497
34774583331039089609534408868803401320320640416533478357848348321831644319657
82892188415870280534037293140245735098571645681674995281827894873027343077823
6670459304623258931937425728780047636887736408209363572217601658644164925840
43105448872196013548805393735706056533026193740547974416632506070576631174424
3952111141883123423378467215464249819779415168638403559207727222896520673883
48142855936416481676196272505789199749718905061184292189268216130208934854970
88260158548180793127764016911949619274371396235626053335181478498885472342552
72370614894177871505604782694011322438733901689496587449427292424587479722947
93195225860978758332225589252757600829911760431655623669650680479857618229606
16790239033569949724007171266339270597214875997515077422392418015379672756167
15103766859567924283920644137800715941283606668675143139816413974546875274547
21319410402239816133823111776377301986666491005335431509982192246680168605635
114069586975507001263923785704288305652173364110043654403080164161159561621103
62344853826691663081966100423044271647391102022460711563368614440593727485401
17915518230738778305735537261786660997559643197189714151808086261689949179130
65102522778250836581697761657440789212383568275965911623793363300719507352863
16827563991466813429264094598885700744011715220146648287636539764674985038475
36413245457157426641471301792335647973122080793165615996943965058006622411398
39445195849941368790461875827496092374761678468120825281204699122035686293056
38134323620893402406287824557505053014029478302733252151205410610081369023616
58800691333725937947456850872222788166773328669424056418773113186245467774735
66117291269121959285311426812425304261069959427387639532764397124839974821886
62345742559355264600263926062547613212784637238398148097976059651452750594870
11161533911438482251042282061138034512172508901555526153728251971981058514695
56634981438614869449823045105712525267076004948194599931944924671326964494173
76524645374072298538839224874186510703379052616136653928257213342786363787392
95211863951722257522502168539130015426437657256285500308951187921120778778843
82536564163812577465159326783454582236096683872656903475557399966940645158987
8756932873387484560772306645832913503030104326417741513039182403144540317370
84605941103847156859938702882626951245037347288093822517689293453856354953917
89375448265099771438209374335522631550403680705732637931603626094856141535029
88905469956933816935416277744800540455201620622788688388329257583483129938141
98918812086931088115414645839055262961479468402188999822174356168220096974499
58081420264209488995529522165306878811939278118698093909755329821399630971998
80068632036736808311870626205178363495309636318620228585099907078608484193014
76042330919108989734803343387099872924927665502658032511624261140219583886803
92548950157397795990112984617700653883874349460956177452500194683475916973086
30739832096680668021181750077323627787979516636240031785080450507641496529695
20872030194739856211742847892794743290318344781872629860483994264336592325868
94456025921040946620072544265234309833838888648762258488466189169920012010103
95879965474979653398045525969797439403977108642161992360796697237883960127372
40993163695705521605090637691096337889909030907198682472588337974470007183789
52082312552868782293906915701085895981545272818331411776511920853123197796758
72792153610501393873913645483121948202939752769416517701234457273226194887406
49602281689986667266827931214032373710731805586553678600937620561157363102881
6427560347514464929743146862887488539124744055406715013543903687300644668863
8088083633850744568360351823006941548416529391342183512248836725396119642247
30706058837390420798473133344312664680779671142256915599935191028328319893647
86027783240063004709050483796799539563085593404722154595364209507656155194715
72735491142913387304967352020475740492265309970857414161389965530880907751221
55954497893742700072610307412262713911238211000728143141981093566025525592069
44246033588643329295773904492205499264090495893040275614012946304076910757400
23388976920351616828731679308276883613462792229633391815012501456579019940718
5770877441759517278494873553846948722374270544127299061631870870169828458194
94688292774984679015899821147544102484036414388442835206954445661060465423346
112721773356637314762803024420762071654387394588360361680258874448487417638693
98676237144850519020046604288209930217785686678524474184421477361688012703777
34011070537265304475033197073139057874799999270795965721032318918087952654338
100151456970780278109411055891352782550400700678530857605671074488320670203065
93109845048068642807423364133281004696677333190343574155087856506558910981959
43517285072453482240769554723143488475123707738459565623283724547344920181009
27821520143590108908063792544231677137661674880329430841572031872054763291048
98145678084379771394423042566453545414450581832991628396443544875087801060185
98094126119058111469561592492832093069790128887060869732416750794807399801484
59078387881542095602426356183239837308911645415066989748084724586420267686430
28825637301486603258481863927341487449298502361143896205250839140632833776355
81118186705991901605189129250447490792439718288752110228923256767154940215406
35187417428634748577270562721571942069617829108936146331104199189982411908943
89560939658314240451077116236826235657559425853026398627471459033013065204675
80092871112812633396270633019267304116390403988040645780634806401166893984369
106233178882517387573865530968602362790824696341795766518399640889540099708437
43190163406714949581730726539054764751808739569679217424664040588368875172280
31867630559139834592724988823385650301402611284704722365956415032423479533710
101938005671100403244209204887105481848228597233698200730173382534139673472091
11032623112892168482373028994421247050088155121163375448599278885142042961781
9849417783178856622766866806740350872467776579807383332543723818982856996617
902043972537821097129111960381275536968039463918640023145522795383640546832
30409267659010323156709427882841745482943835613752026346622962865238875033786
9599535264924166843646484383620013108311588004539805984991404642902099900404
101604229779226709619638596070823206928404138229395510925652435816599498330328
72483209583379827316609458093131447504994139190889383490159767799114597063438
9165042523048132255560666928718215481889730554981463899864555498679934409468
7631017108763401231588891141313435608980659221270372400837059046080051604788
104785793829135624409056944825100047591362198538382482899047130215899435777334
53674873202324736655816685425681532175090601070171107462342079469819219498352
29606818544024502959349946153697546787600025977429975305891594720416560888373
108129931500606374481040371247222049169173627749320807154561987457580057631826
30763642857169829662996844199459750913380263148112234532086418202765418180364
97712918904302657756358051331185442715282788020598582127983268788294677673571
71214588486379883720124339117457083299113900062014567175269021162004707356073
24101206608078047545206820249981499247246286837423099710420113454315513567042
18488508253674156046025592621283575412264960489430004282761981751487400764759
66561323934334615047460934813512494242166983425036494261552557017485101423199
109627773947254396029328075620256741822947689540817167761168677458940820306448
22608719693383114492828100802321172515329933896426511295860398227057166769833
48911517495875385086107792799781133299034436965342092189747369492104782358391
74596617118515589786684381810918469568427211831211736741668170553217048518715
91778622850551799276369215786457792745028218667641508280684309700957219497292
86321797925230367432508453345811268564081093702651808319416419060999866317061
96998795986105582699803442749820990609622369971279577618451487206149082738216
112054887345628790273755248406163407240048107892319381676376002499614186050113
49596450435662384399964496986020499175169567851295895303255440344970143786427
77041824668070076041579420174959139468698338428510651558956450064326748169138
