103356523102360336364493420638469563029693088722681656270871064492869374521228
45392381061233972701997930095334548330206838922921494746513158443824276760341
1782387631912025582435970485403058104882242968304947432081393482246958255865
80747693100788216461812349671234011204867258269567512323055153275360468329397
25397832657225427708046077008631449232694580263980365931615025291473595716255
73828837172054552811235119642859972214234908600841879313352204047147187608754
29424240681264823026384138823452247148576467571387745126042142153134361895356
95792113587879523181481594222820389283616463091121499467179877444624902279174
39150665595115484499731611161010740795513198071131006104108909694120437743973
14117926831504280122188393826015622092174809135686667143771115976658821922062
99489941520789499128071121298687533473948391508280261157121064329756321714088
79671016205656521997531086627239100717672116515478162468924843819109904451969
104095678136237035541119852428221121249427308498070477108650523275405494627115
97469091289533738214360842678795993040064855747854393362013654030388644373499
114893887289503359622492240313962288838053864032425904625738140179283583755783
25482939586119563487539978964504214129448645619673668925699414404774396965099
25134051693770756083327459050058656722391428787233125741453127573337736889664
57164751148673217878037069436672702145773413512753087297763072946883895318092
104073032148962140509116516416943027253528175882714573137590890807292379495011
47445657930604647906182357868046282861669099707476597385087017088852789323609
76493251246908881389682393045518938266130112236335697282716150790857355981925
59937560976002051848803250011742165197625376481157010580186708099928827200212
25004322777569673063109197184699115666617077310883081232949522713449299316126
46267289094341650754863818114410352810951646219124129438576296158665106467094
106457181031844360331020007929075947048260746692980889550226246815421573076282
27738576788494868347898283263833525165900924040101678349894615063480488817335
38585905408852094824803649949756566858535663575805805154204547867613330177464
45881086364487364155322402326890863674239744095775227953699907553124505029282
86526834156601750766114131591043424675893547713692695688151224475245503467437
76768900612420681356948589184862510940062440948254127126873165871849049883061
109598539094933617789026202587161376657023174792210542478807836477505226864545
26533268104390021270171624718196725842816904814875009911434193567368624065205
10444074864267262176803464459102113998839477530204640798324574007806419773701
94553438593287196219941908554105230981760978230844437619429969543128899366026
80880122519711301039894011980692612272258854065197943668737956938052531522466
76485275367315917561420280393652183921184964300039254212456351061777304221078
10565905653374356681791033398367168369400619108743932752974280988981435182913
64791616680444121573778491543231843356305872945982724771308450349450421469877
37905520602712923388877533387292793705307424147706661574500437224436827150876
4418018281340621177318415560684066031747388518793319346537069417733564071681
47068300706676997349159960211908885380970704970251292697140607160621800372352
26361157209124357070948644706277629341181687672702450339543942334882876704665
73214281636290473857147473641168957605045037108461871265310934096473457313015
102216236217868322641058270300733901474815794322222929619105507024723662669938
38899352206073640233951047163699179677332385495488218719138936077056193502241
76952762737305448745067694442461495044642578531811109106663187375600701891593
28590597486896232782619035868806621166694979016139717517157541597354369758335
16858326530188628166955336200792461550470165898747657357663089054476563536720
59126888332272264219963178064559048258889432048429388927536197369714853927084
51566645980690499155808163753590262932825686493026670405250560521615544089192
50346302089474864627955364296301852997869342427745825725219479822653892511335
61795340904777138270614609593281330161161105051565230992635566237301928802942
85427531970699822765341572841277911845774669116508927631354447401619800527234
53947833447155289112266225207258917109507522783129076029493533176583375972620
75342782568595785273580905093862571298404350859613119043975661885839637348304
1546327982536632892607261141530758697507363147925831270000268684343707363223
65413465471388083248750468130320639989218479705009859778000640274412880818934
63913204124009708861005419876911858026732968454446747434045127926865867788008
96342584134269632437383322796562666823596397503272317149717006874952449252654
101417867081313549118280231958936045282691407415491918326000715836754882912827
101288266568451497774192286773884073212593491789326554603555196890333425832873
22675966127353212923268394083983090585189639509844824570950877367619882797402
113187442947635440418231330701529557725264859431387640763967037373426121831009
79563674105062891496859511062327482843741836146757346506579531571359155439287
94445359671508719104415583445851937216292316522597146030072054658451947089221
74635986174428665035286061890258791563116220113753862367047949858544826251941
71975333843228058421881802058218307879910378213230148938594886717489070235405
71630292893187304661235639918071030344003362902376586746012672331387966650667
85146879839919870010962558302003513918632607312955567568786783545932618461811
29885966669430987045043969888409421282910869969977562638372229332634975015340
59272994713832150848013716338736746772681471945105510248097448768009470034753
43888994241599027658524729060180366998148678218643949154057295334193425664347
53060356052472697926139113251212262500890661840669458924227079462148407716370
7369659781849917780950040430323662799642257936142320559458484681467996490268
81371785679943852755260832010629066647301690247207985924268064016848651465853
29269234766954989105446241481893870023474137993077179504192376612697028893677
106177296753233942554194028615977673975172506542585857727332739218721760298955
89503088023343722487916374474837711673670316673926187065593673515044669281889
91408404918086669380164052529707111540075831021525367864320605394118042271803
47050492789156910359011636664997605869824703349208252084732570614959787618585
23075284647707364616433889100940778552821526727671004212122053526699051354129
13259515075623578643612103675931426665738934007674654929394367611062021068885
99009738587947860141529595256605159645779914902026191680183197587589964396293
56477891483684149916874057264384920374977181903367257655283865086094179927238
101461329827234695583464230492941844487900381405629113435303777103017740804914
36488643111886625948712109288654050260471938603764679896951606651766184361725
81092807541507150287755978696557197175455774723010089395928106011200826915157
114615132395528702202599502868538311818708095355752212954694455898253192888749
15181394606748571519415199107229271075736263405099338066913778088603910222353
110323692656744106714434414384801755287717386352689867025604183620001536798832
41931448597081797060806415029318787829879126090462057433975528362737730650645
93058301831985586951042966688116272105155594919704313335476938389828777972557
68417135291058227888043881210142286373369078135452676638272053039816719649080
7138984391272440783053163217703462229165409518331180610770704370401446378548
12033126536650862832789461468121138119479350687994624724414732499304094853146
93819053174011146942263184157077606991022621455883745467862073576169491168504
83536392755614053076255188772881137345968850648832030119056207789702118970771
44832112576639677209115009815291767285838838525138013220098041121622747684503
46355456070840866916142441233164365809597277913824683626647964783190368969650
115490712320467823210247588639481818022258563033630505668272986842111477291457
106319044546212544380124825289581084212787512311750344823120716703885320085772
