51813557651920837739241793004979365006490568694381388593328842861670947099777
76370017989462641362028774956773848421332867860640895391587678469516293598387
6256086615147750028703944027016686903837025744907644623926106022948934603673
96478455924495796901177232610961288072457527463265353159696565352083782737986
96151970878743574126632529735234589045660465846437759107978424551542448148694
76586352580935234860912631830121525176998692595007544579945139905460168416601
36669699242673753837103193255822380260494828493648527399703372146230354109218
83211588471721698997586286511652293488798516921241956698922969929037753080764
94925654127846735329090550062896981478118378326290310901647966166219689517201
8412023184142559692079172931605390422027234405159555740792383214663448837500
37499527642086585163400369162109783838501650700852991197235671601708533054394
49599048949965736750541928106275512482271863035500423952447708279098379520923
86920558614848440106143996569955233781785183668532765497202130092166989720384
10197974245756088786973154102974157370672879724392873193449628699085669830315
78733414054418766472696262373011721757181844965645946505458655904495887853577
86591090592270425574777480589562841535964976059246790888308394141516019152069
39255490269597213872588787116486449785801087705622033618938686796591891631332
67772239277716749979458964737545293315781778145276985767470743802808661379629
40516102259218729579104577312067149707783217922235740020486087596441020884469
41682460500520655347167109565430799414242425173909458992133594876512458932901
103040543359207467332607136442986541610852459531058818261912674076496587210998
1516585996951358443219790838473701820514086997078937497379324141499928876824
4325186909525590798753754683001229263718044614510812680146204577413965863675
60883912166939041385385385047332493064795743012007925283353811003600634271160
85947386327925606827610100695116388052470523400552226700262860792761464798408
41821700056386325955748689044852007125519095295339644905132505612526694159062
98558720754958194164870519503464419516974250492660800783668653883456558929709
113868031577565754435209155580034638010164655244479743122348225447643717794176
105191468938649865779592738007337604091147062622458459606210946000332439270800
25332319021863422813469448203360177223666836515284979131233591767922360313867
48389561018189972656246737273943351497467115213086257203510654994722667059644
64139833714243877074454292476262290931352825899146362693416133779652698819526
15423717268511477708970708625943635276099969484118798983151109736539447604780
24949760643107190617153863320938668483538424126511790690513977350103346653243
69400836391872565457934774883908934952890827006565280788123450041099207252943
3911063365400202213143111088654276684175638066212248168547246052059490747128
57267912374032761204981425327172413982837258721506313480455184915850452434799
82059717541395098507648633343866416741919311432367336181842706493123483357476
31018728675584552580232129031784211737635675383837642771605424810890261660571
66076819473615481300470494664599371116215627061230074421534384012495948314407
28561298101284292453497796752779669513271854656360920981233155513130669202481
101205943522014849755417421131291459601661755938547188060619821402982866223767
109168392574766400175363081471511109327351886104996402224923500588545664827805
39101860246481131511480137164006299247885788127145049344791195171576459359655
82211160262229841649481639667481345781239610052020783878567711175873698940060
54471963409028892586262847774517664659842365449505729709682086978782883258281
50297850211829551215076188524781998567268599535944305843617557862870979128600
44342455755444857056626386284795172348204023626884718891284609710076931767857
31406407662452066189269437486662171606280188893127870745586183814140134161073
103125370677203810209358314187737064323694141729667525547497681121414574978310
65912097828296436089303366417529662141874683426646942558517696883284299724892
5081181027655123132470003739048797654974695402429052649541792394579902080573
10084034042593555926737243076336526989777416426476715241770070756797411056264
32086228210435531479751470156201187401098479459600211999141894397209233364691
18435394817517749530084427024802949421631316475682404745834955450022468038231
23314071697953388137857791210622272616103962641989893427618270810404733292242
96642394925174440117412161083742952977648544289627205498422883596415409774733
30373615017568888253058711924083964589538811399841204624639610056374717459428
3368877514562515353135794848360861032219971249755949714978958464444185878113
48139858284044139000482328861428144606664404343113636619337331330529209669908
103162943705615789253510351579798056491145236686047764852631709013001181368540
27044091027946901567163133539903870126292986651937994653461806786778865063846
24356279731686310457159164671829464832405063068875441558991851527856448269556
100006286890809223673958827925468854047598032618079755345347465124241727750999
70588633996093095550147287190718694574364577125929731692894159362266450659359
34332352331886816556072771160395672693278726300524899190604805335554302117702
110866441686675873002823197484932658731783721539514355883325829123776160249352
96211453429009786891841048785184283459061990330870765119953641560884780388402
95753968931421160874818834563804604639199089430437951899543044529895936461653
91498524352024952909227081536970863784607846381970799615036794995428970991152
45383039003931906698631798735418772979373744663587929604827195490312891040809
1318575677350266850065861907010301213598800652952749955205906804937428642656
20520089919584018102249261360396712794093952355895783326552338156266571684015
22086151573524805050928664291080011147547356718363141465734048809241071324379
72032470130472045016466462372272994969827221323796803980213671748724067935286
115095354896462066424738477630110409249756829316287307457118167451206367582457
11827610768511616137111063775946209415084956662469831705510488217349124105302
18850233437287245290480377387947462496067840436316454750490112292910748255467
55082614642855439247613045949154649906034185502147275238366884810280225446052
79070923821356395234837304063540524324385238725214151465432306478180472378145
77316612303430747188929564928960952715889725575272728037236597186994210418677
14280188850535054369696819680645200444313394496714155612438590497322869973434
25394585911492226760307317577658061430080380481448492090779613142707484533365
87937424128131583219578929135579791174179690660292130474677397672747835486072
92303924768008240231393114286377888742413458610087328356771528961926958204288
5124071150728104457237207787247734213924107340734482735624996260815709849221
81041294599235554571713576709149135752432490317200406678002235960656273622195
113896833475086348518335290442319948160807902172647408441690641520357768449789
109812892419722118017109893827420976345120928576859819555348970092466781294938
13209884816697857187836985021461993301840195101383791642414921427545088147300
73539734136850487559638017453874598455483048406220533810331935681833683110198
106062310119063961263112590956403573186154236134906750339088188783848807085245
89757156109100150389139394548987501403260207737938822651662445719181568235932
11302494618406663556426417968740551035599668722659326914570447959400863082331
86685491470811588135606356717542831370014475033726303507872952084322335599102
18817616234171857567094018903498158527587921869060279402524786053856279428930
33150600958204816948060441996580696523690195967906215612404325670922432788536
57291971848841094660400617240721765155209182944428169308792663353889688830201
69599223571376892806832073344515048368840261298927395275606286417524695373958
101173260899729805447013950647930518933782645042470508718096559211612948606063
48625543033994015273178646644059256770146936398825360537539797645618350444039
57722592872578161507802777823337761435302101330709008571624138805058991302435
63316449280999171642296578568831525435540795039255029356536516058343509023007
12013472513482144119217978670502175529156952010927484755795987349157013106905
86637540961619960213470390233691903499155629782819514139514605959320009022363
85774167518109728962771009094041558018072972081658858097787365471269003081318
42899742466233962461082378194308163033274733404157212459938144659674113328590
49785921181947836776571971643293967121218414324375527507126987108689457743298
74742810334583472203403280148181625958184416381384159753552263575403293473401
36844375918397361840588273131752949948221693115312472273870768070593026274647
43860346908697404803328330764860779871530907136457611045168809980289375613052
22536770323773580697570524671339945680454235239417405765487661401310012454928
70320608989292622775912907529937099073295308667394671436451285471307254653959
28470649765485085639804656731051501764376144958625121200938140665399853998072
110713734395286507734146559960950941713491670763994727168868079159819658771877
