54637566582763303789874982260414751068468437054937920228398743305070145196805
65381141125000533290375215672147349131769587647419892840369787178440679915776
47798576857475144093184685400292715582593980209022289194297250571093765762896
105995902984426907483117787798001815903963087453125134473727235088451880113856
92294909136963290621132316616846114719253294467511609988379168929121679484049
53762776283003255723773013856132088967865822799283464693994980846871563159227
6577711052903691703500966477112255535855512957805022627157955458796418911484
45812789762973758354118222212495827678944519419312755492828667013317577774785
3186653432431798709587829728715074414514335517300983546675520050036761752545
38816360358428273607413204244795288979076048068602623351297682039495899218855
92278887384481538176404041891169404211066370077462679549045665606474313777988
6105159956749618711452568805379018832973649038860991928076549795304032070071
107702514270628486056913853638115853021571662007793051023501889567465952434482
17402340256984149737449368684562549232231010250135394946076135994618873208672
25289644870293949251157326568040124637764646355021560642133974468614408460804
70091350207070528956559903583034804419305511003757273275037466817766051372505
40061640634139987794318867121302926819108445707718992539328039100209245236133
57035522218198075554791921014226109467253385949988615688214967452006338604738
102748610887207642262591198518690656033681398833966622893667339542127426937250
9354921984945449480332942831730672996823159708702115944778246876960521604945
89823279732410391636635793120617650686287870351873725172732913664981725718230
84990079382355587619481975499843070656192333480299924852979719995176591255942
93558981665635991267421824168134700389278121656511087295079041453707860807425
45506479860080050804834728084140383024728039111315035796027736258067617296803
5821668175951608216701098050173537968308436740491050148720031155343410920274
64861931354870878942865988141109244432366724426594124364168957317035216158809
17528710978378333050711724245310396022071073050021467406340875274708696670947
7315825530036396955972463188467162367658586896518194545555288166779302601161
1136970219708453331126470170790905040277972935688110654648708147720430052094
98745684384268172023822363037450277445059998618021586707429513765559028308188
1446818996281816609780580026109554287395375458210551251272161967819679236979
70825604996458751022626461990141140544204161968979488152753235425669670340477
73292777618656876909958934391226664943493323045612049593457237042204297213209
42236959983926860981409825824058853627903212198706475641374794859312871226510
11491957316789168855945778322044295536760817854911058500403577487448543129584
44007161673016062948815987247305082109247359913276105307184639018204728122767
79613616314004560350337017896798724935649341748634105349085898034032559367710
17094995913721823978003913327636931557686185280910525169751481394409653732098
86922014255573509203450412929674945055677796676089085983054003526170677566781
18115447410708705382037781114983108163379432503836191831682513628012944857751
99642225671258206703872593502156185761395579961884867666456503169600684999058
8470416113847333083755287087492944672845618897572488429343191070360008675881
23877372231671858118270543405213008708705355857788336838879385200232258976709
84842596026528193893497726558590287893115257369200202030465671790380077835479
100417505288609289502044391476140523100917743073006997251123748331507472186815
24166527704592493147969964065284806719980608947239970650754998906660852701413
40871904031800324153677353918291875247001223614145470131152873107509175417522
80951089160749989158100262320988595601240401809549169294662018641194135799745
52975592872557868956638120365363266263802672665794235900190575127720080285933
99171627911934343783817460930841903216955595209322834679793036816596639971665
40898962167750812247880158039483342147566931004864048351366411512586317486127
28955036382120483574909861140685943912410602649141675609564045874952049754130
9354721474673937236552727284149980022536367574086110895272001521922271923449
23477914166018100120510412615261375352911132785382863111211882171197719136334
27489334808659631384759021426018946198173527236971479580986256086917849753714
92270696733913931045687941357719587223229986651286692444074375339372347347596
69324483302601856834845144586183997958523548050424081326138362923377613560157
21216794704658686396636650418482693334711023726697406140094921450506299246492
47946889633405079747307673317761280501454208560984171475881816855888367709179
105376624018737273889642188743857340245092902582756916533951291653264015110999
37910559929632601948845823222081479224499565278316225579847110907090413591742
29412490639632965928832975671615575251409783418077390511420540216582672097230
86981066667623311610750402270329494022451389808824360422519471214953880956077
44165366453381538580041962039393381288774801144046326307350831373664339501641
43704883749441973250955811320163377008955306423193809629706882568950136631441
95075346677470000634124814802582994804569196655626280722561364995378580965664
18567200513654732361078906939010838693504100182218422348410743867753416269482
86445131419524587811975122997739810594826026896847631702330327668688395950131
63998696008202769700271541717920757823976397688084063105149744800463964994634
64556739862939926312692678747766488531585811293986523327385795483430532025145
14774884918201000851567121311049650310219251758903939681627437815587737385738
115191489663805501165670983004773305049013900050939293781937588652428264329455
92360488599801194013292781234316586962487278463625718911407762426093377294372
49034318819608461049871077520041454737349252466538079333092294265836757648297
102093555048747233888603390982794992291041405580481998720540888445743571456969
16797692306150478151324866749300611616083170979214998807097753184674367124267
82783215068758280021066621229971914572979397106778520730086513609056827604652
26175815868712815080754407700529339618971451862292776358413680534593005796103
58401892802220054553535383048394334560530905763387701611772380380799634821406
68630476386531857684342038619442940919249533638930326504479326805542220335232
39705179718368466507862787586062943453209297580733873077107343345744422821207
17558232760751188946890284435564854141808441954565418356855203913271726193809
3647022887044365271533408898400922542911279495850265428350115328222655070579
56034310764295081860397705927788913003096354611748053872942360555746882767548
57372862656278066218186486448474669627443786458694569473117349607858089014024
91424738690231816476406123380254813263582107452878738362795142734272466845608
112416056770055023462308240096438031525431362528766713723701412416152018741695
67178961985188703654801672430316951450044263416358227062090717732292101846903
95157487133054915524662658149012970011493550968668406297365298849480762481303
91839424037802352623516140674452995462936207316761799285940792826431954266143
114179146231834602124185065254909658319155109569652148545760324947735026013335
83166648373869241108291365715629738733237717727122819104906408101923617399178
16719979285282460434471218362373074597626637553800126856961023631537841028320
15117513335928804023659850680889057749367425464930069845176113291801685323347
80623067016737340327328125466393918527718060936319655533857622636551519668574
67556064998330594573508982864840060162496774321419794317515273194382770585266
4643624436707393362306522609803656220404046207353200449486543843072733790766
21929387677827947975326405941375577480319501865044725176542862897087427897679
86663666874488476800668928178120093841758834920930804150876495402296690988055
54147231460482690971414699578950760669911474609593244969632990059380947456801
13537684120047372208725328271482523436177941178756166610670010417238608030881
46728282586673209421720465156599756630564037143948568353268296172984246500257
98249899176001581691895627783648582312894106360968612167660863253176003963274
22816079354617406489247226789854097318531505553812070271558592132860031189928
73909496428918285884181221098805972253732908850677719743694589551791407408324
105546054535337413063963635709042736320550327471900274890389559784678234911301
113246211229443015616274348970669252522630936360495533072570444909508121676917
102531592126594270173452492624000722093816882995112139294888368158459261988829
89953904013192267100603397072419800987571110764539076203229195035934718596547
88990390342980138807602219571436254981800123219979806321812018868683773099252
4946779645027842625367809854752689691956371521391093996854990267655568967091
112112924190556232719734523530283327009329066893427733654673372721122031449215
92187363269306634538308126912407470339197789815512298516518685051297831461734
72660822476193307197531326128224051901272262727107373923651415639857045428044
75912207630000620892182284030235720589179212108747728375973886461017931703850
11531738463594473099762558590193785416779595179285220926710283038812027714846
11989355537126930571981022222707187973535350000252153727807653008988368046552
24174963239557813714907725311312578762951763973204011262225575903115459729094
10828835832706856239289816982876564467459869116929296045564178586485621807490
66371110456223167877679245213155642739158121116826669862138080779161366929413
30635930153447547321700945337027143355940142462698497892000948550372154603515
53167970145914271348801763697205192677972342726121511772877385194999653609817
62615740953685325182753436795500425551493995548809980495073708225597171457124
62552235365059263468287496916010063138123962419753768977831794227517886149626
115112959571302998174777020570999684628228187045205089150804030958959367112516
46900769170247328440125362962516864510719818098681172066734721201116260645234
898857569908935677532342924684828272738903826270466744932138356977992288764
65969190608606962842334378933044679974970945618361056181197898257636480399310
43116602711778541703587355856587413241802244877676934852757484779116539662654
87215458482755023635899109242840980571810665382225900152589861135124571599454
23887649987863182660553924308788195985416436635384020011899161063276852108419
25299757328525899217464173843895044377648618578607236678252686045903727202470
50942292051617499454368917827515169746022721577401942402582531484765201750960
94352889626848096111687384337104693696206022736987052115809963513248804818533
13586783441379452092719884280999979321972898552155237189440530625683738944850
31593348519062867215257141136933571760253140485357285832092727325419348704007
34297954180826899059150541022425998887576753803299527932283085777793641274901
82046767619888664029095415708985705262484250337474720549142270273619007479461
84605852586084175976678450837929068806859876767287406863239065382426148687821
53647541544337594871739347009838496230254201562222439914656805992159834298261
995146370613157507199185962115577487049486228278265210869762297695326137969
86279343365884625370843698325449253568272185013379515790415834123516428277181
15690355055195826645667456145610243543327959406377939370013937191391461950409
49007970356904491881685187483405840472638316611527635728642726282204104054405
5442366201870554864239607010642552297565977888708362613390362088852827893173
6080509725786210890953388412327057186362817772803269024784536297959238802746
