60696964956901746129793013595571465462855287127818630866724416004614520027234
18466157557608818984300969973486786984356878034238093467294822970865181454270
27798218182024682214951970922024499108117502331004453204288337097576480456035
90714994062889195101646763624078779694593347185154859351774221584280642065962
11189833636248428460351793259268437281511763581672802454034626836390298496190
81219388559995522573563552561879053498948067265959871936214047792025610684268
32608862764729863112012516145972089970415845405349544359175974343789553445401
66053937801708537514850173052499283926567498735092645006367597823206682696589
9048470061459823367739654384319770671855776243581511629845666769096177466041
38548180145169479955117685500396743620609682232624521287662533073990795197156
27510950530252631747494532359189537468567273233139917000258947620101032746411
4642228219894800232996794134379095947451734190052052094733413235329936240604
53190207253967667704273764437441793134486842446228847280123629228371570291251
101774994517603618147386310304034194356685710652221976848349630513654396270465
113057484933038920253287415234348169221926756143965900639382475848384001342569
59757062498627887633417910861226325927009216122019282158269721301969119532782
28964838104354040981477611409132351736818512762564774207655496078832103547996
24818969058387270306824592879058770441657526293384117886472995729597710587601
92656048077872241051292064838863379256048689274861020786675856931521746943139
71207955785909116946546038864706275310451516824136703348847123696348133572739
61743724237504327268272378419148102245238898787833223832832315073564463958373
18521069701719438050034892009929493475973991962830075167298377445886594702578
92106699345625224470224769105984292999709272309959654987537966044815228570958
46291558597340174983468674114839680331239723248677935365831070594536833384287
23181261809503239202394478310668521480502908277578951185228100721685569147401
51346104129039369685873613877505518873965504723179681686824468997295271497032
45422310200183455614761526636782299029705677006302178247147934921123839872197
14568002693910687272645394361931123897063937159196614015126979421464131781913
97392523487747005687901019551663719754059731881549463193763144751877035293664
52904055970210505850871487284921020430202991671404668506490394993225251348306
86731133889169503032037311384612206170890068168991069256707321818739738522471
87697965879605513126595708039238568438038326596050772337442102903852474517967
56762979355106980633567725924860908844582731507999444203760490506418484915405
19179701999808313053716542045570920824346138696225150810244322803538197661667
51734650950987878850524418608003737342431016228200647972900243205747054867821
91915076595158117037176835385565574618994376602200537555508263111184580885838
55910596989210524913639552255841365396785247071791763733715822270606091542636
12724891825869883262403839488952637903374429834891968157705847924354257271329
32918269763532457180819632569142365446969667411400029671418529587427994472813
67374919866828357688543588009260444348025026764947327769307611490849758955753
94061529058979972176406497066607802246344364448316937801030990076442494156182
104519949930212369755895223706094999076671581073398767378684393219226470065795
11822657965166329437500607177352557863002138284749623525533339359220799784904
65797064460625358375780807818145517380235124142467015598933960421502148612656
70424550365944647863671736901183584842808061878955511568048131128278873337020
20201099911324905672682172474206819737242561873453636791259795056868875359495
50390621950001135264675213000093082694928941280478066316134643630296741808811
16095193218761551276777655502855392982910946327513695573643760440595345647620
29843762628605953839194479852005687997622575959775711703293505425855547022445
6643222729229718654980107644813099286924978841956096259013880628268998890479
61031577573373368570429935735287352744110969470741838596395190254454979964898
10693258650886102746800367819113352009400384420380415292962279270250760397743
30425664288160657522032533837216758794987595861028108336447755808070692817669
71234905981205425033972859227553305437770768613088162508982293864968969739522
31954721064689349479590345723989701217235166916738147783557426042775507985529
83340592592157463801945304725972270895236465659693262051315480323017152746480
95812376429224384418987690209751877995915114248185133308855753579970021845596
90761492739488318898476552590350862881558356726334199049510415226385521202898
69708050110293379041382915398651935211308758362818765109510935426816839929218
44509091360788344485384375443340891702157564333232137461133508863908569283386
92256252941311154634098157829379836511850928515138908460850581658672191758387
90639157315388168634662253528184641788914565201833317526818424985863253593789
11231138252130738284286215758259180207347622412191338838722059165178360105238
81327048046021502269222893217070472209542310933794738725556146123857915766022
54180729967870377937096943915529977732206054742121362429641869469331163779917
63391703342700335506796649813979023225353724679949286294178399472428320384096
2564764690202654326246424237536654042820579022513638462296787608483016272920
72210100181665665094729658598238861938470198006394371981007536471795412103210
111372659763022539295972999121172153723336284901423409584623494809589958146221
51656932469901947141986734921171189561901351107315740447236340692423641872111
46342727427557135832474815875831740874133526774288013612816738533599964655638
104044015771108959128328475491164477076018451592654411735048497499556315965465
26517479756919513198038855131521635488584237501001225793289101236703724203674
39585182898453977924620109646167312678490803525693158533347158599446581497585
73787579792380000899179699851857206448070457060194988499734037361832263778822
70984842586251391009376562331772866053008064974769737683583061211658912215417
32716463194810253341600370012900442481044488377031846160024911304586374227064
15630131896450733526179100720479909361258230294458146147621262623869518928478
80318765323629838859301524846720000264991277960192274713118748591565674218818
25674643568217243549454394538117692833783219130460177603084546581399420858358
21963380817660119915395222863904938112690082513879323137463087913218444599237
33093229628950391337914003344351132178117142659498122868079079142181177742644
74721798435410224738014464578587251823550975887747211679394805101003789702902
79047276040382031157587271835728201850765220849963799897122801971927459600074
12329914334883527918423978306085241347304413245181407664256261298178768462419
8446336504164138380845550891194216687159096291658128014139472580497297215619
13405308495725405900144348012582478279692643295111629489258095764353826021043
94754844623425271594930320918266419768088064284981092701463056625346565702943
98477432594203794797307892461903088810905484322699497076725169595496273171934
25541924074579995652505790179635633455470023091580585671401647635284255200684
104402797892992319469773845860768809399835416931288229683820680308359912049483
14545309304943011672749640662780104749765456218634349595152097458718346623880
53576366663884458644364768192202746726035650338526056313399841648914838944221
77590296109748155506064523503503826256790408147020554876619512711774506899152
15770391778118137236556952826311357514398973568769679240139340493084296969569
62405546556817241975053230578628388313748387803420315746184320842049684637014
57421942990547835055608956895174515975565948012486549980003178247973626586306
91197913011897318526902247955674129796364774216712848129757385025150360216458
54703751935270817474541156168155685007244262234245389314404825795588214890209
55289393062953377375721796330627235163011694245750449550902350978667498365435
93030063216859304875285790121418749343505467642507097637054724046714005657345
78925069343458860215705136286704469384657218925012232183085277907778634869891
66540483028508692547638902619603547984596790797459288591535573485669248437517
13232387833158709019734604395322831660615737490349447390241844689693475646148
59682346394406184796078650203207395183835861886676468071298342872958545292442
35689872181023844858618787066679325757245672777984993177048711782686184138571
16317633387102173399918656928666921153472409266296467585232939391658873013051
89919057356995291774531066174105408345536334954276433934309691183666974712095
115495348287016930812601269085780518769740304847293004182259656870627187165875
109571222184701595967357368315288461261512086097375381127290959781750837102053
82501864949459289446589607224621904848129705999096421586837009933600169779168
62314601148690301355320043205917374701579272914516562820674720131956454164771
21630450688729373234132007314990891788849051540305350521981903752525376120507
82868695616506625384405977149379327075305826954495385451660576960231999711524
62774262676849498939487300001511008323107374793388609473169822918077646802588
46923178278131394400511853399506193661568988481938451055046608870584586313484
70088530499769641350072263666992936554924048553804373373344825949102832886847
76874592009562805277868133340066261470528074372673596760014795951122088341581
6747168557233276594576148157552708723848540193923161111253841928531041611816
47660418136135806887380458085161790021253185212915359990706688023648552191484
5040211919211922213109920498398946573393261193988361488079173639870062207081
92379787771023722615193272401943734203925879169260061270516781322351187198457
66000274164489264266061231450763192376753992770295623633549372422367918639444
99630289143204346642674443805629079720687113104459320256327238501633988475610
102920609530928038573187043885218301765402274933235987379717597651307155408997
37610139960309882793023290363120804491197817604832783716485436223886335594749
28608707909687834578575140544920427878731269368990132709207778955715991982906
96368514161612838770566145994611024000188338989203295506458347561918850320592
28152639452094175565717365556254374302590086483669460237777755986602659344826
54393636855597747204062521158046502886065613707090335478042340344061248407652
109402445467609330249478349851676750199617067437456266231196392202944713982403
87738317647770968450883696597202786418878912382048376986919607643526795732193
91579899679551667280930770866786505844053700496140702135648529650752656357441
40414597933381172940145905075421456624150602411403255547924341736011980590713
90122459309220724068167024530704170285729635131533575292631441184752396552799
30226035394197938050320830163792393867484582826848270179409854625967172295170
6133102189444305152001319422703092823288811879150306932924082344936064923875
83615944038206134698631475457599341796542046834671637522034825100470550583527
41844831120178977523944326000005001625049811482206680849640505399870088394285
40345311155086583894745856259446241152629528410295730115343238568042258489458
112509914633629491184656030665005805359780159090928054340190575618665341402394
54319850129785676101670335009864285069565739010481222857938303240538360373084
114958427459939568183062122498901176623420683069538992924008839185739019684738
96237337567048818376004406371178545123702384315812926266252139963713032669274
87518368333267490439921570189570071042505183131817560593831279753337379446376
14529487151520658096367703258382862477196419370229046301165085600970090748756
39500991002969936515869420192068019775375794052769846561657449323312002841979
76136498592043612350790421820966929694338640458742122370449252263779525407980
10446340373733735167360836036716374957346652569840390890901025255527744051757
