7205881360658099313112071565287540775309269646013904335971839968843211400110
41316834670505070570856787011139421072377074228531235735627169426895219688907
29958892299217943863289498384839029603411409717890423732045316928643514857942
51483160862224877496355319767565945565208508884997482371230107477273082534102
8921388313245129347152559888575583726711807082896641474942112595575051027199
100561014806081890442866886468758652901109495613623824109414735440949664711467
24929943856818811557710254081907728236730806240838386750992609036770828695050
76394693712345276842707182979805180204352063094672888236627274113260875181164
74129912371000259575057809308891369527431154421948547290107987951432912289501
39662132108842850736441060704018033541670656919839422496766026746423979039341
47800879585816907381527707616838438043718502827272143377089307668735681014560
43998273990407227706394902126007796184776759330245335092361446580187289876466
17322482015408076370521141549774357934796795689805117116753257453619948088939
44250266434873144894938242037861155038149428446680145026442506956853496396139
8934144710508067249939455109994191872768337367581598624989247768413988021386
47448704706130076906894893619377553224440803637311412921705142616188978450496
65452926435606638176455981402332641190016386271997888020671194662732895192304
32041411160781985804375686166237779603192203676082157974189758938068483246175
40499585861443129938538245714272525466088551800287181200927169973815612353405
27417240951988499083597280494420476146701753844499019015477476598555640676331
86685810528292355964854586045075012183232466679630592974914952601727007310556
6718285093726468369338911212210663593808758815917496580073452897842679522490
40598295975472571173184004042426433584782218638941963214908121824609468344169
55785609508222034048662360105623294438395170204105412716857454134925360493823
49266819866177245191507548317233867487124450338212761876826651110177186810710
40466560982577024052941117262477683720722366396082826646425035083034414520826
52348474781355638714330218960848802534727438258152496704314074409847998775417
19004731822878850712493501952909944693551130512048369314675637506923655467150
46373508829577192087821398255362044381418801229856229174258430469373896512803
23221597101542541610610949388914528432541688363139157236487683026228205711210
115174285347821145460808148786440357417308278380751702989855935393477709201332
63689800445618102389669988243239519445923476937897380052222028224476378385536
114239408103884663341372262065475045770172436544529923175638974190548105175271
9377997863975202094726722489013244888395751653529866353329447963825862159042
55128967516176000792510341118935624223099059905305509869463392285218419316480
57519188433716342435776022215803966776592949777271770204801702302946635596831
49619542380081548782290643007923370521814244379832746403036872463174599435151
26319699744922726151514186833784125138029680242355155958505118808678777290933
63393588649041966112710470318945264769069238119497023351865854199540242080619
56076095767399704291527595533628448981019222482512398446852341132004274786270
8760479422626156095005290390679512303822579508421281625207267344793011021209
9589497309701286162807247464132097318707114854230524222407114476040792186767
84215003899135094288988669641346750101618047972521535876223669615226960026639
58723704568891171884771941280547874454453277684146448877143627775600287362097
53147984226757763058034506821349534322574433692163401662591330939110607759848
107874674623495852201191695065813669645498953506810928467262396562950993470043
79609992295677028529635225417792718930616587617860210450396759600191967877686
43930423534067931134709718452963361585116257730405579962401820157329091351748
53874970303312518088116460445810764164678725428727506648817100823665523293925
82851266281458720271407917546589893236627105635097757213208338788896272965303
97305411901877412116565389894598937539133012284073669032211949380647225097746
51783057987404207575770018177362644778534354322384698033839879028986979847758
65514946487938885322799709992726853045260903785940098084255482554210423577432
87610171197605037705036691973928300356729740575205982584497069489195533827828
49411310497510794643562121295869341005906801787935115036869808425414088266084
38104282390804747443649296836610025627804740047244803190836780506964700258863
103629807982241138561494134169948233424610399320296928245039624978626181877161
98348289867028454110107372386090260274175587214649556741259854783996829015171
97098825823594897181032218786557515869487285857429553972456530964529525129758
34439840896574160958585723128383274750239223135040058089948169692512492266755
68609663131539975289389865007100464246147468952674381476275502848258637558202
82884756107239256392449034628767581347075016866035782167899594740284148054749
46962867382682093222725330530574303881791954314107288875296639623564699877848
77347457822493541055524640976141790098946232027197996684971040718105539019627
68614162710440262623550848570164796303930490413954429007196288598665912791697
70295280769102809971124437952640143199798624053848439551434435473083711512262
53033222132534695145246576928215012233858491480973392801708042846304467390316
115621587616716691782030113810612819237765932041774805928311934991180457404560
13050151821009614672826429584944427980628233154526368228148134650815891263498
45676772562408542606888016347420291558285517892932934549765134374255802606769
107760668599279841040359057663315474757241282334151291701119828467115523389961
56118426369343310546593109066204184696061923869650982841447915603218321447762
31476662946831005817145154316090849015478061335641638241340087800657556241798
45493041341728931088017907471333597159404229090779803515341158391581363089848
42273612610856717823412566495617422091225144505581108513405550721744920500483
11924714033109580860028938060846766616751685998534078047239495127267588530515
114113590669856414474698254287417195583921588308404222047264582525257639053677
82925782348011363210573874232068930873380125765962358605772474296566465917906
112622476893148055389403968529814644752588366917264525997774463219027108154052
94424162487811318380513599395802162422659754395397211629359451082935675483333
9331321864202598552372271074241773493267628578029855722192108142669572632939
74984856978177501286848720350335342487382764365483252089748797306265156087832
109735740512056490845903954284429378890454725238870834848472440937956850608130
55089232626996332888191602729181958184186294650851869014901281031484693049029
99199374367564429804984947827438047054835696693072925081751450186159025820635
19518880054389149321730928984869052167403057879762015392878445581850418794976
11500213669245900418312209339593732316816760048337974871652519064526622305816
35174371207167091636539154687418298192265293444442779514610929061198152027233
43054235474798154409855285425196696091233531023077487108730059357418085348527
102579647627966576924586800107832911915078589152261534852969119901266736114764
89700013620261953370506535059987063388866997780111635890117225428310833667004
91617879403678415501804776518387645897662804417300041683393770202575898713219
76219687144176344748900894284975823615601505818185450209537455810388959316611
108856847407300624935601511939715847137856575579195610464145673321730635303456
103352617751402605259483758450057531717732707340708019112198805683703533332639
54236759892848576242938397271401580544509875723162507496886906336299062824790
57861003211511164498072571061477854922225120146140221632815513660913145283880
20517335865065557525262420372133713422520281297744730327163720347512234328696
38069312543067452869012874116198885503058665226004586708609552000545616050136
95266012471332422885773718691546104020010336269538509881366881951129115539742
62643170537902547201659329899500416232825681906200805115389197246807516983873
60941348673858476701373326895046032341582563169109441967187942342475410812611
44073827503266456172373670905857732056585709900656915308921981683689949132550
48943018753232786438615367412720303928703804019853264915207426716002801147782
2048389735097381214491668061934222936931279762416552630581842003383957154679
37627745571464246823985258837110755323097894003083876855854777157435526765061
101941179472587915309410489535772011120475305847011972680466523949023515631201
99528022614759119495187805871352009484362690234984090598212250420164109060880
46700113761207588172027343808977287781717002638027848763437316983348582719534
23765777287432068862586754642718728722699711317892972077305225722043259312333
28278618702144616500410919097656817483463046704515585700908815883461497777332
69860703650177041725021751333345795812464461943948211362182541178031903554105
20247038325770883962403779346514805073543153968775591589879010520309477906223
85457171674592703462264723562223690751655021535124531971040224108993063536639
106906540487243362720967406746177690903635165095552503003231901809201238570383
78212498608440205559214879299949285639333760894270240770570822629552789857396
79672031413336549302112464789883918027985872118646917647417051475892132038197
