2232606034860318918555116003857719983077725981790033614424525887447828376094
78069467576401732444174718817421341173151284585973025763102319386179342143144
34780260994894602192717432137334621867823302560196219465575835528462265985512
665513073331190171878033869065039868702572557314033046568627066383930047664
106474344341908419367560073123463163309210689147110312252134237048196856984944
82193627057979863381974771924411327994290728175082436185376302161702686407474
113703788465999136976978485406532664284739406501777291370451604894958967063679
85389022592348482821830944196055897797665145658984038702962239668956405893680
55139126425557975044838557142490508024608874515338529526578306610280914706660
94005645250018533548097717260731650254034277768984329173329443166427804971644
8500497696926132388105149971257073348340552463045025243867018123144186185644
34499298263829550796764961919920248254609385325140139510347935222895406000737
93291769051502917991546164180969898910157388034604156531363682789044957550959
20875064926608686160924779826315038659396476438583955174321122920537048429485
21550141459429531407894990501459048317548091140229341080334547065329954470055
37758050710373146929352153530199223268190910171319957462139561438272013726397
34186324493498562892315063271943595891773324272632640967844090018110267710616
25978026777342157371377737400682636851179071185381765275650568530309331309220
91750125649736733554160381842862638646990317802458187755009435856005303344129
84437086412553216517158147187161447754521445117479573025739782334095851846552
37994298313887108469238199254892167344543648391544679951880758056887278756611
27904680633482574431476950915815017415480164289683416214657407954446856598179
11072119938209923701393298372666039557271599767055559204026890864875608883739
27727383904458984594709625601385284449333952067329718968897885726039844899474
19903856954896561217682334669963172367327680781381050494053712960422459542766
57414895116230793816496695046083041694860862020811787930578536759966825343377
110428088660182270355654169474096700262052266363011159978651354888486381985770
42195834235285759721878217521931622870483735846044169632615295839904449300791
80333160200504225692036364119261951427517784912147887106206175674597571124641
3189150593004266331444039900711662434553679739226104336553940210146000213034
85305881353953292887762697380663140210315911369912722154134127459235510609802
6061140592726033358912595685384795017067139906774820492574484428042177915147
79576083150989376336473195715065423953717817861777017702200348082648291222380
41202686019235134787326682171634827416951874158983825865540104506733862242217
41203798170412795878466024971255346452091509685489848553133071588849502276419
97756864007781185444104721244248022650782608546265732387479161487873014128546
37784368287552529367032135037055514739292685130668622476541337785937545406150
91578583375069856343575175958122971277653873141263114102295061864078274493522
102376050410989335000745084002917787977789473392453437062271396235251490560830
108627671056329701209941495776698723254094616455234450509765812216248495643540
50527539457147731518025708875836737461271791031532921735753534552299284047302
74949757471619305269402434227871450798616640464678622841972399084570275947218
38920902790513232735437991188775037609591246332502567302088910751491813847694
89873983086167009577362243886564617243924963199963752159965475925692731021965
98823797884219364186218528146200891359696878537966567438636277464838406337826
55274274792494909353407649932634122229255932690583062319389203816603024578591
23764981187161203232575546348303930103105389143959864379776145748488784313610
3048970933323765612124827474168219628119493021275655738744972012532594356398
78987468909969932911637946343773296812105410197729089458599277578846564972150
42133288746827103103799684000069446471141601223533003408313827744758036686230
86874903429652484233651702827984671927606504381823705469408495228267106895588
92179430812965180827260674924116740114139428208506152529895548058382999631804
94190187212291903580307573733370939666158908088230122486531561346642394256300
104380316223951108876893457233590546007291554628802597377632485988400225558627
39579433999464858913994383256577318210592391221861508806112240703920458261240
84570826125908634650727078683547732539841468096862932146282326176790554438902
87335095434803389215612865172903203591186744078609866271202316352500811102342
31609928652486718429841750871873531712018559536070250378141225860989261838034
14627462590745188216450054384937611403303112014438049159514245422997733950272
100637430061626654058608802991042340162031638804842841961955258055515926621289
82599247407042903497506401097114579967477093758626094984453312330358697917447
53444538300285577932125837582915818208417472456160216952679137197461230625996
81416225921799051603839032091496857653761483255361428559950193698173079902921
105853589330708412215358284317040764995760545874282153431362200071269492674220
58384776829513803237585402167619044888459504047623739356048845149166197402429
6801484255641038621860384632184185190215909061615375804982114210665028772829
50067119089974921573759403686991572952096943288699487463691301689569219965623
89738602087962985650259008733959969671391236699543092529029941869211435310341
81274524129414626605512038330609200836492540792277900719572532590022046493919
35707944295349166325258328050909565968340003482030176515989104920765251199106
75409398190716133394290633514051378887109899191069503507660108959017643858686
83851385486763002674681055238376739315595599334064886771967859692264921156258
31043709851954682366150181460223588749938604119896096149952738126774730145307
2195340787065947412772927432022145776346726561122067724530600424467031449960
28150020699159807361632746594780212684003019730832286268221581881961440349708
47861078269348058127266707147189717422427458038996408188707065819721572519693
94094079331012008344592164999750997369837281271077672865782220822331983743713
93659851246964851602248083276385203954921970855270630556415756308917713152905
5225634294581639875611838158238704059759862835314396150099932221921016358504
51794449545428264962082808080120077792800594804737637695574360552311348557986
84601737874579959886274689545739572489472412531810454917012604841563394049461
105966593627392949196035492125383439524049261321637906755632037796355811048651
32842700590695041534613140070843765228543395317114092482536900076697914448517
67743484024696990309188918195439193806482322677502032981583572975661195867179
100702790729761358310057395630118745378394778494954140696394833783410602336621
107407200544565878531966665732036781356390246989783723944442065905277690555262
110580072796274100134701287266035214929280920519359277966446426828570839486053
60155995470743073434208940917554568797336003619001517563573191607234645503928
61668554106808115916022572679633823547106613077694429622865288755359518621940
45252781668263156816280325474738482981792707271861263786018384298703522335085
83001398518113059367302044488846672532599714119972051500595428360251520385579
78239152164263736346571405128497760173559437656117432396670182229620925259130
31712775928054645227347789644491256647725033948971333871640589088192148096997
74241870992050437255887951550382763360944068280525037563078162110300721442473
48465006439419482749756539506818770426917405138440044685982070597251936484377
97799957320129614163631837271788539589594034734834081392531702120003794328018
50329441903380991584865090169783685758872150621584834545649465172987353905004
21721026835658280819211381756854418947323076563410354890471463101986433423508
42055160586854779137856315243543980729351679914537838286056960319744663102722
75821274324407763139520976111190320506086741331504931693895892549278237049769
17641302882719013982534506761200309485139201022658183762962796470921700656981
30061778985590095743139487477729844924934926338573646212022693145317022021511
78759094355630587560760081693745302946806601013837130095592963495598705011433
90804264708764702307687719308051354573850134227894130383030045980973602060766
8343947012946690210287255714457876624794103784306822079005937249993023722060
24638571779981169862676320538016800152790365310427537494411349980828063325386
48683122246213891617660207288824663132407400538199588933235527093524560990361
97873829248343412004255964588594058571120477473936185226653701731481512757025
42372664113422513192163208120689242359443698949758721690436090561020306604956
80718723351287621611135625271102344430581231297507970759472711917385131333289
39823631141710569534784281479978354241048831824448865664474681202011789909844
77972437140879055283216307622708680032988846523139934780043742141882724467261
104434074349013033035388884621423304704646032068075775452941082166208767827047
20089494275003433356469230585573339537828327815468777079012775015750053418717
107805878044621164107328827823676657145494803935424043574113044623459826898893
97505541135240481312163665649225671292840775060505598749633294303809298904234
110988633318019529233233084758165693380015971302087004850543073270941296446234
5980928741962581263700882880530169931250096492008579197213537302782458088317
71453622789424032754682396581912711237276297371332494020942477800793249433495
36190759116103382652612754153274648939509369170152393627903246852330462835953
78206926402241220268265428099667559220922153734763711552631030325114570655304
25694676217567321598878045387006873015291094922742345670522486786683093182319
46349586599409049411188909459653536469716135458102565278263269138058069241885
44423013010464643169444306616339214295705128443103989317530131766852823078728
33942739710415386675562478963495055961669678607601162713730506033669603973437
55803473570873736749834718534071608178886792133497435049570401647629743506003
18729182502268590766282918244217399161335711677348709898135276230908088202505
15906110342496813361949972300077068536642947297340765697302632242615883524629
89403596525999156169782998564808253019403633850971562732851821489800747090564
4854811522656068587619817303283270035271983601562418138359077637178349048593
98142883876094161548785839600104683770722588519576456498120334549853989274688
61601962200549797438930846829429666738826866050619999063407884139841865155535
53199779135492176602960635751492069756864325935033830872165883376620225043539
57582076934830972401913557700069801326307301464673308083167993075599211878613
103877740539423862503556817069469670712490616284036175298156381108917042320868
6978093089905782682396518064952342969328341663475643549429657555718067055378
66940395519623321127042206629387435194852695993974458762670377748282971438230
92643076850972875482701910842466087636647834009565596819924675404657316961811
10182036729234755322556111253075885795778291376999129319648631805413712740818
59107857061387259413713162873272513852695053535003647674606795500755124140214
36704438054776422297147673783368507332575803947449221725542637129519360482219
61817125471911732062953543552354005072432689443329363261027653853109000159961
47968408338764539089924941597897406251778199369279002696070517850924519372065
82586512001332136603979485893723723795341845864762915780030058735151518960966
34897832719340852392029422279246375917757824242188347692127625102971108206686
51644414802258722309537088018709116495527090089745654417650370026168258616233
66017369126712546620928676448737914348860808581289252482898168696604974269079
100811228103708353911195283153744828825910087046523462182682566511590269093519
90448120777836277764128089873131532285215672964053905766284012872833345949340
102064711521285150555896566767658754007298321970325012575628721694740962706128
8484382388677767212003926213370540768460344445385941015303906244095165421889
12198528374678864880074547173621925392837061350903996009349089919570732343452
112626826082883465740953521307712271801140864474238988272421590498351492785182
27410667021646848477401073477191943450501177294611716631938483287954459962263
30984620673787439583342965060096386188219638528123539529975687716991656092817
55620098113917072619844647065995795262071451703154227479501962230390939436575
66337255558793039753593850602051761201670287102229833612820925116202112931394
47925803037087367634893799125535543298702500554959229885688796289879184004204
64746873902557770628676692164773872764774483553172912290908004810832022461297
3903711572007356998768936582093096877634350344479145478836379437797436061182
78958042700461853987700791018443365460585280980562858426240783223181475198547
35728789879865204050712400995131606624126820704690493045187944355206144435579
66052736207404377722968536842864110469704994415884876344031883712226493956764
104099990910951349174525835586302062912914815929655042497248943829209055122035
4665050213180390157111644316224066026247429149028448704569365171175858252988
104234132621867460681590100293652990881547738908011713275330381439458395145357
100578118636874371668406701556036041179186627751157816853657876326710296010319
73200768125175038988367769318906187403049627040462090577151735476032236083857
21944289686678226434147088833446071153378592446101856992883474929381997558696
76153753132510556167113685869112807352359885408325225017022085762389584020284
17317839415953987241714843951540289606535926061134951824678396449745010684298
81308332794925341549419226970801499295915982967221426879921752802874462826710
12794479037098304598660196438937433540135931651491384173900230073087926428838
30947213952249734343267052763409059920288118870894375727146087999292840293698
25360203186089525713153909356876281403239898485539716217995182437586595717664
54919075071828336941939701396862867729487173495113422626605370520363896374937
11753613589411944415904576359878911344282806195466569189595332678141383531872
104751121691962452715035670107668541527191006420200816452311043428583038271199
67476254434326889735594077964353737131045651105252377190001957610308806240976
45725301859308909138102025225939941262206312312612594933088032411465993401350
14653924862398588236343493045305812340123417700427890410959071645906753463555
60492012720740714628111911473052275345965014060929843876206671259003079768625
51034330649750631890772287065275458830499652682855699784093955429782634482146
12621991015820915737588682354584228477077462530961463240140166436147744765128
106145487107706287339688218324233631569460171777670804144090714575511951929861
83741977172059048290840772606176347571116932888985831374677961871039280664341
