67065096663166846134401795701909427266240521958320140750361633117594687195740
35492594079598324691114918246820861427689295242614175965614906023203435614594
50479958407974546059180609968339023199343270316563505398896691982659516440916
79227400269802768866004775426798180095203793920295785940644564738919312714223
29894453972128100138810748883128799496762370329363729873450129589139870809412
41260339832125333417584362600795766766402467643088654443709284789170769921578
81258996634654030718533603192305576871823099415982068706339756050191707727841
5782817157770930439235424365765332292365022314585967601456200575258310398034
72710675889909310596455827160731293065641904808359018854993497467158291947493
102317550102799641881444478696353520373359843607676536146633758599627253361336
54257572536707174941847294279171162625966622035109195096494266879187911827064
114495230714807586619108368067479672205510627533334396009408511515712020543701
4572908786154113707410994166921920723001850422134952699457433036268060924956
108207022744271088070449689161039333548078623217886821098279291421269322299665
92642434619880733092299950441130292372925805474426865614966658962095846240450
54094299266234112935611399318887962436478188000436212718879014910485834453361
60745266966274004614222633808090195608033272566634635275451818454281001829384
104566263300812718282815479681741605195322183396367945054181039390547518410093
98164821855783219951295500210697011351185329217656944959924321244911650383879
44698750772864190670387576983739712507726005875464857020297053574373249189035
85500058684610161841736672762860541872180968160127397503229937469720710349516
28168329272379861773909383251369413293588880221928699358874414338443031865924
18934703777649148351564210141814175407403798520287777916788497545721028938460
51481859679905344979208543362661957076711221217297766838035842239839797982525
25198188124567459069245565780823637072098946413194878887865222712608342510005
35174137006076319699447490099117736636465428372892274634023740322574222882992
77261003666796286730842477268458545712618656562521844987662877922416623743999
70074938826800769862556266092705946789261883030172121186149690348962109885231
57410125983717209826800978690071424686615471432328247047908110687534351471122
79980532603927936164263682783290995073075841849566506420280412123861854298800
95058985979242985996859386026589463706710239969197835033838611766305554495199
65538149208303485622833849954363457393056685909099882242606381494096218573202
33397432153584086479763241579432078986713259035035525675601767616083604883701
98942556131964911008412938037117333586874290920859427741415238994270987286334
84732771212548791191565957499156559158117728079714032531312788298688451943804
41614732773600867332085282029897139509590380702462071027462719616001401173919
99982133802877997398210379278801927919435582579883936492417024674625965825470
84168000012093706275991647578199216542176124400774651745681532550478182558987
1525687542263932254113805539031475943269911134127363710186348626034619054974
63327121901183504212422069007690346006382443657684702265080102382697048905391
36047643459134125918185015297862362609723269291106111428797801525686344534932
44712454067243924117135194980668890858817311875906840929744545228667504943295
103423646713079318080456197144110860513625193109385683887084234116540440933584
23099584358655654710948949146236198869949397685469670239927314122486173178706
4220000314796985029264825299275613741918313852288126277200462944366978877971
5797258548094601674664369355855286849039353855054685706215652935075561488012
46798750061220494244656605917447186705386778734247688753493516413652272383869
33544921730536216292122970000320144348253024245686552983904925643206163949265
83034290788677119406317362379085242287301318163581814727270625449127342515279
66948299873229067209643205580218906091323696544273537203419127189780254558050
54482076908547640590052216976743243587824635490911695034161031008073618581474
89672250107489299234615626045755101441804529507923703749469965310443988595292
61824181369843512079012921774541910098854756961863806371182225993059656826688
96116608652781790178007742057412012170484391740353823828331690740820131482817
4998911171429250155577558237965231500547503416228332925730019286214199933986
34063137186430071466852985608045579193499729418015345005586098471347046991491
107144304789237733999155333070374837373295399661821380899272160412947939236692
15494208702407179884026573279219781435115025341387470916568683929536940199395
39788833724821904909612218520561467511724294319644375181087812886027116697275
64020426546462590998574804484517954271108118374889410106743587102245387169768
87546099644991103213691449607733198353003004782445096335239512851776629659258
64455261223426913792172676847738127937284528708851138271731365678709204986661
50800452457003808182087426462553738995434018930556828175570533839513054847316
45249296424832517324892258873174452958006106975071932766656542485682017937040
78156478315157904218942490566286696680024048158943438732666159978579244611359
19454415436568398812633563550037433347973981697949422027157594581333227652735
102413334594642726517434666568487240925514487444980246692192603319531719253035
49184925945969934814039091197875979779548744254056926926525724655993757093120
38546693356550749875297010400303827490100059352299086630095155521389173022119
1348828388422862112661159273990805874486889306946811776349039905484400215648
12915313468432390966736129365827860126506979238009316726499982202806905517075
71242137834497845026886486510740035705565319842432027895421045912685755758234
33836774975895181473399981660725480819707701687302445944140168020803174684487
90381820368833444799417477725723768862160872914935210929538609605122965736161
42862809240167519458141596891537518714514794535518696362338140008685300118324
25103356304329938024829960224032382452670643586554649563390050641330097467762
106496078748601686262287934299303340543870715831252259466949545666413068725016
53521428804797114311252226954239225440604420906168792707719948021929997361534
500962503841664228411302991102955467544606308724828678333945307189842825238
107620065589601172576197723684886788002915955757144488746753309238818685921456
26711925653884551741132233130812025041581260456666231533564843286606951789212
68343004547346720089306231100445099006622021345500082615578418302764059976674
103826198940016856622001503447126073248675926588414957932486346974988754604033
62170381296097237128699995153143475729343117605584179302546164042713554832461
103018882298505421613002179077660288065409107471508496722641703592350617288176
114817529370031432164466957443793138165056680111343024539990093011844069336724
97605948551369927700036247645219822604908099497796817746332275207443341345354
34731197432852917073266646854030563682059686128585524637874820555009886755967
70310281532483305155914611517917143023748274796399589874746915270706018255959
23182408956386731737391116183722722188737741460759191055262938148730687923378
23190768614639740474713658213090133744739404763059627236547094744931734888801
57561863922128910666023998373524416580702337114034185710376871448678306480316
4587406784747939785449002764871724117427316831847045390025139942780312473706
40781479929286969062963609090003679077339039447193688262122053041007587156092
92089268847422718719433093501012134102348395858570623023700735864507557540144
80299460581527256932078281031034472699817728813848557708069937084574023084907
85121022519673090913332016141422396379829002674588265792989251095278639851440
46187593383781244246971095611674058026971494062483333022497252268979384434146
3030749884242775674884136132005546696287720423398269117199619874062862025068
112965739875764191194995985805617287857026195158927261590723528510024406085745
103469068381927241346442556975416335380822084694119840742246987645367367128751
45954005519839849176906507269153163081374425502094655455882437457330111782415
114731327526289818099862784789315974500243449411107845437782132507899363345248
23037301511745633460998681827606060526461816980980419957276592839077468573998
13533197615938433625591736251512046531397922373602819780495506816358395820355
102167061094829276894590273131006276086287700960954062204006038981636686142464
14450674325732745254700189645119587177847170166168616746076770430843955389745
13479226501074576310864598327229650264846520934086439189291061192030642210784
37674991433361712922030758497002202133082210322574659877320619420271485221571
45026409413530237108427155934242248647110739674722302977249227901291649803582
17780806720736141850237152078711600151772579483707859915117080769201822426307
65274025107725707783591642886049165638127198124642740587300808545461915159465
2032371916824528699586994048342590772402913762760297072239765082455241908367
68420881979897103764069512382014992937370343339420203553241537004846161731399
112886865205347082915186437832564385098289871396184974221769633189900184358223
31340507979479158820967001815583772002280773449081132483847148579329421934284
100466727466114282757173563805086395158553930405607619510478158203651836057247
56406400446733137903129889260687678691065886336256281986320496735107956392851
32211016204710089157859701307632066139587296483020474613970221919850756652945
100673817672299607078844074602086636095895752261805897428300269462061182325376
18195791356261151621488325341064618816913236798839588736571354373010965753547
90879175563951713328053984984837425233652681280759902320503251848777433830219
94837287575954556976080996881477205276724048601610859894863454612782212641577
64685327195581106699122376795707333499945059996335157805751380430467172988420
39714528007738033364835534000526627569657897135468967026511138217702433522930
14479753693774187988639509036254840838099187812423258929847623685578154735897
94744936493602651187072414592693596694940919471522790839909281724650808852588
738646190637170673691068741107424421539202709899482189186595425399551490731
2849565536489839142109487119738668452874426158430125252108091644074551438316
49598613359946739096853565012953541864837151364203107342812009180742809690851
82769011098174596964726589892884015072121395465913831048264715348842052675533
53985166138349978656746250888545037477843637742428126880525631238558159510980
35094124321409394756077537870613937100160642128874107396234414272869104643750
33926897710019639018949520722461742717650844008246116450545272101947578746815
68795814463915128756397561771041027982232680459972814963496854015695302896697
47729788055363254589931080962523378565423183793470016577314116249712855434044
36212063140317492402940357444206140472121010705843588316174039223644252417308
15116706438327358121334937613656584088185451281651183404318692761884454725381
47040808016840767221570845572259152876073392616373347962810491057629735349503
4322802379790919648635494483162334411941254113881760671447944606039845315216
101582137083633769121737045785998436806387592600528843545169714029129930406656
42990497873966365352090220626814665151803977283674626899626221811185259067853
3712125125634535867661081836494116359838644128428323856918801983500962816576
28517479705885974144338816169560649332174823085825046722020698614027114362723
39980965508183287574021551650955764673839280140912923139660183104441715998287
91365143285234184102705274829982805576998080609859528002392562719485114411117
79697682255616267244545609106388226577308302346375105303856451657332058135203
49858182187526716273566613992565957339044640737544273953933047315121122086891
59685077712794765297024664810555281042479017395918968645070947352413624262208
40519008851058402995492450024007820378699690584355720094217852662820336878370
15705752860247557502524012502641015594543589516199033867089551444711977173782
56569220107038282163494481480653295661785103438371240913646439120849872227630
58001425260485246533686487127564126172859819395311823655063138478939657073354
59001672553478917027040093272575646229775930546908497726393223598537857632901
2882382743118091582890939670713946962613846543417018141779401322120420821167
20158965321320925957275051336195547015562516502894731225126679461985980930784
22728313425820137270586637432515183921438057171298259997071222019478204232023
54978273578736688204132108158860837813587424278478015515285450640359345586154
23350787519858726860339634110972036435317679327076152995372930729737555878102
70357044155413522259114180380240359695187601373885065114025560718732118744866
9018868890221565001844504535621346924240428188841872972554832491191883933036
56914882202017869309672047751894756159987308557880633712278707707327161880906
