96009216091811405157850720635647106733359800480725167280513870323119859731860
88572627358767174460570782122773271784529003717236289406785703081952328497243
85500544199883483988282127618247528191056089866380564610051350815409384630931
110370773078391656134969626714237105140955310136209855502382586451488604257202
52804109027868909513030184395377427180265461185967453149182308927747136855739
73348401209599762979652705387184079469172888982314210554466060396427140821990
70316451026606911836377985266963813903188834573523694102199954899419339244988
55235783919883159449103228490814441764764388928519731121454008009503336868135
42488630862421472259612537446858351727026692039028806541854428241625820816147
26319997542905240711148644196209080718578074671071791178156733970710931961528
43215477314922854148579761620503573122107272623757998194143584789145443863041
60908400731122369070712450464894460620208880545257559171497268107305040538071
54150374675899622944257125193092545365255118989328396375635586584268800376202
61346728318371237877615418871875221524150304530492447596281770557900048418404
7161860249453671818880548257887646098501272091748211045472272339717722058337
31368793198822759792037689009876630361889501268564482252884508065502920852455
73040025175017818249117956703485972242406032422648280932321710822725933059508
14435290092781832120063959249690867598728797025137509743519010201556291986374
100897741505602560223023381971745305360609022285858994825028734937976353470866
82889643695300949031971415710390007322310187774924904454260240800693869364465
65465284821983499787104283152277089257218960865156103041403037212414969604183
67060671289870044827375250912806129113127928988648424759787826896499568828675
40349900059880744928403393253698263559889427968928667579413586550646413829174
22619172641987801233148536251368776920628858804571030132197800572629934907591
28848636057589350114562353612169650894015986934546750291120557207918131483428
91873869694606098663028077393057299910604661579821109149259650217511523655642
103226248993113132185085100449630561900163506895240974259708787312911420134004
6427416701710460326533340279892350389452100713533226597674556522732906736223
93260174300401866948253266640577699190208784761473350278310931306246955234435
30202770565275311255386697720043437195443910078363145521796076005313438244083
42145051120036504428016841398716393187481628901340270046876354747542181505176
103284212334968330205143673404873302502884990160365558870761017539410141833015
72979687391615575887893034019166420680281661484384485336679112435085282451142
65364985200659852607456409593022837485045163939989640238808549153708347592809
12307470943633863094527165034749979762171771273056705509759068163899881739450
34314503776754744484477900442574610753921284057903944329369542102798483967360
76376294916639690703702692683196943888449276739634732618787450132041956492645
14920354846034822068727086750665671803020029193180787767606683788592548022240
82473208563354493939596097041419501818930706553532982462595416196186951094952
93784516633010843053492102220769575603428312902198133337509532226155960317690
110811957620647299520416610353333369057034681523696955897753570496844723761291
36579438292715801282282232785507859139986593216838985961140454565473743357710
106952932763822141238117308466572568020974957268658467358683811935470831416166
76148698268322740433565847686776270622918803439751920151017745155355144302232
9521677120236071908760193921569129569839691516419837282980332959810694261848
81898023139445693984730591452374472226774390373591948086065942510990768957501
8285442251817893032886033260064260912256024140996421640147272897622763233484
69007286999068199878338866965547760699708081615704793825907226351633818139102
79295786823620891781392606982740406076887027764181491763779512094260888859753
60013751005059592651116075534123761693250516362464854501287302714211983377628
66050654664201069770742411659252921796597826358633251614290175005458017919431
16037774917047906116135457575975274707091106934898950205805476192781126680157
1011830718233142524442674327653951831456954781202422834362420715714383913902
38875694622769284627382125883144019716560041524625625651364336791172408345033
30849032971442092797462033503685836995254193995613529912517730025995655660241
32852112847910410656227582685521907283879112856259210588832985412119953226165
26642036334506413550886536002994033368405939248457959904158367886514436229322
9479976973831625370928487860469080652282401780673121939012345958401798651463
96631493371332059865269591367170770931460684958192600484589507818681371500895
6200105077622531491386500404794910790074015982301662038804669151500248794273
80635521466847120054359030553682303888244063342592175264751320001532802680513
29664171982184600967258474610688022298091404766012659043408943864597525856664
70721729818273204117526341458824123839708646512954642820234146752205572378571
112691226157188088811642056550552484639637863139009666765818340120450790702197
9344032318557710870525778535192927403421500532256880830338652663695124107097
58819018946411060794191788889827191028260858719208565879439936600848804967952
102578842752094945845893271714400167483576687876481549157602403589264879512148
40352776355354198346265949694789104968004416821320332274331846386267723196985
25406662056177766558545260622662618360368787898180226356143193808326011649914
86350353568831788468463161057994855054717303947482599710807994248263997207465
892723933953165297374124128336401564292121190971378919195900540554041835209
1519440378140357179957166764841032226408130010243799926598396603307992016033
59347695922674336770642348891541628315132989679580201100940501216211811923164
7918596499686767712889671369052343301963160205639690783825335032732346908364
7423846142036531902463035792616545070429201250172452440275518820994829324135
8189250402006983806496011528172488444277569162824199197005545881758900036432
102405647665130345841966292142137453355463168709944342466560405151390043439724
110209847397093074622147197781381934494982457975263885361251496913751131887037
51723589392496602926993783151410100542124007637744211739426355835603301438569
48318533101018417428798928676927629214580137666439809097185500416829721852808
38011273388016177193375625883434408163910232248640882587970278945535623173543
58597223036111309790620831345228604679464665226569294691649921129635062632732
52951500007775258438810517388473263384764138916568497914274446175069576225207
27049021434645855436510441185269445110350931982580407796276838073870804589552
34397169685900386191046716100397796047786649593044840728341334471220416319668
11047673796103108102591002038498546201657299782246422524280924324273999129944
72969721385816923161593393986319195650590402498320268732670049132300450866754
64861040216088795849349984228815564607934544268860521038983312035615199106307
3241861471239344374707592201771500879856877332122187478847323840746171354576
698224433074312514768709821246245943044427423668513898294673538718116834547
103769392470660892621240465005171356182228709080387240967820366443975098620194
67729782762215301798764975639538791082747371421465478910528049603855097435449
6598857483765474384166611675859140428333401664738054174779217267966878199391
34105567638701267159495914014525608660711828905187293903979753897104892125324
35718529484655478352604681346718972443478459481743028874541282329222720126980
53127670996796599628674034678741921843663984386368387183544651730920578230981
42006995093385945577302741042623979143081580889254793284694755391431368450046
57763839685095655395393571618849661904393374388914330136392457212869269755740
99440456632904239607342822966879915142381216510223059281892247281382973728989
72020121174439441842318011852282040402432386088605368270634621558258113815671
49638900276005538587928149372181525487842880989671561728862405196881152577452
80501267397652028305104687112839355302783956356758218577108985795277948913224
82690859920681569289880039570508812424634435185999365866475245079020239513889
1334622240885240352846484377865165147388323820496395614580786066914389008104
49669282750083760198497701666382232307017354185096536399248828865464586948491
3259657486731003807192238674331718231102035281702263107125273710881967768378
5374149286422394549213958755728700895093503703088990763930118819933100083403
66930145810100085824801016412295407623952143913225666891574584591177598888306
106512501713190784637322328505310247079169053846735675716140493747308164356987
26390992001835748467172121934342467307111037775734930263315493973169193005807
24124049405141669429639749400238472384892013557890899412073713910369893345599
99879587126726168521690255524744353110490068819667087273985089554521494958759
52070068421425708128497450844382461056746194363847085583159331861076652947559
31228594729163423170780492205057119724230278438201593357450080064645598689195
14941966625915253671387927246458595448830794550053012153569584317717820375692
54632459558864761986509359772269250447570048459910626406765047027013043978205
12482019045779391433781601905756967957180904489896840363905442897535745232180
93715547767309509282850688571728970362778013834286568216702418129459892670127
99855382781091739706103545134440616892252815993713258291102884770763622948371
113845795764835423072087765040270477985858727646592588069381688283022859618683
94170649009702244372162722658133681838998815119096011236015917971053667234076
2661601986007836848437226237575157691341609563247191293077373675419100032521
31870625641920016990252248337262436681649758272876472646045670181340757652027
40350551477234748796535974731370207509756018144911804118536745695258907519009
24367110096378456683514215326599191514669658172362685366104593217319961835070
17748554198530941072912709063245365860115342408668025883816771659804465284982
77152320283878279871940114386229806532497755212722211231124078906959997824845
29970270412584241484782240300778421829038298189251281225945639624216539714127
43505459773104207120472991829830199022292112073614419156028511988045514453912
28937290546812041858962115015743139466602455581698793925052990407964892328490
72593647986283697815362669963073648276933927492267457168635179365807633872588
92049560521377990451336117818180829939366483994418281528627539028442070029264
12430515324035739423003818966387180784882856090114247610943999812028701539842
64932914752772023801725811120924473580547231227571993810766606739097817807427
86534944336349252661179599212937991569824543024556710040662738410569539779723
30113288483210984361470856842928589615485015844668750228569203269244891536323
83449282302669576968308223172575990493956645521522322473468489336609737403204
9606078249485913814425458185197915057567506367855546396258751399035599184167
69300074831283561843501514676919491694629967758936960251722746376681088181917
