70862390321804105929155339564324525777533706621853107918589935635770736721481
14974364528221772432347054800597594934680668351165631745933703614204906138238
49082192376597392202329463049377336499382859404893198186010237600255275107110
47734824264882169396046638455594130139099524585335351995763822650287002312407
104133752937188020161654889024238392731251140589476169617238122682997538626662
21450439461832808628698708852390485969716365268957024834458406930297694817007
99258604906155837941608609422853767154685223779101533999342585263037245572713
65099962489204060791185307284497372204557741074245838441124674790489441360062
22154326994673376306908709938398114283108039234160108203560861875205238376462
75626559618769122879497424553453897904827037123845084600290540184070698678301
64290918321507858453638185980203217271987226997872297311152983657438132670829
6315444987194118394918491890050461153392499564021973102378045820306402665205
4649019946198433428454021675116217250504158244829777701867147689981239065434
44459019047067003340903767190643494979725377243889259042352831258702016347166
41143970553943597123655053876865853524690222161575116707461581542313560352593
97375839854374598253147928799485872418648513030018850945541496231104343250928
89364357329799177077970411929789888082366372436167362966607395533135532087495
34530579723020571810139692953706091842779688503730005621485792986944024906060
44830328968266222415885827774753881909570861345971433306459462765007204932000
21805914743747570210943149664547313218255203910506669225583007736627425259686
29232909112751664155986258290833049276136699778417224168251024975788571307139
100194306188763228560706163532119409921337884767931524650210122738290847545496
47013055371857320130528777375608657161065539125756939991407446325983175485721
97726259253915406373528452015561530706387072431363808263489809647794195511691
41095098359134740276855318115231635953201276844053396828094451821683178370595
102104743481473662163576244035420611365277213034796133937694333949547177885137
57140803645808837602907825898356502750268519055667544243317376751948553443491
18281482079976376484862583713006362852198354945981569665188606267920930096602
50817108648107543897844901800416441123564665642163008844003226913034523493544
33112509243571223230500227129188563614262219808709432736585683517915835809981
98056642007045460736070965406841592995168353086947284736798531409821946050096
92993213233857530521197469074500841466986965852226700675382254779621029155643
71532234526120222537509145947224978589566195133776452021274453236882998371093
64061198671737537348743530581514545716723812666424188227505802892643852229274
54107202405233945399664117439650888969440034260049383639451338497619773019409
87002257358993522699942185601301997920173574238153717755465076746183517766505
105588868525040520308326647143351850699966902835215996550912665782524050674916
81029799270728785213416493664921029802283212438807598082755075833947873253164
103146635396096940024627281452620624361663895645475194407634461316001804490185
82938355885464392882360303729236097216256953872784953401543396336759118831994
104402880705078399679658730481192342293040445608226959281029354800898089220613
15962788487077153083894167689112299593979457223406470560881271275765017545987
25886507878236659761986462702318269117601965978202118100386776652247886661029
39455646095678513833848308566368079877072034929799747881713019782617335068595
89715140268581489461987591045790805408994221652819686289075122165353109993314
84970024661462336278238940245090273022788525079173832288316459907519698308376
17408839629983974688370964861572635934280964920025719930589023240433344268594
101999309675652228299354573517764000816237113313396712525024397025281593395865
101723782858997503042303371272914100455368186576462622397905507122937960283829
113860665173630612296872500996824120915293503535467860081783663101780793983518
48234061447806392988725052301491514748192819915878240881485729728629274729796
80313456268833721909321974908245010029535196497856790365428123938987213144687
65380530084550513688494534215953085709268954414499641498723372365983464651935
100348059034609120668155456820667017089419279438628825125982540126234169675703
39213790047942428847744643815753038411518629099422507742013493661902658128281
26681431662175867688408997958467370398610940674003634301371346097738512899338
51530788575578425099793213245772466146383039713449522200066202304809790774531
32155668466732441114939593935395511466688559060727939116277232345149870917038
87155463326715082934890440443817866484698802669889933274885221863706409776943
14584763679580876353441459658251906707657323820183048109651659174102880253723
40277875395123681270461575357631019108364322547626059100747527817305570875055
39792941477553214546824460951723213336060104319562313880414681643759123068105
48920963695879748816245557189212093517447247866164828187553859474830241993604
50427255148180009738167877232851407263278070630635474611683589590389523057377
89862520402604753468334252329693992397327861284089269246552746039336480959410
92298002981905677016803614391879618825605195194757665664510320988042852563912
44558427314924737158439106375702103932686638901666570173286695599058409009819
3359301058177324290505581415472982916473898328354288940424998460881956625088
71882597115232644470663765820468582914308497654144752777994784225420743698440
214718739706133839146153921514553256116313760383426876760837315444543524491
48846773662800279836487527233722786169156210312945570236217898238059569122651
1334400644689671479385380485578011090027403729670169186348563963281794091815
56230712951371122428600315641944465316488315027649423843323509309374843454075
17969309034528160759454963923989191907551563440652197967220050343133493228753
33403016545780763043113864591002011553438351748997956472932423396555059498303
97320087466921992847527369869868924449225646493235383939287180989380199877524
19134104531525301686277182863752012304385822196971693597475579536779579477475
25497388878514563521651913160002405703874144932218940520365126231998170125868
12918388166200250418021769089262957766172389049901386289146421188400002689894
66724229479122481222270766326841291873586406641088085211730707780008039136090
7510601430482259838442311086960017669839690077809772171573514827900696367145
21575893017463327870155681809192235130341189086707405507253783001468163730794
73406676388313282484808395797277751001284069720278451784395850211028883673967
92290301085247460281017784550787446137825374591807875152693930969355291451008
30092290119451943492454784269781249380199930646219059883240207064426906201466
70816883164423176602805324704931413981268016079777426305825554273645374253771
35295273797137641726329377264659373339843604351892399489035180263895048344166
104307348069545838338927190233238741714689622896670983006684730410689266542611
102040299196558077802066267437742399750386180617757652165452305029342298022502
84931123611741597244263356877273674055094808166627727189410524212112240572611
48188841848344127214561948272073380546224227249814232657225929533849235205512
82000475585455811132131817199650205584402721534376318393929920232607137055880
102445732467402363892855931206918215649034684474692576443048652872565631495890
