8063419726633379567735773252292623958611325085785159781463391466592714344156
113313121749949964126680673792609430082492296589526712362463522293090762389190
65662048727978763561065795732066536498997028477780167504704776534402696513253
73757295711037108544722232217319115983481474389298309565130063006080279225048
23826829755989637065662008134473094243321980266228236897953301157882321477309
73718216012396979657111385979686319509537517144567040042455605291340184691309
94181945496870835543083738070238642684813072389127028630512332415762307046392
16387026681714397372192487196057207050657484788866932935042912214794271210872
27303833526543786850167746706762252312365161787583697436011097494044736055681
65732739426218531917905990042489106405624721366736311880138255233568000191239
21897415174717991473493157589669563525219765961220106569012037960438953814903
3620208114888434398092059827101630375661753707936726708970438799717732895851
72750046546132432598751698104227878307872917730112326212569865108256323013306
69498533381002514715099582122540201995379687562465842998440876967304307837375
20129539521060284857304870178026839467049701896233671982971094518723422107913
77123047288680118841718618644169175526988872827740642838226032131432283179263
112256147640376608898607631222073215712846559093493938014578835949550966232024
38451683041750056195328869165497666144424194810658694900575233376779441971803
35589955890016128471191443503290726402348275664773564193766704590688102077116
61690983729229266820543887658254935458691994390725807722704003029285172271878
37211002400833269338510323561745017219825245731195461505188699906105145775562
22826060921685397665469897961243529266414178267325484216139941261910145069373
101077882798363666298964067036143981609703512621528974912187534972455927611311
1761179839750786015078660399704563804386240511332980954685665115325468256994
77456282509317796954850428569678581350056949494480505302938361943671350383781
88739702892530451583457156868538725703487949212567094971220583855144735117314
107732946397151653671201151643568036790315195748226940375175725341270643328030
24953872469957027865608245706094898997191042490035715091076311246230300031128
49949853648713033091595834894590054270073559645247747968434920261942745785182
40218676448307287250960836884034619593525225540891918339344289103003037769670
56195692645493959503380659479080110018107978095164173285653660374405512662224
86098323917167876324556953432847058397233198718303363271229176472108505943532
19411920523806269460072851674136143368845229808543624661441295838839597043630
109709016698405110094383500840695024326351524140007171825624283744740953646289
98772472512558775266799628974771092619197530640520103712143403841714004760379
97254803575711677223928064784448684018603198218620191408559234532893595100162
95954323360081610012654914284580792270121754207174624308874872773865129098664
102842624339058999475623825486716829957206353027778620875280281736855275371739
8550356937962661604730186817510491509632118969055196833373963880252114704071
49419485632599568651892315624948683241587529840074092246997688357844835813091
54739748575485510382921668268484104406402195811002515464604013682799995017442
95181225800290949044079081135382536092583778844125387711999727548362327257050
75447620511284778170559442353141281936230279311737845642860774031606179709940
10012666778573747141056243492013313708748528877757424951774363570078299385525
88402475874894966676834755679999951559113364078334997907628451257446202109373
83053621332136603606957720464934020662317151983327947277652325317782684719286
60576823657124360118411460122095326607211760282060979287840645367626752553642
87879294702308391911969967731907578721262644084213758444031170878605077178041
44065165849968572083926568588344035666279326625399953839854391608499085316780
9866964355518367554762346427420867364645179091594645860341988703055107584128
48181109936706339091894440518904766154644110033341836725383575624688518016610
26204384120816465720669790240959311184140147931546951889913108023296359333255
78548288051779703150802238664618722526331450623330596392539193660737515090932
7886297073540368494052988998073924131083172500414644201910065185455994263710
103937489577192792636851136687283486503589949670198956640841198353696827785857
113610861559523685902279097519271493429130854318112461170414547277083494280446
25230223629115774168455797243623802265784733172291507564135277720372415393029
2299290395576704410347266395860934828638614393671716220143443654029688238274
96474909801564242995091692183329620113893112081305741075526998208123332591940
61918596630457537638688670334951876219079768333555607639280232889343792316527
8858410509703465244914458503263841362056079748362970266163607243158344252239
16888781045114853049700760912588285353727224159604883966507160767313730235119
18769997845583798180913810219731500090614657233393728791224232623655928819132
98880026210760661000725684262489790498082826981409786788070357758487031878013
22745540306471202797681736434164286624360304055456682083063401435590600661312
10573167507643742614733758922380657550724419767124306453147665736175168916046
1593584178837222651067535986474036697018752734620017069118315206213934474230
77639955114937225130081251984681803205588193340189387531169345537772732649046
5170056284718809573020760022421678484123250013936423361441842264463921399802
70188800778417374965636893775928747964598246918338588108528373107604953925688
67885303943585427243168815677931919346102097321193277227266925974717677204794
55715309132178050876445708867619149108402364659469466020348814865488127186587
115052172931808850100484522729524605035019210408848738868244813773462500702446
28068820618479196756737496503203719709463711484551263083562427390631494464867
32769289305054592459703655858114808438890802932432068483758224901835378701914
5921394548075174246419697765530436115560831127641312123201411873454835153885
58714789957553724514476721542750139016496565310688687093458922758389242551541
101099560006517593738168059722759361135170552649142722145881135483887880675500
57505100607293664077319328994576894080587854555885092175984801797288833273406
82551063022568320142851062771540365926572099536102762762694495568522307072558
63497684301918708204404599594074178662311561722670084681250305173979953064768
111962554545061669144897793834918046713436158057393730334982361234821161117996
96087334468280322064693413196616757996565941901021202972366385542645622324597
114586533661268790820753089684935573238550563512907977154858839706695111624074
5376966087125462031042360400778415729171795879046818055597623067173823858467
34711610410833326638770401244197083485601494421179159891688160992267080530408
105227950309246558910424397623124316280967286532084739556965498403719748730598
90107064576456051190580710359487160639500742208235695794762593833855812427635
17225794211336297965967357055836297056684421113638072570498381049410262759588
104828122720517397372473171370765189198657117463888704090914464085785800876298
16254630212246055662995545272877251816192286584309382289124754129639977777468
27373862551398285095331383703912214096026361185497287241562884097097944421571
89290098674673723050826489960486538489382442429172949557251020468625586596806
35339282952534735478631653460362027913143630209007590507017767457855994616124
98758983127462736486265948952490920256894174143853532049954583881760819525009
8906098705240879320428866025331516517035186063480974903882474957769372079845
5458478665284943364161636556699033421315741400550769196625978384213344223943
8425519526355934238281489990207304860605009742968112057443718604258302660873
61411550562872264334573923547634379943128688607364407535932465414295568381282
108284943080745377570998925353117686178185476179381752017398500509904450488555
11896829578362597064569247846754557155052966581210926510023080944387911488016
95594860398140003742214533209958126512380461956041409281754127786511485279264
54915464764309177761402248401054243309424295896481877518983093502450789366392
94711557310730971552173276217930805148119073411930677806254195859931283829468
61889317392105144063528036233759138815755372279238864834192985569814826810272
55155243834509991845317266834873918568101057237374820767014099965636960381055
94997789022519770899071025923746258297768573882764937670671051236540865689831
37906214165325772719203709778024161806778651182299485902273564086067330967668
69832152653794802010721255121017561719389834092429334792199366923064554929553
1493466828212639676001932877679861422372898670618183352744462615593702264816
14339011324584759591511521899006860339912799044868555663486318642394160781053
78066019430138359279512873049875901091967423217366750883041058947269157581770
103152585023622268850769751585703723628527193041057210243208776684227428649021
108176751809131857884648868254174496783414869518955557095937837117024639765009
101313796066665406160803555626829641992834383611924406092239923514488774761249
105140065064196283264766064810270536838653165032642660993157570523984051211143
15633763871446744928293152387517929555284374588081452718898932360096970590054
11108220130216195126561514465450401493150824984939782263837197726627617760727
84270172951969881836293412217880668690908089431982409614829419053053928421846
13452133213816835940298559747770429668970408011623939823656549586265868264074
75282206952410292277567992644858490213620424459147886858531340715480713652158
106688662655857766291619518269670378894342436938041673435851155988146942075423
88726469054485360017551328488611407357639813939206357718319522452100130142734
96259822403099965454063124166361927309762369246704496543030468558256891181367
107755986548575277814729208776879872654072803369609795075958682582098348716352
80135988776564767430349160235736439779327524230101789891289124903942519418431
69407564030525533040060388453576737158001913335590660061850128747220176478561
58356018610081970798505743245483520879617720148334470121610098606977442410021
74581387202571366208834875549441623606869686534941480545770927536509660312368
82694120690657631838340214521538715693360678855249146299586812524058012919834
85067968156624990480385697282688300543251160822463957613842387646153217087540
30672914090454032432254049670209884871497304073071177503900419501181490552482
90947853883462003194390392863647300595629545125037173093611138735010895200552
37484712186151886983866340816557332166738797467390528440933453482818075910250
82506114142394486941944346273291677923291398151235301289800521939813476386359
102876410169534798496147322608023365645553086585669868356040404655616889258707
82886480972856723773827195679150573693699400922351516404906048374756302675824
81282599429660141331274079864199048344230799682021644848679919223741691904139
39333052566374935516302521884643431075979425318061382256189913621515886224638
79094577192006886110650638515257510736587933178121382191818989422732094483440
43011504066686198694911957825273701558334912886275443401518960616433506704498
34369183454536808723709635784785830270592309270440914116981856495086526497
93273444579578130518083956910827965778009203501396872229309747121488157354257
80179423015631893189686531188572755173416289865560413489709485324460655560142
92054926018633918830224431906795927765926176340216338913909515650580730763746
74883835969688525131420425791001075491916397743311997236291191358111357032135
13580777274100047253343353130658128795728097050284272350125034294969337949869
17946796736121527946122803111529748344699087032725823725310860644934153493617
13124471087583680335768053512131214368036964527502894770233018618179967046823
13789636738832491524216500450338561819281056207041455950994877847621852545695
76367693701968853624795126787379982020779284054539012689265347346306640414359
99812858192323496250094156315806682361259095307668301642983131591396693431482
43566427841551058626010067893001809514941680843133554287165680963759176597004
26858291928355214356999557132419019155851570068978063992771749573728169509837
48216570093085890747388834104150804969623018491233858226802601097421090373193
39271839142316212968667506912609530011709119916202460581510358302958691886328
11202050549200748176621881201263623281268377457250109457670890702279960261160
115287030319822855281407217637603475480726718612786945323028950490336101572593
