88542909362218939890777650253761636275805065057029095183961211170628960542401
31011020462448499195965918302724962368344870778944510443230759852568777131447
21029276289068746894438958622535572087056809532324230064146018471882876131544
20419352662707793284446089891386838216039909230347297734262869026403587285103
90839186310431945951413997557143021287433782360207258617734644806342565966747
83938440535011429213406326526845318698421556690822451157009168859740574122167
15115348618192508220164834625297107645249263587980644423177973800880307844654
55353654350413496156020961733196580262691499879811755412648199739541470754938
2279452259039823603701372176906583344502555186139946413664298925908227529093
90663471360112496364296656049126851663775080863213389920894029820554753313845
111855564386879711994210246504098437008406318674602401312028717563462023053374
36395679916074338588611573756665359185827920716421802136544206686764234301647
9704144571785012846481132395608337371331410501287044184723072258700682493237
18352888232197585355666071232802959732043952307101773904904999547887411514327
9463299218433160068402582918118698364828396001192086072436699487170709720831
82497085191666554227825379560293767367252960954396768279318901084040222135108
27953615075024955009614722250703229819522877845249927303234036298661801900879
88844803783609430941546007100425982622098021907538826171539574969433697430583
5513416983661791159537290436243580994433257697613976458836099732065061636104
86564250606531204171847505744874767576275357210669576568849950214326619710157
63382977152669849707843465792349152543839910400456014673157016311546516279455
61684861033968559615141645707819304253995398446041606802504053265969244529223
34827681019193590054831192182617558199324006615023892319054632626045176306021
32966693184648041858640328827230251150033724339019175759555569259174552030499
113937234951541455011394724730661601405397333065950137367798882024121443511067
46604004360997457409567271380753680319532537197149332508057688910025232758537
37701704892106626881183365887067633808611922096167304760213396083485037496137
62385817725348335654737000746492303568052265011779317615637696292324900603168
104692930067403748227582962881385967348061010002777143276492611763298394326440
29562602285134445263006642179458188834625340669732165101977064636152644955542
7071094451611414879208353854300190668812889116915234107024198065955011867503
10614146663831288199096980944352999443693620502715790194740671695943977635139
111567719741511780373251983549019049993075338380683978437726562050338128673159
19909791136513369150660319447141387384899103441914685816633894449786290935475
63280487586140143135145730629092017061642659385340135351594285098988758269063
82364180770781083139879345707216078073352935581989594496686792192816609276051
83600557378801397281316850732224563865075729068050411704127002761325321737441
48168027602933001521625328833899575772111048827774100209255589564970654857396
82508568131274201778457233019291632643149816969936307921806469114905379116724
66730812787037917836117948486003666731420074811868720222574931532744604171004
99561147997816893504952100697223067937846381365184585439569661042301763038975
34279976308693835530729160873298286140241424894147988318977657230762760945982
3232488205975904261966592630689926473285515185146033354102813237968460441588
4343192714955536088207442626943452135959206565992828973970173250966370644564
93558139354320095889580333481920656730676180160696764563069099939135723502859
91708084260574671342387769929051632112561498072886302973478992920611854668649
61596101095074776042879076643162695134030226573427449695054918288303530004699
18531035472232273011118924626732182057742484937840025761774446253659129456346
50630405054326892217468978170717846542892801743397087177440449507304777730832
36448865932838987736382299738946349862588358437981121115631032522672626213923
33762218100583995775852618455631488237871726204051076738014434757584136081430
80608133748428531185725334983864105825129578583383554573993192074065995412226
88203983163267870535390317455816999281780347951324278009031148324247613293513
105194543747195125984804828356114057125138445673009740316730502516450573034032
18964691827373313561273367419102767934477139733828231283303683863579353868058
51013933508132224570283672831672222843205444429996786183518998358133278954217
26045687665775034752706823254360541769571032942887263594519048934333668116397
64688568985926645961542208729504108092608517261009234573663981393232605778474
