79254114849829906772226867917932794535707861866455063558272852708742086499465
101637453147657599865670533960690591556179034732735489931140654675067779691747
63980789723218118861887225985327376979760122313933932194877879846574874097035
69850088143670025798770075205378997521082680102664016456457425816169070602579
56050112606826808045701681475919850502809766392229594676849555551031086329828
64485004373509174240152530516365319798332591484353595355811792161622766784226
24030442300463504898051822394590399711133357254334976035671718637754084497437
2473626043332771752829019896130981200734938898516822226707406062105747609651
20221635104480197660432594197536783404556293862060605091022166457867310535270
51239711394271452730757406999305182429840515140990725661609190024416063635228
108250320310681346367744326794259725033498503186065679051973365397616000959551
99464060451385248247193903303161231898974911448096297768879857417827712415154
15350987346735724449557838332620625337217960973510504332481086395377044810596
59249083210204143142300798626516380078413994460161332339351099203569624951284
34477064225492273481089164094074371982590167337943361603753562586247308266239
13042737944527362780532567645916880176528762606632928980522719317276084946823
100603774238326068585716493899630820148763136655617973549359235395223927214680
105842539942746515564403501209850967785821670559979932065792332299741070469313
94828427824657675403321054605573256107777898246858045629176894598839354411523
97195912696427509107002859850510019808961955752624417656954611915304673040370
85673839420963907519230220313266665186093053301886103447579865658476825754903
39841317306359550918400033728515918625715317892117806836424000547351550073752
21086071742879706022574925281626164419480462981157254139943230794235141609105
11491383785345184507670899239207778613755996313798615091358697166450920432296
98597893110679343346041447393114628456881130739324037350886887489649355681095
103856691831575888855930591138547140296862639898475237459966808121686162355536
69785228563129158587368232267802483009205763719397325100990203551057254658005
73229924986714378014949133372128687518753834961398657199509496329361709547680
70454010561433752826890942743404948091036448737292830734305932551998268533100
74777799900052465981388914898156079888088379274040164628351958849420168431127
32308815229392072254049424708907593227113907568053740071101305523094639079284
61253066359214817621585049774088263670965482385347736096696422800515640914131
72888602059373737606371961262881087005204234175442319354086867572027673365199
61615540193630084593566028099857877680161889896396450277359818168125654182832
109037838006949473891654926319199236420933715009785508965007915513148045921471
88234528280966273222550394078904736697627907620173767106805932537270635232173
108775585080917857820612838779562252956651720004695360406122388274946180488756
22134081445942351166122292652196662981033014745291832985319687939370179654501
85696817242072183781771549461975491558889198817895460347863797004219360160166
92860833323658329189774850005520556355832421805912602369905337321662682297481
56408450759401749178591747526075887380471397746742669517223678973362665832489
85810424093400380870655201615528244504491346335690025500881098081056159295646
95683361878982840800678181421995212629612615727773808690685619140895726417499
8378423150765863321964227476560699742494396666171027744279174094071662621730
67071790416118338827262377880299621002590504262995217969194759552920479786761
76281251992596535238804480622720783276723216173227165930293764675276746559359
85067915690335497492496429261802414692453277293302203533911081991357238704249
81787754134834512452617715880433421337303373189176712799794919016526196832786
12695316782084093053171969458877455638472942451328378945313639061723336979565
103817012278907256271107291979133115630506495740934757627958649988174053353079
27338077009355529743447865063716180441647254281283208878031254546469702281518
7266736754854666063352698551061536869690623200060085212880545725457267529657
24741406207449929647085041771320652711274910864844313597039979659293698256156
41283399600276080752161319338030406626599406342022958560975240799597587688624
9816321731253430823861692463250154948497715157878809945942921633574278631018
69163707524788843648921216140679165050807861428218797575703613156014466662231
52647470704028344316632192894834014344832819608201397942704525292642154431957
77742210689462655459167622344249444437622380633022103688719796715751024853529
34366826892629004387198597938453845538798310588038107217564068116695325828995
6090445377830067350351770309819811346771497800783568665042982340129879596682
20356745860557007128476518908120095164732271018783589320098382005284683106010
98060825033607567960321088220731704294682539812528976050605243004399666941134
85132416066453772356823018224362748404232510328504582512569793083425324356425
24770797383493173414662966136473477872146610599705061681235960286150093008699
32630493379951357307816272502645528870212116842395839395745041065942963146722
96783748820088608466144242937583497770474551847021367476520509580427109219320
34833064384091054159818343634609429526715438333449871574813725988364049625446
56920646871920483438673008612138039288789093115354224947729266888758309004195
19120368705600166605358540039247356407065860037683006442381987614553662257288
76887797697071033656944178505658735273667565163563183531419624185134740303209
24266366164167027946297888964408798143641478096290903906895568011124901505726
88675112485799949636569647289615553000094911740986266765091740777262574184866
18051068489401506970718704073923532802998020560989405631595673206405400417123
97119204497471798954587237882750945515138748765380685303147859773091994905921
40461904918752877675247078041284984524719520595467505553765187539428663228438
25796944346913300958771261735984109338704420607032840869178089388714401314526
15394571162004417440759462000647487621386927414502650949344730357129289044109
61686698579527387373448595118882630837885239558388477421603907503585673055406
19944144740228209147414824883527785644037787871754029492286560787387222668079
80274784528830904802033371922737613423595837169292551465253621613524422485225
89416436261001729561526002055211403383330671215649861471921048583989980593273
13150542253611709946839821958266736728374858445595442112973906807550237029371
19510128191650677240420257145784005596238158648116565542253234001700458755379
88884245162929384364931658594270474431687611691206883662768166595120571957706
68832416281297637317615788555344087489776585251334818605916983159209972366457
54210043664483438122754791493794023070136591192606416741570573764821501989751
91186396160216924501331489822075034186269994512764113335520054425616586208712
104150226993689714639580135156104448964875235755619765530196802973506436937590
6930682083082839742625037065526302547070972638746231622529602150119770748689
82167045190324433499544097440768554993790260051696464376835691832700658244478
86967869659292763441896780238465742539114791150371644888179538781962609098217
25860371551449204391320615637924660815400841163727388933241071749409180479812
33572556835861271709296281499426865914966992978922528021798547388644111602880
13638787909103076071537225113031900573593015947451943469773984368485290179339
2082336837657932927687352683775643012227268117463951174864899214606037344677
6364626476875710888520186828854881360077542593912742748414976498361924942960
39204642812080823358351531238584202065250760640415610312866547554456164927570
96414368424405693871178466905185585210728092078132075456695233563992001239828
44174713291494390794856390674901177068000040847696409685811856798393527170818
6944331288647931525462047559893740112306279583565321886082030158145153385601
11824204731677059939010161253260724708237298893166605133514698943377489127475
11043279028010946776139901531582484057944402227977732388245879270208255715650
112973884502082642124664117316817390157605837251810568894196000351939900268818
112955799147666071147723919400874754880154599431063017585725620589247634060760
56208370766461421390221283834664534801024279737540625333746234633712855350051
5685387015731518436419659402541314082962379538253310243495826875997236897785
38430096684031614418360995201044111938413987671464269042265073221901883393612
79394087428035234525029388562541614431570970831877949088734404102843296800899
45881634754802653029781966818975227069046980372774115345126359806052007929277
92299115974083096639485834742054500249659148361293886134397192339891996650103
74584279220356349828771975250424896769284055402171764830427718981227913725866
61457877251938911999798204627933803401972626084803424856130212684906697983560
76219219382726189182188463268060681271282161394697303866933575724194776721859
13605114920985426572655206693190993848305524773292660888478921433478029441016
52311282550067001185358355833928700469523716006925840165256301242297422041180
59263995446554127400248482738642407648456159586773052087788335354219508832701
45830843820458038509322796133612017016907201034467611900175677421371165640703
98238662474101563947812439957042133877460269344964190438249148421951640629047
19729681686507749360725800402126172918019589362897524850878505808420652101763
57832689018022629012641187157103412161175109551046024791577548487410963663349
60663686737822412562227650066833216296549632493817933587615084173969894884712
82001661631943874852643602657126143767848034458458393623817953844823318631326
109734156216134543950663859224835653873561457333904084413464277742248506642615
1884403589080637394836442635667495471646107664687819354762717250879617754438
38563501274978312536777475171916507234127866141224947525680814157245134611454
69240317634975035260562601240595515375272502042335614000027100488516971894941
80954770971621297608546885644024693386239067244819864843197856550193275796943
80690603261375482902775822450805322996987674200360164069284280783470131921649
77421532591422215732688718878688278335305284495362882718520973100994181847042
98131496892008342866280175260591270811213323653398310197423491061628460208649
13464008028748325358272860369919397150743130703454800941052984996648757388069
108883405627263189577116060331553764391702864475069400758731724917927437717058
97338114237860192232068854480793876144036131806332132494732452813952383854952
13604042407993009742666614923272753673429732183269743241440063981327150804651
32687566622365569977622985756385279340630214744882766688764201402327912895166
113428622467096994409247176445734443520050635714011701507033493193087530549533
106451162956128396298852737246109360545752721764373468089863449027258001236007
34575755337857202804097611378530059195257072929348960291025309486250036361608
48065184986312404628995672941310196907210423599252582725343736305556669058779
18579324447617921318595544467016879647077252736376557943154382442148579959410
113590681511879871114110209295274170080340689360963465312987213126111160838088
70436969410770599267469901450185099290391029867474616637616452744270471501899
18613230349490163488040339009338410088788594593027986674987322800622410119694
114446499067519843680470217629431359927480420689910694188617978184188160810785
40717740858602981595409293241017670954036662857781282185184785863550732376582
19992469136793429492041831236070698943367773771810133946879480129391829892299
100411308080008745767788954013957935129522168108837599683875189854851187573260
63519183673672321676558993426609733392812666189381566888723546289367585169449
58699304826620482100870279402527190794765711507420993108408308567630161862404
59020898818838523003414855741974480251269135334479318015334866074067752148553
75595430476914868136566551580709780426187352065781291403110178871170230548504
30889716140726109090340030382563963390499564534691344020952222710711727882248
30375068419740085172197051114579826902922232501966789665364464413110306521029
44103538017466701439301274762939037050348496234826606367383683902889931460015
110096201349916193914243119422261495491384585628282215316708636185756207481686
68756779582553337106588948831310013101941950082975008160051150818781946024778
74072674785584143715105791628993206948736345801920324129939912853650864350259
26481679174138892138309162474152149520464611435687914960750261490751428830606
64646636020785122116470613763642851515034724439907970243328079633234568096249
64080342234039648042970105481411769967533450794246008543802373042641573309195
112998602053040373621068746397224944050120199267917417570302107586666195771214
7688968710545486457807244636632373051651253353187741305944868616886001615302
57249773659783926184449724699296304550452567714020052591244179461710735972413
66865804686949778891517839006716783010008783109530238712998854013007667345496
71592326990258456787424431941648195342417662858424558802505999458196097186125
46278092950105503131224106966088027350961452776818041203540842434952758446019
16236699172683814916154983482626872601946606793359077264093787738486800897818
33209525685222762781914955261798894567129859399605645646193311690270154191599
94062456653737233054265257817020554946467115044223646805187084664819408874064
34730614742579888580347560177918044914130684837102024023749884167102216989792
114053411756169444825689251164528864607768753657604413065354832295108469807252
86476279472068753519996340019057825761641021061930822479802104711917043684975
42808563295843252471850058874759314965134007445256191419256753509617823536335
88368434301963065510841017020446306690517409675503492418683030557669996209514
45469698356016204565536193660768865928269839966439102335061482511858826208488
106017449194459348224204363064712349358944366763578494127565244981651027142189
82108582445550842596978794177900389857664861120109916026620140231649809387738
28618784560309176225226309849571440626878845627266686487141441467906859658263
