77437630153889902035023998537174238901257752329322011845442243649736215067862
66195897189695119181519813237896280883199147470564546514659934886327216889613
55672761607168538400170387221518648767875280012822070963674429427115564069122
54286699933725163771727967031800391483123360815674648387372926903622836752606
51115501168127120719818209694990129276423856289433222768905517685980128307923
40981279423307952703273285801090208835797283067533820624008144305604477268045
3318383587474943663384344527587250775340544450182834215653284747137578405043
28266827300101727176486108671492954204783437317796535672282071617920423066310
33646643929746762659966977527812135991983415148506267391195132361725352614309
42016921586631014651624040944361989811676327290519138592725851496385007219373
21277042401326307990449557613612100777519824956847692725057176562144111312812
27130421569890813273917809151779396050963412205414879737051119175564232448309
100735213629615868326418531987285648161587945490558770816583719707924224018616
43229535687225617379364302317309261042181435540304763929704761055328879717212
56229198605879982152647250245358249505207822995015640179488984402199785094238
103124378504291232899379708545564088889075574922700468449230199545932112099660
44122253683080913015526960450687009409108143633413380965735760786832816102308
37578623984123235212070333590826446791777917029932875613812624036573997527572
89426336166367263616543091417614300217335844622031671712390375992665285930338
17159375779458102245873469903965303438958046342949150771824444380472302519902
81061130937551382829066996429349019485475944450875733147942815907263070886729
58379348355188956859294695503268158714773986121602251756261277696690774400374
63531880934891652525257175725157071088331262962016925560583813810032283347038
30552224781172469317520015914772075773023926182269232865486064692103097658551
40554325434480959091333452177902946424107443691459082978532855824815486639731
48331869646475221319080288068429243139387117087314117654293502944322023207810
106244111134762094368508956954004632571133637046690686274065185247147607318148
52450381743882547938380503131089246293489699615998608554187110035939630472616
47344573916916886464745862606503639330126033278897646724334487736236358876439
40794188123901961493336177802791758620043609268003124984587335718144575286520
59749215107745493747354272329585526780295534240561033310397345617173743699775
32091487826527808070549163068029125791442053671062942876704114473696103565248
9164470074666124339009223519680283424783342475324938451212826314925955767483
16563980074925539768336753528317584533635471638257915691028227401356551461469
7264064665674524662078125857371833157658873062259557628648524822717832847403
108823259917257932703984323172314935769840684656937152194902007356579952889398
6453798747153418054058435865871271228614715374109011643328096616675042392225
21192496252768380553985574648922450522771483285356719377725175013748970211252
93376064312126876619268998867253027021807763374081324824447695749930061311393
83160881779763523312045001917901805790205959223124176160339718187131053254324
84425672140763365768715739775305023479138365007212334763554499591756767574891
111714529276693786903542957807345575186387972066723605233021717833467426382309
94869108847457282700848583572041605128484643833862332435222523265425159786916
115266018997973044310760307160522036357668238029613207914814711938995566122220
71621248291639927159684009795259449661563105839058959356130339189864041805042
57416129577524371299083154474888722781401487735012225026912252664022578546326
34792147260984563662522106752619982379474209187552809569936528626824783858864
67268464221753888516534018925563038183364475107206703654465691977868853207335
72071804090345574714315896184853422540676680594787354456253815209759222269353
36198208752397582644358659453720764014823905802944848388901721907410182656228
94195012404931818073650306812060021212501329638976306634951072067103317934781
102330301698843298064551062486036654221400888179378747065906484523399641629321
32431762780196940535354371579419735640828378947329555430092943558810880335306
11196696426233046756806277256474767683153046138227834172913077439910587992022
90999932828991356315154936445353092710586573923861046717354654061364330891350
33870420445806243242073621922680567964208059287078243543550999200237775519877
84320529011630854613454630341180306775999875057550267586791712200591557854443
39345227863823911738280863469318023644869503131184251048123181039582935818461
76617431439397854300334312469099701594242863740544752639332593462355391429111
92874886960866177849971678478384602963960341831275100138455082059998247021283
14716236195094628766571495027516940884058950052122972014606506392957129936432
19476699551505842761015510401007967340467020141609824675266281197043659160416
3283902876584412327444432887205897085322318733944777344462588420873582783213
65989692538311261039405705968631342972398804876189034104267712754252326341676
46495279361292739375390241835895083514756773711947903792895793983057300801672
102250651968413955801879175976508811627750712478191722082359085153184523353821
84535804885181888607319933516371861968605603692220994174684705342958460155117
52580141550563670455466339331133783847597748030630248620302968850724524440109
109292579581348973635350925382195839764475674940664177632705269941117929882296
100645373869729722231833812751487679752381443554708430885131850089295685735202
76909204398940401119677207826192712571960497110055840026481051070617222285132
8739996239932706575585544164400238920960592785535079748118500685123585925583
28130455992279467188984207272388733062914702390439677479191985124487563451004
90602497797058872921707364385592435134683373792132302313754634378161875255208
20659247793727167666096474014935149978024580427722877642904849559566525533078
92024423519406323599836227599549197718524060012224068956491822729210633520275
41086735206136552829940460559120701233155448640720709279051057635006439564449
93288589886500589814265404368358927615338764143636521534818304700875293838662
81205531002613481671310767583199100819166914660175918526473851470443859371645
50669303283655479071503744474402543012797598955839735378494595002335156253437
74531311225215423997429005467315223352548233580578728110569703744353190134124
30339928268303525761432466223270742486098600739218143937554323035494056005275
108765312509088522015885919180063889639334304959577089152744094476807740578383
94384795210783808419695962558488772541144519419938528968650471177504374676415
99096205330373391707921771042947012129623653882179665729837049631872715015282
23015903634437681012076305341888915157961933890519315035549146704710492061531
56695550316127249294483406794453929362296845278936936498593378451160877658324
103926748945107837832608762134478233525927853593634461214497642187950225037331
113824083127537087164925250587276068597618194865495228623906653884072225463512
101541569202580598483267285922339080035489885796192923976992894055718453078689
44691413293090276209065450217440668290844995727264494700003106396174964629005
64525897425344424582907814206552186293502776221385863032622993906577056668838
22399163968525313819975251881028564299446502675122736467771494037034204178225
16376932699248030181013377148650476744665171421014191998919840772500295421974
75131724151614737809865610514924347924075259263713995937156282129101836753195
76844842688248101086282232641509038177504812312388327210512068419913072395714
21682506956948715431429999326135830575463723616732318955630367472935765361928
112000928846257915291108068522775126568747693129631302230932736513040392115905
53487585584429909401255251036440985455283364585957552601888619672742410859223
79475581246160675494533154353607467288175143117218457892796242704681153871421
9559524450028464274707537777561531911996165792046689306513155701156022849787
62292614592366608836414914905474540742790166781774465740741679422671746703378
51559750643003537226449043994099322202086372318574325568771045064082465955311
107193909152749668257172104707363086194032610507034875646827175556419126627687
3733446821402452891423692321151174100005157914235880250785380158660477622968
23641774539985148423482414143084542541531019801609659417076319406070625356233
75896941165508231452637955472005674167464724037206931243693663222478966587053
99578846199073510149952241225817726182031728507958711418842326801724536088004
49218790181343194021181231960235613687604864471160031521157012805419640245367
48131283023081949019979760110343508411684501666213994650329518392829442525970
30751117193803931207806586474545010166460350709233989616951805536251019366150
31708015496742671943215907974908423115231077931899981720543371636018523231213
31385856399598203481800777739070241418965631356252463248149476088681552622913
43210670987582523719533066155189301341098476402418992162901889715527177720004
5001322002622386510646971781938054521720065444182366365227961659295888846284
76341695854746103171433729031078252438629399294467198291456297573327335401275
96967240999485136896621134904437662918486514017477989099300056077881803557978
19655297682957311020748059231175475328482292826738517254905511637462005904496
49839528444800973526601192655773195616327750513713641230310427875509815498961
86468494583545863815206972093163469169956221612688231880094231557392077403839
676962969894337071186196866903605614788574081923158504331789741464363878606
36382855626062662371725883102808835139302568233159159885392564833478956845122
15351434049767385993091926123288308310118378709811790567924299549313338282255
39551267918190902836149411353102874707025193254285058297976073516973827045919
60740902689707150343584529941941378727492997683919000766552576682393719737293
112616506960713858934633354662213259644586475618213725054639058912717567191497
103743016819900693517526869209959015486035764281510186240516596835798133317472
76438434218061852075714198918347594157146899932457849946137313736506029469941
111940821000973114640019400867726771683912705179314600358473022283138180357979
38531577430388419105713887428935657737040018906471283785124328194541952068451
41306343412730582739773064289213067544647813363926320617526034237722241828532
32265720118374894524267851730747770099196198513277436289222017910959631449991
7129963775088957746719731336026793518372302063195672109475524117672612711008
49926765377067791709592914588061852319000430926002768413764973746290113948753
17652030680803857376080809729135259107642089427295618536968169730760789059006
40429594199117845232101295022129501861655671499954305738314381177970134979631
64970672139946153925907398169260483094537822151304969148795968620343288829237
30503407317749977255330888907557814814530749302381402819147708369775315501546
80216458377496351368153962729142550793997512666921918926628875673814078187226
82642280856298806128773173744853390727999857922993615245815856516945511635919
6659480408940294952440857876884748198077584370985838256427090920263405278670
94723727624270439610730673065760199771340155886862868140289470845532374293125
99695261269813212458754267216579289023316162849543993596263953360620371733643
83067443773005035851674668277283527778160863585458047095523561891971849289680
110101053011666819749704883778199116838501070593907174237770344388414562217131
21731275265632177615282544197649852326098254027475823820552199639418429780812
38389936337292402666377061617031630152124129160641040215134708579172036529691
84689735975405941944210612855123858360440128263004318462156995051016091531407
33277398156336661941761751695709084443716716318465793753333252463897652412744
98623180631722760866896187629936497819928908462822798334080991755313473688980
53238176297068493651335852804886540687749636675096908432636733567311436113377
15321296206786990270268838312515861681370371675527936579560472825606617461647
111555558398340737324649059094172294214032786414963284757196258610131461275964
110965097520325204802225962211106541004170460282615594936982982891707332027186
69321504088271357546074681569738546235711667109848745409741449445939403221265
85366454974750802181687058054278656785755913365156317611492126909161335739438
46439456514092229687780875430999296893670725411782336457953867446660949585760
22718567549794076979396467349086322134901429170196872641604735363836615100354
58573022990887897600071441973011910725124135622232854324690587400214689550556
106163960445118771606409976054559405485885071183877866554713817698229610237867
113082417896856626015293478437533267473154987618022500674959461407992427225616
106251081927050772166556512614903046997083606222071791426422360984516574314187
12111160411957734025234653533013951302623537013301316736308289585722827558987
96835172503764415962685124738656647037876034113973597993813003679883293200225
38091343196756265371480323403162574568775199438525588588235182779061643353452
40910284498660582489329213778274534193646427971943638703103115321971062359380
83686534531452341281106396324297854802872236542878807915433381316256374242205
11395693231360059798634914113634046370823771501969369133838516541600179495372
92212372822677512950906129290547874353719602704836293039615760707571356401196
112413025526104958670631611402541772567029562050302399530587437498497560107464
73874142603001771008647524632666686845715420603836820495111256610029249105685
110248299035602865081650891503775487095698349775500144544666340005812145737059
35579596315485263381730228745374540390126853816851501981386569973613731668089
84259616673350242160997487385731213253476356181718661922423874626100341949561
42064061382350807205234854995166187690345172396714566017517348611946727009513
12396684105228675812625252381636416052184785286612313129219175288428643295105
97087632252103541094176431752177844838324728588033390709026808460203660118072
50078330966742677106267918408421967568014193469376750049192757069789149163281
111121133602890108319363845013236325416032649106720977050568745116623782691837
