32296600821714954833099020413595424033718126861459687831150527576448435065528
37319644178281967086965110263714243543565959097028177974995307242047259746660
108624119628308355126910376237337770178909974502883171198834770973642429814896
24155087172328121113624738162476200880763103043293819691254779584877195919304
90084696162592604238308633086644718696528067839659662208329548618284373719231
93682810793098389614324841523993708761500685423748840207748017627299916012317
27213578808875167920369253431687297129837331185021505220045366268484732870775
64668968603461603393085049648696226493098449906486767475788224540865866687291
90816244585030396769249924830850543544713478802380568043977547392675565198739
67933293084078144448516443450684849192142694122534600462525515045621781731713
41287517383749558990677304189011389795938952018865421184395437404298990518735
85405174482887953068686634934149692863177652383767432660895622918841168091257
4762539317685407011638723405080209199955038896968128351267925856009555915482
57149074020442015761262141561459368208474534001640272614847735069241880735421
77304546226989270336214055292730582052972986423120639517261746870392541226563
452597371366204135949567284755193610298506216781249735280308353495045855671
38990699645124107728491473982066968767321797502644901281385659624545586297952
59458101173413257284445384795090639827031780224538974245342326981556149448634
97946283637844345847934365802372857236024600315176599143456227490834324673284
74982136032318831383399080064272791701803554382713365278651627665468182163270
97396643229191193686363621197712199954515417194162362453413389407510530663997
3095069630907658032612302413793508552084975981829660608354781200249804398696
15908370955023819187753737131549712659327839164980658829446881686298451728936
40531772253275451988661119088861427062431416600361110939784727234801847057050
103237384804765633431270483198659995993522549604899833681658903327253362042681
26178535294427296091274655111885051480382292718504720581341937089956709917406
30688516895609668672631924624613014998748511289525127302139654572180626355665
10975673208165673895380697547879465840621087522195654299253046218444584184947
67782812012619505619201884038192520201419583289657978671802772412204179948483
28886138838702041599956813597250451809651364738345081734271459613317671236819
24725281472933497385967951888843560634672379934626419335360307618925201921289
45242423542500597056331590805186186431316688611990953913109245409730484804435
24685554759463948518402474101370993636545671347967257162792686402455968619713
78293261971890091816371870263131867062788321147615437922228353090380615426228
62094712135247748211963027538008347805222493451496784827242822165912046907756
29766392487480582144627411062136083886944092305912324705919302346280285750540
22981375379529923355202816561566855485662380808909740391541465264729244403467
41888993357154499985948295361101072202010756433732524659549816208810808308957
13027155110186575236761321067334767788212724520459783024838551006356908632707
42961088448823412903121374209907263131211890736888015339113720174194793245147
72825684621748580445570964673048591525152118211889288716657328452325019331410
24431847202372387838144608727422273141641074861432362644011071812048316751376
92476507091831760662428173086517112991482082569220952079473259826811455459946
47642631122570143766240815043404469206984282533872400403749570396345691977251
67392052056988292524431161194200927964452843566622179202078818102008119440522
99100453452320441539204269596694135158881650545287027760413495891728395674921
34492401880986040019231296698929844545777979710578683715066824734758110477501
6893962759389138931508621802601925794959104356619582039342365656763923999951
43791776163274477078784229590969259049245678952350067156653719033628872042395
19564548984978408303026151580789853077526575124858973267491932086299356588318
85317948032390337076804141002095631099698128048138013017160067869386417006267
21171738764763015850753285392928076011294477867180294620827367438392622591733
31723619186202227827326882338085138762121134804540083600280114901656168240030
57675061374578581446214823665619816959204746222833700958372272902675079038799
47369349522505510909754101571885744123810213036357947940350410922058956704664
2277396722330054427752148632822641162013725056022947968537956758773316572361
64831944296071682425485771474148286761233167938319922497316230814573530346076
21802567314272941458422430392088649872247076460378267906303470872461920275209
73165589335994743385038807699643614654606979182488574120550878482295680204277
41947728313615236883730795576286211755877891533196955829623653489143264338968
6267095482868930787218239154247346445260790242458186773627499410038234102032
90756659035524096153233702205047527807760147826804761373412481550079842673775
37366552593321072940107429189037821969761676483126496434688784221721626169673
47159311813329463578246402162150040622588967973869356434147603737188007090590
102235715627404376460093352118533464926031243792815880572773928717154942224098
90084269918811440942436672269433125235823813055691646088681113620739041433942
111500220931838120454306252236741348513815889666171983012742362092453849445253
76064458433515182614380257530014155035611989814316359172061732944792513589383
87328663405419548876223152981311400427578921216167324942748962530774633975419
62451451347442145229340716242309502177818668917821975683369932273031556676824
22885352823053363614218766015254655740331278564329307990239633938898198450220
43474658663802062638643275062640032443193564645129837690404234095699557425271
10608056152091536545851081407131277462098811724603649467947875439905034127263
24855889956160633547737113388483271767493216263009581018356715239672452748057
46968381150455716764324375361348432787260525980632290224088035643034045840174
82201510527139389854331605162235913341375155052950533345441845557833825646729
91470317806001746841819176234745064137881987038787467573382429344605411089371
90928600770867201650899626513656034416981693106624391946678089057564587817299
101331910203454306523065564514683340277658026608529342630551426441315680765112
9000534231821509653609774858450143343231086327343741222128716980173465008831
53382346738468381282730575173966595888337535653140975219995265067855283116198
25364525075952404905135970370896134616090316222509117954347486006714515882877
47900570877368970622510961226926929053040007837876516589625065963813767466665
75982175878036714288071593598610370426641875011045607632444918050420024935914
78075715729810885453607959211073868764841938026345394937671996480261620678948
106620795625138613711198571771240995308849720808502270597947360613185975985553
75761744839633128991826839536607690072869268695571113164507518870760883509137
77075824783260247812859549579133727918437063651269106418156144666733778726090
69977045028976474496092515494341977472968155811834899709496583551697809245050
81045442166276237876672001177276195693806040887327485997384198087857747202774
21987941676765144419378060108471515236784259269827662019026709085520495015096
44737705787593884810887992246528295130832969421774142489800621823300979069182
77392892404871827052181335813718161307102508293887581089438679741620354718293
81959952881700779642655448841877487052561147451188331670011302661242147590051
111730036159624336277643679395995148777738247046959676412892894074933766368997
100601836229369375025471464434190463433453343080498151086139067640666563825381
63858282847431867033140462223293495083064819037355314697409700671034334960810
32696712651095694534427050775236583429472561142278822159103318552348662996266
20838604880886692346835060160211398476387492017813287619008549920742628793535
22603878362632219525075336168662493584423876615025159655022295880479195562525
74193125506626668150144535116952203336617121436811097143284384927029449383882
108916209625675639469238378388661798326413203618781012789069306410565313328945
27120388800365030534014235235131238313525440720860782440666305537255403023052
