36688341039783869039337638056078582786462397365845760738691260607531503113358
102435139547500770674846364010753482830966015454635331680088325045022765076057
88503750279269011121468633188481238898059040914978251061514545441798803918219
67000390825792104154206779935010864116484003549010909774205166384374385066356
39008101485531084824716278609484292758171757064795432776627430964371353263931
46481759067527493636026910576131933317318753502168061619169550080027594702118
52044734206685807346096034826013581032059635250465532946852133842059673532682
92422688734649687705553099146643998399350794307436407680903002339981253024864
70524105920954213365022670583074498945030721793438887483747863325506743060481
109114321161284232969518640957379073585859668708757553774740920533830432323594
28371016984314207448063970409669697149462886355863530092063152403095473658600
77213260410367668253634025302241592522793525898809419664747955326578475214559
15576127548976680802159225262780961942614932030243483396590386211664246541799
78986276677506212053000143722547093728357927888044679936521828688763978455650
93258369352027375110036606557011285557908200610909993930911175164997150218470
107188643744032878985032696932489796949589153904583136078154431074037476404341
6405934466127037502183383490546250298725264352133135556574494890555965601811
64063575831407812773622166336413855305673832682480405612058494875966564962137
81150556558167531230611132827031823725870760343958679721623340461051328611500
73211628184106591808166985338638289406779752337876874712708037536011798138132
27068774189400693259447317711680168582587394046820539349767485148326568870159
96129121278155393664282156888768454185721096542166291893890861799351811330931
59242042733760566804886845099114534152657013578571139111022606002273194909807
28977333580677012192759485505979528831048891631038724729920806350918037968472
39032664909128319117287199386284088169070083881824582867470651660369039242627
42504714809687078226785216444077136672003327273609584189205893979437999172203
78468891048208348183623712683572894565754599127490103502628380995092343561549
111114009808619813022524018354906026420322234608853660331038239393476027044051
29198637693131575474653077751112800458260746601117214375660832730164260648190
107813198943922157176299365052787617708114115074421895105924366489182378839475
54798890050982584369491803398667719146535527297580061568915065567280199739672
56169720575432603915668701716445730678617560637349544580927425543289007440558
62519597985222188818147790326629778669129188594654392142524241593006102623026
110063759991450900752879434030739113355310682439910754796647690503299293087033
38525782106405016407803695894562943751190771553744423722962019566521558227754
90121861408143288775725372334684936801011978184293020837581482392241210378928
8473049289234635277466344226570879013126986042918054967433696740132952680197
19759480063428468651868916348211954685450787496596735789551862557598620530027
23084047257444238291946332729537784640206920799929440429410897214983853117720
89362174683207382498031157081043603099749155345744819583159634524534115774295
13795332511666214800206498032297840109897872433093231246223252738124517282574
33613845462667841947931487527146486056634122076027222008241112135390558348929
3307595483456978367291245333484003199153388661150247487020222343478451077709
89348394086397757526449680230536108928787055941904937827812381643396579913025
108756284630688163340657238876191033210934300472892967024213488172475917053249
56972631841969006950368700659662308575854308522978121861575759576216344003821
60196661392037387125232631676897075719499524550178002813545261168052843424328
99907761439425300410119324954853583068034811173793169271513262362889322623294
93964319283240633519172591471076031923683776941745698815876846451874389954605
21212695529325447061438530006241995414263144822751456516900803293250243076655
21665249630364649559269152522952701151074404916142392363077311446203549773102
48644879771828891079357680554690198555399176444322703086777155676309174873298
9272442218895891281733851806951272287422980105151375879199989019617217569508
55270143372872231144056271181531937736237466077291990134146956130475681534175
114379639891713861581321130888337522040537065694105007831874501158149117695936
23357344582239644725322162993919478550177375946532007260676420600790797158307
7695104128764461346397298160312374447915643431700988408320521457332086123813
24986500490474849825901076709190702342111031482094354769161053829391293801671
102042260470590401706435837192587878001319046105963104958282271405623308524945
22759872556551792615492863659628267271937218384164177943904861394112652560879
90289171053671023710636453459257479749777671667554993772622786084630600665627
4831637800530376980034092256152365367680654838195053305949340658569132746328
75163498119350409947935511297977810619883533317079617781369515186484863107536
39045443239840968039725969145468222075342428883904212378357941266326697896475
37860293756929189866477296947025033161219201330639075306742683132849262646915
106974619146993784817057621906000927824053245262054725928127953317660310159707
101606960621820595381824716782773512556008925230183568588309386734702116891460
93688691329452059602231905405040955490243463245106330023829779109791829158968
113372276076424067762719311316849274297805540935113142904652524981048891586024
86522542556171947727576622514142649126630887775406591252966068221230573648132
101601211204932063425274864653270115924855561719793482850034720894301957364742
90671681386008624131364945550583476907170985204887148534266793687101774251489
44675848661311272471558670195739697327394258983770092980959103083546354371603
47223483125845542096242752430470826144090742456865529513887910235528193021126
73765441859554844575098941819174668154288556714357559037265074915054366585801
13249815853848946480696626040532811738020577033034203283849038826288399541255
77685268794305433396933805438072898398639078096982937272908608998240457258380
93268650671510478020579712412971316392025164518424403770766360225837167872260
99565435539032883992515701936731498988194999780321781660165561214757976664327
38381140711275442266451851637201575397153914048327291045260672957820763184526
9369807438392911529482297395976282700312944280927078739526313464156749449915
