38690134411576057312764677749333835032348539741511685018076007357697007664483
46424682054324486426708370374652743810478087311073276676705973155648076188199
80675644340946953232144520050075854049893534968637472273914208477152364203881
88203557800268642714884669381860830805722617174759388752931179295217363862654
108710468221430180605381235312207156187048248226613004594311099529928244938306
67363834808991622649507614314505745493951026471880807132134960395698860982642
44016410230290438744777846692505986515211102812473307430234323333946861203667
57592328314648779710312837882457369281098181862782323256258618662162883425332
96730884282085733820538955848133905950436194022911888828883164820695912817183
108631889564126027531313162895212173602996164811718790658326361194128873766182
44432268467985509967110969737558485919373309652443248369483660013224327923028
38435651105465917824115779193778396454280573929982454688878119344615874317471
106729755002146468272793845137850669918402185929161877246626659265965184540587
100818069988782046698811685247054919308468197050719054045335077046794398781190
91380255529940835696584104346129562184075523003711598310084847508406022092418
33921042144458119933795985932906230093656058998928332588419331948404590796331
37344478612878380306919394379513033416608542734805430520482135649663340477228
36698917965369767939162048821635265637215075603262204647294353307350011614254
92692002957915984969905318931798818198844109674809132475736481538457790470693
24117242640204836947986719776219276263965574902740921269610658158136099370103
28438629604753233929024910015189519402301260484248182942053355361710851138801
77854435494052834401308706862826784388371686544403720744696132117354123236305
75073982354433605156748004234719623202273994039999423379632363781607131736636
44233841813621170754855049654989551122011278859750103709531299055011281782671
30628514775165245261793379669080098893354759294682169270846991263831707794036
12900065187567221951858789624916449098759754467211837251253880290902596014934
34756486770797386833456241463906101297321495109635652733100996266451178835180
111757553638519934425124522071818847894992010394210796206476911041021567894473
57506605513683427924774240827750545355075551482083344298921664495497393315046
95808861831352487922588790843025459023166518402824254117859963363290131570650
40151888847436420834798905435211911998800195791638733977570535829662696659108
2336757733108798717796893214384828127136702218500943883297921304873410727522
9452323241095756127432027354534476442112866584969865893589263517084780522210
95463296453216563535327748885347839162404104941712581931225828488216931414890
97215625115369620251455361077997684899661676031148493056507530570894337904210
91828304064592092159016410396502948573529117475071449788097768887769025909699
49913661052992435430490534758799274072599838485934512131637068178781781516991
14865009062427304599284357250680613179530894677358073651963333872797151553927
107997254195047628426351088547724499863753032706846912191466061206440343971938
1290845462925054228949870699072412019045092749529179845899140600955757587426
42761828530425566992011628151837867691560163060792482176744919462932597174236
28343279065583213661840674739970267439786356251046002515254008033281896243078
13862649082595603404798869008088354154584463196707010080323341797213268766627
93020020960527259586615508594469723971054352920762972178990121656539975562352
79377567705167316687873594139303513999993809343131204703115122492192927952090
39882149851819043889966988990004789088411255543553487796976424680258956737846
115347100256788023624155214516123249255453779834708394419368273573387188174207
76528724791240399520906783871308532659738409856978245285803182783222108905603
22659061900922681151517379190199326125968241074014407369695409502245449613330
88944315072592681596698469035449796129856940729903488100092129291183306275283
33408605402886904375588123377587732959227627692034577831984060461678047584518
40986198412926255613003356510691836261613681218726218509122393296822850276722
87111868337505505091627335147065178674836868887372005629375080779964667676610
56168768922584055690564597741252919129322215893108481362671091171715785453921
10034200357132665289926594900177532027930782424983961826427057867046871497162
87461000012054760032731168348706856329135550298434743093012183509390907178308
99378288732544008520288670883346361031694781689388049841744564866909533176982
83725794037244744328791075444819589216717069243701158004002664558488116232831
17154976061751767474813726696214680761495970997925626994469367597466073678052
230175241353096084179359554972158082831749544665618472698242876386159028176
80376742601224802179099295113468660758217040814257771343020083435549642643719
16349801326107702620039402249661124136447620480736172450566858732022984641859
85544621582727355443427931399496709097346273131113848799724872615649065851883
94729918978771415357590663811431177776891427534028491885499429518637136396483
26676037075499632194570344007096528142497288756341658831876265882179049366220
48327944425766940431459647723054541820520741658065492784508154344054415812034
99135382988519826070822127439196475735092069687527250437873140153051878799394
104714311653233728974038931076814936371534497563741585831092960570783370920213
74491510360893833079792890940898223139282722276814424747090611001026392694435
73989164578148623497087741512872556109488263391419134731297585459865797999290
78000793204254220737818931799475361535917959513518405038045252046939329320882
91202507333196350098756420741711073209908853498696462824527318506957175284224
94023671079908607667263629562944685572006678993928577464391362441028942667245
54332472113258071196872844528881735086991873781442260980981975010514131742698
51536713214173855737257856443542356430709605315113088867689307463399128000893
110269826294288119027562741181303726746715647738051548881944427244157970517258
61906021746793791358946110232089957440461348210553284201028508170975531810095
18255872963000096746625166550035056043145529222138013473898191081247061816845
46168566823906209498286506325791901779591947097223882501715101778333821475600
105980318096188898441512921939350020305567047753572211275882307484492026522145
67777258463827261763398975602861293410956908539640464960462354157282513349033
32002210440104274364189977409659815370416242248138633531234277081342899471453
