108696238252964850066041321072346206070315911353434766812769486367759711126536
99646412608047854913859171141154166456832034860996184737861664610173394945967
17746730501794051942869883176786737695733375143971028961841287800085926355146
65682230607422808967507227801583816035335506675809755161277777214464645686955
89957995218190348989733847414194892101024856897720630135218618305045129610212
46514153536028819128843105038100710146973843973111562849383543983132044214910
83769408549838118109783789726363866746248242581802563380995147035853406908820
63069318293597202262837451801306200247984286558557081371450254804001322295857
38663986308535674965620147580591072007422085208925618082778365449818714684640
84037878441631863228229687947438239484447575434978908299523791980067234332256
63689170945106061562523353141603459594134593463648939040693153612280180423537
115525867017279401369713037317204962833885129941785899413168779069023019541279
6870780321251659838662193920248719539681526735081776442366011593076999726187
86976078462600942914851989782844826029531026477808040855129944284049711493133
27192934574436860339448482602862951339744555659556092393179573820792145354947
72649422156443639299090225727726099743738379877454871730683776925820592375653
38810229894074277144077999080503988324053326998363223323566215005954709400653
13879900372034178794325907232381741370168676189652966556564783221791696615406
53984949749984106374483865956285098779850052739638315843242677531560873806858
1165588685485023438338422447352212905252105847010728136554038933218120083552
68751284788685305542721947951901639196087123274150065473826941465721025737033
13550285923996329396705735894774318340071423457587343617261438990622826052648
31698050110302438665227479080294084156614697466768209948584899364500689787156
89245104679571595979497625011684454093503717120359030792965079498693336397961
58734359225020129069266105748212685949169636296698716276226982901112017274299
111659861441162348089676285279394946827568837091627849835538851006612271579647
80948046316266892401061967307682362722679902411307388948236738030149567592541
95420795702005559638655203456003368144748938489649947810499152968939511458750
113357366537721241795643685994809442627943910158385818637494420412068954669188
33880546468291625112310741916761933791141040404614039254478976411107064077860
55744691075145234490429648682119984726338762507748723654560632432750625437531
111177635937833039212044556933443896339182509840137145964589495806047135339480
35010002755259193683101112998003863598376261365078382737086512501696498688099
95009627288833450203162186156608952252469520543933162305106530589988084113803
29709181612808716576481831774335357819769029876214256801055899208101421188738
