28867288360790085079618836266969597078554000603317565334772008040268238246007
64679118013317597113147746579499270074532692790483420692341144584495039128680
81282918262419279116686114226679977869644533021497523465994361925342980958033
64264347404618673726437280870980562090936571641784949286985812030199777763003
79449839651731677404881327395264869333767467574299486776843088137403119393886
28802354634244475190922484745454266913947101062050019636971980048005841098682
107969493607900299599841041687313167686993081754986860609984435278027813917411
46463408674292404310896076209157597628469469932340359508700453392724487709737
55488361096794114568399719180882512541238960510462956543052329345305968251439
84652389146221731893971869506418656954279834822765624305335195470055626057593
7996588862762572601336133208736487557468627072892772292121066965607200768507
1958888369808676273049584801998183932861096736272391642443178787537081736301
83604341044594185991340334852262816773232401026844072640713955521640004508559
37309967888275735613586303892906802283451550269360675079538525873232250838887
26751705319006683792733596286395350788706288812084159683468222642283477795849
22311761476490163931776945410555837069366320627894601537351612576348403928636
97733669030000013925447075362511770461079785629210632964415570182898731652257
112601941513262307897103386877440421650969979234235932644314910754033176157697
58104956075869748811451026938838458526691719435589202876152211558538672720221
16705866206354809757701971981949485438665480848152965623968261392154678722349
57258449326430772484865238895927192220877736117744271494864269400786362949833
44576514242292704689830135539433432497051904597318058027597555235069804279937
4265756397714304743820361881964630913442982703505250235093264187166799871959
98985521531001866090965590815019769638408054614344881403516126382808806857049
29682235416304073168098569015850306678537438058657735972110457476942329090216
36976405385061837761952008940215214146026890337489969736630463222687267152003
23054375996623163746991368625461868691911183031237528904660310499652757318308
8147761727237660232652621542148240781645417512799184784674832022406415362420
28374760386280516897618040349068987455844801841734421121890143064769002301268
29785896193614999714195624898558913666462747351208773975108562331970126274524
8123535592000700867140762123007782779882137989216184650720868264698398845306
87921700936418075830502254105400045232679888321508377924441756689569579702725
30502965457487628892687724717348019447848561859542129661226290846566633064183
85855881504284063761052906441582266931925430677797436912061580190891467013502
41639065725920069791261183698399845321392865309315611626428936929362682954891
28093614588950023550455713491658367649866734460441468771865048903467381954654
103659785456536889057677166205840643225443277772284425485101367835304106747792
42077579474084315507513811815984007838662180249719627686433237753222669605609
104496301645028398906222482420866666301654569245421848096034555258788647087501
100626873298191185172091846443948590400484621034651932795277312440985482957308
7040731210514619693646631996945916206221422720884692341916744813280163944671
3078762193984370942604806979946031509836127971319134391559443619581534790045
23055900042725559593656094024055681462024186595865211723708727685111532977378
97958258606186829632208601316577758031206604444484857253042385086435366803868
7555206702395940674670757468992363432698545889741248492392330806777703188004
90111115296989036976180375840712250852080989649452242066654157259796282242166
100891764243604508353440484072645075747965750087169878766003129987132346785995
99454403560709721865738933828791711893996729226024624939202961608751156306997
65022562944366807770301427958201181995658244256659226765856462584991617185791
113583186736680343116261199587442376265785987547301103738451510288768096013340
74764332562160707525381018903118503590640694978162649545321153646577845931459
99260486137158179143062548093441566520048995993526937132419389587691768302976
40741423688881850205723104248644002003271150665588839176539281625952195949019
82759669862224825567924207609951965169747520512784108262763320910945760664917
8651589590787802992436627549919514438294759337501738438508007543891939499470
5010909246353869109303370494585897118169441179820993630073545037651586419509
94068100413689438162314454036385441242193618555917775415373746355522819832411
85026255800671522797865792617910708172802726728240342390565427374849664627986
47666845604753741848907022621098666626493850184825463834081668464410076000588
28850429782422172318987119655300198848885460204739598209306596818000368604416
7380405394308621223385844345556776704913131010359782440349735207638971987516
5498670252033751501566560004333591221800492968992750160041644233799268807480
74148458645299461754237954446648358246526812353364850523521216953990265363979
46354102857699596892256015247972598652367034565871032142199605858258209039537
80373754962190022472900244863610493026154037687275507694823816726788285672991
73062266808392991012209295156376629516737146790262482459527251902608779463963
36399828862954280911983444685393633675195189575014774947520146528666552988962
74796656852767718861882368322579139439869882822569007872910122548552063309440
37185733992587065168128041667824131240583693109481455793249456804967778169122
12261530325569863742572785479388495617947847163088467396606817647320832505245
76940996632233567340627953626205643601680411212205297253929646196377884178384
27570492244043976582905139059257249228138685405003338858524223891843874781697
110227727864258057614379581133723895708313157118854930081881036026175856861205
17906682942305292415152301011589141166979585858603704076257852775888488671106
53708117138873071407792243850200034207476972178535541703824267503216263675755
88767424155849963124083687690943657036229081745279764643669599634907268366230
11051575645093507161334804532570299091617890050075446061511032964837116638614
41015417568113408670073165439394189496593527028638344690105319459481463849608
5039283582884886604247413309300030950503102044284808543972100837068210716759
75893720020189632250570043745730993340628746793680913981051153429580585749654
46468878066238472870184337105820303210884230367319626650497553329505639556101
9045084468784693234888949301533350752845906619662977625833115289163433541989
51610514341064349394166020486215234117332103368162609602962547408458447683693
50214570767621227109108620668768156064649892006989607419461644545706593817937
66756296109900021600998606616702511785765885595403765913284331296248250785321
4964608730100563625339698683202815157221894645154905843873690089966130544379
100941824011569489389248308201192443726783100531278410352557984188813976539768
25448057037222023694867120677374733287716903647442754603648027458057481843900
47318135674208301042960945126465066165257967667686040534992676503957869537700
89450700497396272335146157278901002710610536716787994674962232518243902743514
108466632528078424448210768792181758794982176157104783477938909167346871509325
70041731175190912591922909877473815765027154245756831984440180203589950013308
75864197917342065168900336439769516629924868929317908678397814713934656822416
27673670119516569978666002985972100968718645147925776919874204192114944806579
101291447819932914005594520251912828908964265873451500492310267097632220613619
27827624323876089951013538562383342205748269486625106978566923124130216461613
85288938762074847985213198263583627567894178001590844343257081347909503843378
76997494997777534782149322639462956453105266289960972115445778063321735077287
74357307216299857225127454973544935656267546221250130492626300088568815030645
68158281998314483099585884747514130345269944690626137549139775640699527804606
29607286991706551075238642253092900739326910768235355085898063663082463124936
75260737572382374226343427372752549932612105702240054757888936201311645793237
16003742865204323962451110901152853972961413268765112733158425654035668751728
106539744978087433698140165555674360567201998564112774592977963075897000927084
103019746260171323521906768108646520672185789929959367311971983942960603991797
70211078157625912553178405672027930754745970161058211871002125022875905286382
54064247645499147199128187999132679109799922722150440942297066284572663399683
3761583012088138486899927000886745741242127396039669816288269420862807500207
68317475223605587632197811330073514102988066700396111139496067075808839186050
75932982833784265727610766821361545942301342057212728820250288026777456701621
4186259584014129449897458758297373824422320854129102496369118356917663589041
105478747227044400701023121419184381065720661202494532177809261116758521442525
17800578040718054253789288611642143695719639140124881279471892752453450397806
110067266619043882769594294778001770981556658915902695503266048198921464438006
78472524078949271886905832895729846204469981237998131899148659767201507624723
31184991025882193907531689779319156068724264760247373581613683411362812347469
12308265614291543113689003457226560547037672062501670806785527858191920500860
70298191168502267034907194287862491513214287012720320571428121309428454490106
55961008006788452581597845235581293801700308254113512410783293737830933316322
28777461792721711357221710742266673943086506189995664540221311430322573881718
50932982275977498555694903361584567503864632270593065368195401306295227707587
93425305615573504523629463274674021044738708593271345744339739236362389081426
51538461938013702381699450219645362076290102591221863641594143918484279680761
21589022155376914142354306755117198327814245332161339828492825682600331711639
