61324724115835341539403340056137276459086914215242946215449948767496590477647
33757167259211184764136656194937232908476102492053030969847409447397221441276
107606583670060414264883508125260844446330006015716194687920953076427148329353
85080803182964793561482508025834940335525065672589031956488865884501944015050
57041703929564701224920159642183383470264093160849017396854100940067419040979
50226069711391203263218915632057465929104691395392359054503522289365364359487
79711247468918388899920032741794687431295941431236350739482183319553089272704
106820846914522916757559221404258407949441583593869479844074188594273718981599
27951586548154937059488927359163785886450475890538860630615646410295397052062
3568647015570260653834659770143286241902942795989491718091593500115282989786
59947420839880026537339903987465697414692732462281009698829678987088924012436
14146927387585992037814661429597419665661081983732368006927879152958239857093
57973577040373632771482857470196867748436158640136682773202750906426518654094
38109479046674825004868759888685835512480841952100436074760193894361424556541
28262674833266344584974166213612563599338654785787991867838326749528545924174
78254188711006943034107375894102229609259539004647037526312543554731657273698
84297548658141658987703746087635782168905506794646244076451545496078689149205
35917312425033318778346370851878963509623672849868334948336874182438540496817
44772233644375777444940486991228283891426812512710876106917079082554551271937
56375748836832242753940947816713353997379151462240671693981228558199943682828
25186840044416944424925298431907342826948345954915433537290722642518682294438
6124330306348557333329468951364890226250236684593354735939254704939545565662
76626066587239628457807887903686467246330372015007584966790114100108761231472
57681041762297298578606311523923906775951745268243786094170514362662138151151
93843572415536600745415642942522570365588110953268352423891466494403888153155
13000095064032274448821611825840235789289414615181388427805535638389137731511
91188759403107705522476549190905089906934417879648422972059779945850374948484
46323760802669161412363129239413400483347417081320522816322291293055517292846
72161787007464662652218424371927357468722002455575968030385561192690226002012
19032109029415658855643197911423109484157399394889465371012667431675416148234
93892362168366750465949147598267579994528313295860041769507171892156392436353
57703686112159254588808064132285863638044920896271643277893352766165923212658
110981738795155768494630561404701691217936336930544989105984809023862440610224
92881966966987839144393656205438656731944158467420692851090660202042818170511
12862851277963801349709502362685677476153596041170570137955996944369566467203
68451952127618828674498468960408289831129443406611552942842711212073116343468
92327427404447783925169979141372682898210624465870047338921630779674851352928
49319159711812063130270125503148357380267211610822654240377676542289847087160
49278325212932808925707822056059157702678969487084622821808779579918098862906
114535168661747633288980810292312670909131571820027764069119536302519465159601
86289376516113938995258271956274452778995962374845994849351469955157578675378
47984062392210826459406523834665948865150826093012639978924884974902168775847
44792077123425513350115048822133257103907698189365516581286653921952366157173
21325341134508316224678771055497932303927118252304753495524101408446712900509
1033434496056836947163423498198603033422573937344589514325540929255209593451
48380839751114413066655010281846754651822563458838749510356307875355715081142
93508481435254071020302338558956909942288309284852870501884559177134298506002
112657343272849949613258965964881603517788205414616586727383457765632762842524
26440632517033425641586410311559393512803018142520613695681747768275550810296
81449689403931679807351800279351457967521119864113971514998975497852771290698
75146104123063287686301619216208788550678517699294531400330036959445505963033
95795705425830881567328319307619923544765328683537157821988770411465800242103
79193649804963974762496586411299947555318398312175649989899748820560961663397
91417499810805686738802379299857725349816613865356300088959778104593090548518
29248303290128175503570701104986830570665366806917410607708694665927863182282
2999608228992674807905772598140800453438869728063689720429717630667965398654
115179163757982506370774450337105114607502351601019479906833482949947110183720
42500900019417802576176171931068067403605950301672909193754641215876836606945
43187659767781145631630882392522507847648722199962281151786292773055277073109
18022784325322448972895920671236575089121743697325535202832159877977223671069
115579480235905382939800866866474998417365160338497408493120667986717637563425
8692338267899155845130755325297140169187362907862470367135409993186051222153
96918125853928984939561859919881391403711919116102730854346519830479301189197
38836310230885110873253043860009512735888675337014156465934400335893048716175
74604204888890326689263250746531261478626697950280804402816399234188836786554
24269352065187731147967010655865029728033980552956412141778594926180374559198
17236740336403398047410121319514629288876081308379955464388489668651590458924
4176862582274118824222936680054816672465087983670589640929142392593851021909
101079611407718041020126837787215022511563566901015012025836784652193143660433
98809232533888269876747414388557446220164380181079506339139731723852961707606
39954093606935115810383078974150453131989014873349418231283960268085935904292
25358720976618189311641179786134944447379252995421136169771926811162757645829
31676444908950087039143097733476527868837473915435500530381533092095068747121
43560160904742655140795869649140435608917392943185348077707638547409212474807
76308760602532987202841189830259968237388848278878878910617444087367570801715
67194225796921337825046985580390641868622045205153801682428794682078121807359
2264989203877500761913847851247057518439258542481360317808466187112207421143
