81875001186410214475700649956173148294629017016880818057328818323487699936687
42055300133311465509536061825069023601739432480514693430126603884939324156476
79173708739200657702920062435768006619679689831847345284120445834576741440914
112718002707196605224372933721399802723634343046327290073779545103093529349563
50104230231556167485710833418140771047864075753052004404825609545779193628350
54613718444726858310840917109634953541380156626480742981553681011938219887149
31573136221502501799720020679328545948846203437331832159984928946345962871134
59463569271260314106579562548164307067532783154983638958648371849553352507319
96750267083138092212600297879348918274722345335000383468338080436113828168222
63674131357360813873587537267637466734445673383151039256804022835830698929235
90306340956184299877820875222142368002183871659489985801296373979948740022140
83974773550967913720132674026887301362062330282198087086628447292110071776775
80145144352737631951761051530148144440605198181148628368713088837529955801986
97588083164968780237541118394000552739179186982472154234915248904990841114049
18958964655950642393014423424866997347917992263948314147336713731144396407080
55568695494654700841689022691605488846599652379554284711157582694693002503336
26096383190151115274139787103371672428652222827596733496939854380202245439406
95583855983957757126172586636451502931801864897119395475993481014147447467676
82027085187796350796957499040418408690070998240278857324413921340723506835250
92322538097590564663285581502289406412813227263996433973442109387670859691376
12199467358548107948898512919681245369537294750791676154293097441664715415090
56883713282177155203384614994435565239693873804939127000971053444879136008094
93678157499438378935983845631901402159122201307471010076481686300689719198073
88238988556247785822468514582256943535136677521540892019432794676489912263534
29183466800675412684314323203883888291688033383428007462466367178431370121210
59481718962083596698119912491126021841716157594957865350104061267426812225366
11893513216985067857352066049941756443700911626192190414015768657967411066989
66087850965246300042885331131002466434080209516793793204957817572823084037593
43484869494842017993686590125028275561132028985188676660933305500537059688089
76523231400165855570698035624156127479540235638358587341516078535938605983696
81210599084350529127119851630551648943438376532115515873842305667925710282547
30637953439332723745395679024541681850715878940778394434067137333797386236940
110545004977078900991671762992129211760366841744580132903021842722278824482198
81790024103268713099676116377248132711037631510338844647096119510242289570215
12552152114262823410328571648348427767466808508580112576508711625232631447720
21830789997918456785325939810647269102950497726557399650856853244006055500298
65026453732775025947260612293883030291985819629428307902178865512214081067624
29016913515320633801372143095566802844583955255083748329004173732403667920812
101551930680708974721364993732977617138059559294585649820849312694631471581349
105801488338836607681857920924746697082464768979373483855264941109184800457037
18852386521095686019628856555988498899052455875588653650882407315102189394637
12238731827998401649435476212997591854769974682604084523276378056939812567360
109229196937351707866617029305565082248139215225181275808404100156151136185403
95771475607815242242374398616350808816909097441624266772536431080023602770729
30811198907200189585412613249886886735687431499235196019645618019999448127545
30632853231518082294282627615852053560010268644554087681889614945114130188762
54706242649219546723448058837839741704188709922416342242116778159914366751775
106058438630642314119288438979307856010362817109243369920370946841881765682126
1732772713774493622814080376053062962831181291807721577989147140225871015680
64372660748878988873649030173910022743983284744511158207888208164146831927661
67706642398569381181472358506108521399165356109020945080998548123577436815870
67107543910473032267667260773517305825902118244526884483817184643441778620037
82033872032019983296270552773118357495056415145210347849506373493811743453665
49216467434713564350435030098614780153784163918701221237466894419567878008343
86184092773007983517743118913613563663635059936353272133223756436899677013287
85788620006729718418252056748266333827583660225655786486814489803938254608967
83295287615904913219624231214786950513363216295420227608241097357240193293106
64545306013402277917916580349449780651382666433665786690282246947055132828145
112620774751996105675198477569544876183708715808187740698274016765398568585694
31640480798986627541902494301659165868780467465818389206205269460986523836913
59650667836770641038370840111257459740279060736255002987063676398914404588939
104693200933400075149390002816917847958792124922894111364746426637301505749859
56964251296361673552044712522612184773512558163608546249982886545298325556626
99632670922384959027141684807144197231071324141480693733900234593642620292261
46395147700615274309519803613293078773465411801664523284676632472253222746666
7496503048002388526682313721105214811683305606180213316771781222325930114510
27688265582963827933966852472804801027191164611095979022538760919012017853422
44056465909218635745316976490480754663354831400237611133038491561849241111283
51554982796046978334176046607062321076345641954641525659247161284846545615770
108230405912886963777822896961262978680903584663650662110207943267693917296739
51588375689814655206318764505440187761024907779912802824709309762322455077202
51354304305092098379071245095980583768007405580203072687659397581769297812521
31622924257466805545663665591511457392531573897810204742675478869033587637336
25711489633995839131534000050504049005206939861945477803458647283383335159893
30011348271395993663346900600333715094670845369529928282228929616514126002968
75959433893268500902563287728756451764037013280088283072260285650131769661651
71102603302589410098256808544671649216341763224291039518911988013244067073081
6660944324024738086516251019175396450139311389735865609447019525626287208879
2455190304069067700410351225685405318419852848849759929647923100882074962204
9851946320527597939721045267779038907758985725337705178528663374987199834827
21053023224455210833962548870718874137643853317986787210995845551683280612653
76358403746930702454463616200192208137426088465594648722957282676477210360405
44985497329154977089544860396278971600436112207026611412972425216674742681852
40081892664195163252553560383719489692033976850401542475079547733890712306139
89619767686076054895728051410967213512514833247625632404087175560007657834888
20143884152098601550986911679744369611471193470376102509982635444826772892675
32907884694696575631057795775343080504257978753529478249772796087067258557518
95694087470526178387307939941485938592179296519207605982712152981097291057625
16205630791952213122167422169655572383589924982478453371120746914827854255197
61617049862823836549034638576998998078638028998746977155603423962756212509150
64057525345757158573815944893158813089779290356876167890216813565586390645345
66126803690662697320425047078134236091224550540783381614564043252937969266646
18969082208092646181808462673562569225617575056787872369390362914806166463585
45396193486062852017563453330745747242391626561183970114420858458527473870781
49630224570003187916760416398423195109356567478462691101460439048024981622109
9856537252984673630980260650008202194446766461585766997967277637000957855106
33288619654647345657572067958986670728461026131825427429317091332333290188403
36888081780547573060444118357868113691036013857316803080504308191657701274400
44271097532514224711544520479448522873679159995453506277599516619314902435766
104276717675196975941304239785051797367408554593000021021117547465617186719504
1891318620101183225757602764470514602065418684742849328080042690977017936448
33877374460540743981954974743108665018606096973198790416597789149682276459919
45794242536875288543288595083861159544909619606358927491649235388417264343185
60221237248100084728402927562724411913714734331234441028854314016974335924631
5195717347235500343296116805203995688582187303227090973712334578854770666477
36659868788012704869174310092502520859218717885792512046454118291711185619969
36748591727603958605552206348849860116340647722644358792346888612867828917173
71073201837687401108616559734819419097011825333596796976168690400842250548519
58674214593121390278807415630434248994881602788679799432576953707824303557873
8221050833789855879903064770360632356698068896850681693420798954902489576652
