86594904560128335834933066586652690683465897065686956000064795489234571944147
69196099928093642145374427848572700016993644890060561597601505920135384404999
68664267211885098394647634629942791322896732248517692045928750309850496114033
28057870146911766916335895773916189327265529332374487173255279501231615271447
45834870660894424610218317329061387139608372333913440543457123949240323066119
36219515139567853119425139288750864386857726837614287629282566966147517529552
60312400266902851064833805813981921362589809342297845982402150321281104181561
114923895061023755795531244812889859740012644959621787664892448902145054877128
31487905366812113793135347482493086157166151630044537436191480776603281885140
1892527408635293382389488916277098692145768362108197833255953215942635590829
80285356369147398628868980251013499714729418727781471765900587736058553712493
65427404407680538710792254723125401814285778084847967831370460100972951886326
54899691521288481602007272008144681367476312281764992633355967680534606657780
20268896561603144555837615493332746497615289217715460007757956212696882559017
55322002625025208426117666297582374791365643582499719509566328825541188982097
94305982874352178831015365181351428513900418958687965531188036094390804234795
106318462165743994997321667124829211759743801608260439073638645758736925900907
95016257252873933767811332326868428867559163799306629133783760961689502467361
114661513828380387436732806622983991271303758858912076578453383504715716361104
80626392305268108474762146075710508911895841930159565699183946646145024610424
112255358476672926801496751011360143439228816564570544061372588285397490959955
97503292179690098308032243357225186168843654007863183462476905375404858858203
108497093087997912407989935212793066615391274422394523811861534437553867576758
96609845730983719914560669912649683905927912937626900382424686192174664867500
2584223888161755780424176914494064414559289726497760108500667966876023662799
115254704805601915882502463716651015815146683381048762617541223680922237685066
49763143704477127490844185740154696718651487781413374751657809558643516332843
104903792535133003343637582293997123625705806117887370579189404268690104783552
21582160305659238121998978569784374068141315487910547246490356838342438407828
18201571618308985798057239509570629826068611368504772342788941918703692485389
93403592975262947583552127746378890671706031439461016643704415896042100702339
84993577461809946261229975758242857732461964516326103226130818021215269064076
14905131122112566418545696950435275007633720807928170430334840085752368373422
4800041688458130755680634756884908536077470292747307508487003767488066038552
49317028505877987426341368058582815747669923231819690951066813895666410279041
71519914873528525046405254906968458198342791881999219809260361470765299632830
72894033811642816930420404118405225185247607298988765749672639130488813330755
11280476328406160631100717102134424372444945305959654728095049042889570080868
73912114314378891715139045475135868646007393986849273095299930584610323197215
73740009713906243258110973126906342243939983926156232679606499213323889406964
75797357623532836972492111575424054591811207961522185531156720167842737735065
61734823552958529838546009521702626764346696207446702478297381683397674973149
112843380848348151665177924519685717824375753484463649551745151301492887020233
80449077362615315419649571486821980519529329302538697972005123428070957744565
82006615296398330298808177646420564152330767247149500460080368647967305784672
19767411988071031882308982559763584080707525424273107912348695558786051866813
58918158333366005665153745912812120245075143632726393804116826996182554819298
42562049023236854042172286814090183000096585706243364361099579691171940234988
31575665472713196457935173340525713063605500537773450840577120147807447834291
27781368292524552386580846581060964091434130901749207164421768795829511834922
100151190686748178851375850767259589460805553612246351000821391074124302391841
10955349671619314598288005469036981937635799906642515717194627969907761189718
47156536344399847387409023317392268855127924323548211885103790180395735093305
33421824931890190413066621418716936392422013349553959885742955151748068788399
37552364336088002677416380586864603960926836202137518050630764436983722624024
17778095712179281557448569934004901427412308928692036792685442771598964915800
114134603101851110908697851592769381989159607379183719326899802630623646907353
54552275166660177637750186077489818570936405789806249675017897143031474421613
37739522038633356344130921695902260085845598331909633805202372145619831343011
14506326665798921585008714060930144083237461739915594622769460502703746073428
81951480539330920548053048667799851154225681666552639066268108490945704763306
73204077098510632387504445311469335629337573147137499039423411865959920486905
22200600604114844439977043679900999267372646348285435667855585783265449351449
7315349575308556192350769373005405459560376684134773722195053669406676808101
26369889633332770956674686869522848572534109830151554480467330356520219128247
72734200801943177333522947411476820322205351161444727852187364375928081471051
98355880045709703845177262874509071280518415735665049440339002436407119031941
107171978901671549322675988856426571982507784200709166741040360633372980526145
95470738428771557912038075810945546733373097041073257827489441898509978922270
82446295968981006494149638907196591323273111507820300604631875557572920711867
57231753312064554633375846765013714076472571374010684213553477866343660725650
36482000596070508336614520438997080637227311107953296385956842230893441870369
111367386045639341402653018362328230939404491750291396154262784639345968359496
58261225221967308607724329048662710940001663547775450968248606567624582557417
55737585459994175309361766676491079428360972207684754842729098002951683517760
98163234086573644988258632806742345769938863635140828010616872254359797479881
33208360995038616627923179224024455584672693276202443910302921137815439096847
66565549675022881968205059361720489866676823041165492337897187077296212821562
32297758035091144841203046483143875542255005929157260844335398083739655041586
65137404186425267541161445472643280105254633984121941222051549470542559440098
31870430508155967846260435748325673602741182733730349214692949126895952809807
40295490368918248927722059225869416561330157516961706232950496581992350528030
103767711592992385420140844633728106822634582351230813039193818081601846367094
14741150642982481690567724161881324521526205389981148356219996947080532846544
5675816617293490544611262209824940378867812827473039926169653569807640282156
10981088046169743897180446729384506350152396017196703444072911409513289654805
82707602820732813562191584466498075050258174954893159926609258478595806867647
83637772735992970430645374256669226995417714183717103990400261309428650714670
8015998164763531309846761066232535938914003240333297637553949202326874722851
2428140302297933455014431071957888362041793377593290490512332201454080836891
37388989342552504647267617255591300205087278220324625615618324633339844047719
19077009746049038055962535714101448587455793759349242131674588251775763209839
6127966990577169422218436201348552153141121796244841903331531223178444282230
69329116060099904005426141572090023242148485636960671236204704164967292739494
22519162226121768899316980226097939023601055634571990986394988233574323735233
68595293468588839070462625921041712630081919970976135993704679833792413753327
26469804777467976394234997898164121927348224849134915223261278562125245214848
58403263492918383961549163348630492739047543688568450458031221599565305408167
100138612739001587270003984059638644525341556516428238614017374117393272709598
35918082153981502184524219278606239888891830620612374352968401261094860478016
58956457053762653204172783766665621453284906569766309704548233635322858198741
59480400064991686554945420961036700389559924963204608323476574722887428764674
50465256830554330595622999445007831732622345657471956265156163548553688067481
42275343299575315279769860467176656424764930133671073058717871223194177313364
22983881317727713234212885009314847211990282201522892545494913478921382021174
20081706856843638471181045179445995849398706616748830483718395364184979110264
23164435935920773487074593481430455746045605886794718785982422925575410957423
18499870015433901484510770146230731285453198488935593319173913194280752071988
98859006280026391744959994117356397873710803985780766060622978878713967064212
