100843870588512481204554895079429823416883018231212017916905518589606023461405
10990149248705868682349322009687626314638691153997098374471176260001541210599
114005435265051660466322768486863103442181659020868798054328452861133156797367
85850507679997304129803838677609705729471456231991753149817703782495987148753
79787149111427023038984578479709643832771412658666678610108026160281151457783
14137929010167152900669760130550904241418888910622291876880514628860046601974
10581130823289872325270346232528831843902231101392809124568739482319417024043
46015546579997673312297135319738692820598006116699527394917827804129343695256
63113689480377394491098821288388396150326803684948828813769103779135960741424
87357523249700975862781252347592716863940181201796165918765874566062517871030
41513058522847568155338870125876977832373687426872038832212269557470255920349
113034571231701881604865898634148222500180448569366245276899006635741029383036
54190553957903216114014626072875851513197567513732703470138434955177082357156
49600802993604191939006425332536199085160462575231956808775062212223427345519
91851931803348804814365998961572278418048854060871980662275140574556511661253
25956342269558228462326395358914472409830987028025115246223092755210870202147
114333514834764620646472085503695265773357122685968906635469561842349693620925
57572411630203344313753965605230973679256395057380139866911587165551497294230
31252994596578460388425373387618155841388884253161241575622072332850240602299
95735601487055328195985762289679330667582320357096840338846883767984976544749
101629170610422880568719594113463989843637661734344834615524516734117884978017
67780456517970022450602309683576977870768085991941780889566903291001366886350
14021240864447753620400983644122786305347949194556235335373896884456850596551
13828219819826517628093376798371849301539673098044556612896860084346168337739
1133517647473686373869980076604404184289514044703597218837856306480782879851
94795572492919096755379261681357578010388098960413479632640845852535841327177
21206560700572350323021816369192397431427922269025839015618739725085902593437
63498143141818934741769515495114996265208473145861805919165113012034709655883
75827078023750989276072703608867172501296018500535656267637805466305827615423
85471689121697142750235594615789747718887293906916052082211652156743115329073
92351558216301110288244531972239266696034421565168737967448494013336882877848
37778965428636470024507482134057729153959197117247432254508419026009813131189
64818939817129532969165277931400679619715646264377124409586356382723943289342
4303958926488169299476083244506370301113672333378993697109966628052895418834
78938328947729397029922756862918949387000748082583496371228225008116259300836
46052279152900747540022074247447570377938358039251529441697042203041297555233
114621539471102559678189090791734979618917259536920639871076645839164981522207
93037787123578933410167257743768023460404691382565151397433774296288069754816
39459301543904127525507132222535715193839226105196301214677490821396521338670
31770948042348872362610578751909712021984248861812156320136378478045168033578
94852632759802145949461410169753759521713366734341195769674355950702357261447
95572300487016615998119545253558735200857963300450914522730396473596616625874
108035250577777520050801170761860883281288165346678986374853657082935626169802
51963727470306164833219558579341327269704144547401419209756660770473693529517
104482584670094626441151687747182277131656414841646309901130592081751567783380
1710684026600977604954982162419303182166204556210001476496051020222907084223
23186736823884846442761495899953226115440900940801424573703969266029820415664
43457978525566798114256918240620185271285971145204137792002634135236776583451
114052676219523608776876427740389662911779686093504957943408882228548215961969
19196326430557053527532726404417850324967283586386912219582506047405660807236
87173011836563151339819856041443724983914437101001943352329801515845733994087
86582931342189750193794463173659497544393528215222970712842933702375234189235
91780258949220732347327532290090234704217054415404865204303869023119029706070
22150051771052140448865024030165869462405905677313857002419712152892599535099
16761656559305757225280726397834674120168531387177069288120182926487252332755
21882655740360420271849654538652817762241000622278069058480258439064883448910
112387980897708751292793485871454021739408799377367976023912640000434212247282
32055315443337100051494923082089909767404387614259945970374772373063315417317
8569384271265269392117133740645794715802878590079131739830867992099583273891
35998489418398516305572568239800604910951250703209209276202584922389256852982
85178229213511335981014721525664103082101662286683318120021268947506783493724
93421219545462132508802453470401097442663711911368204679312681294010890893829
33714352480776136614623245623544778478671839143738081958149718435362091795568
52352786793471323010496686822562972638669363469024879803217483600100853578722
37742224672925571316951916673213476580966699041778016490912481718217308071319
84794522850914404948036495961372862582526972268003879759693064014688769120021
11780473201182385200835908723435691447610220011117416751880523524947234582042
57812616196101683519754615774356611938958096708511732138300779304869830827057
106055439253599093377346383461201017840008377012912571221403137154533715358240
1578177759024590531688430777205966685275245854931326163685104806137596875793
94435779048594477663933026268739458224706212741254194107836176537909366824673
99398439327229567456152152296865524022636046576837707754124665439716947820180
62349916812969744900996700506146818190132591967430572405071353423072886066653
64173092248102645755830174452456622390708317739048745445730174789250973297530
89666894003911875786033186911819272749802340609664862340691140055405678545506
40634975425436506813479885549955763168342270848991100238046414691366011814803
35211856918959726178270065172887994082874050394402092896540536214286448450678
29443391777579576672174289622426906455432810021959474407768418064152229767003
102343364390802377230872595152767500271052916452636210711846941718657174567320
39513779575277742697680869092486247802379306875977222501178333102362048698140
109018668451750013095718498932054437111482947346680420209922468542547494341563
75223387143049163769485005126173741164627023827486039076795442758267261016301
5829230287846652762706713955914687698356422578602858304282175542366529824462
19174420800626567762586916685523121396325915815749562625682776201563514579367
74057193507076188481876703207475869953156168481290775986326351335904481546029
46023504506508994357086752773244793298055952924241694086959995124443774361464
32432377575433142441970543087422064213155556996673543422221621092142122167956
110885493215419123986077137562191131685198561724344875208589018625184520251537
4122311837785994913237893203472575239325923859650269238423538360311710185393
69200873758868041272744537891400065068855349319623681910877727541049833049446
96217371118773147097542003300831557290354955136587417486107164485378411428512
70055356487944073543041792397696292220736848225900379214833849462155585298381
9579754666180977905367779192027042058035266352575483989391425685554512583029
62750049675136571301227100261100650254936629776411704071350728843956387831947
75238008070640434516698718902392923058681074106898912359274138435233045604015
39544617909318498965051365357173648035405027192953156512369931008716618774342
2117019739069410112123445078302752170011301925515978809711045436205524360311
85942788969902369041794506454305278679360930226834182574195942045936806106172
114721742340133307949320356162146607296708258254018276289400735646249219016745
29689098487985873324000519222634293195369064642422968686677699640801192364944
88545410641552597458463444680740128434983330456360750257309350866982839204418
1481364306897282237690724886391706559192497922940681672780614102565719273764
100286083735439298040404599474217712560016796683036298021515710297475264410269
8767173406728539942236628888380000082684703684000384086708697225982197472112
63129354572706738328572740389422864655918407779959972267872574321273259416601
69165985616148650776691122593782403966429721362632200034524817632676045860768
76485986736752815036531662989496869146139427745733481740887620980036710922776
27489757812825983926215919468787539041476953192307359454687293202882406218074
59702051523953081656295712561390601340237826997481345713665014737119386582997
74390069322960672342155042506373153680223691251634728315922323520184684163246
82637441743414885142937864755286187607107302235002401435190622757420253463691
82155863137422173351569226934052331535370556036269300323862102938484137851083
12022091120252984713203439432713014986483228518899446497466356730476099742297
48713509100493929749075148081570365514729514061680499555349779175478536072405
87241868449074560648444410105612625839712412949165443289768859106544194498332
113719919157758602703775397002706978066723798359428130429270090689317455018524
41205282043105131086839689572859197315815268659810417899904527996108405198701
29100219920446767392417398370319153131178872380941543391902782075622634501753
91262239688216389448032501291953124316256563855411201854125408299962819313744
108057730209657163401536027447315761413093809826159562887169646312262676991109
78447152323369406498960847148745650287968881907562129090264450363703525621076
51545939808094622756540556760582435526094464000586297187020235063524041213378
48945557083387346478814827994072336588178568767753878514987515243302559097207
1537009587876944660153786149143672055242764495317493256077668379758061044842
18519452258852257917939281537385459579058434156915033988179626379277368917041
15294534604773366789911683582204363005358960066352561083101388552330055912590
34861177718470191050674547951878292792086824726097808390720265964639316012211
95216878187380025111441695510903936444701008354832926034442585356952470388641
29479689298908143040155867948649019445025395215581166694211768401548763261486
19991318619598817509928375195845406142588210906548090645049385091097694656075
5374773831120718808693121490318245681260734714871708862888690045486259800766
20677817567612838709068577079761755744173572400137604485970543493281918926395
110129543180436752591722513679768768549051137863709717673609381103082487598689
7710743524075564600936297810879839116454722012915331053484531148598537163411
71939951557928178752773642177002766526557692213800730654788592810742435402836
93463252445849742570224357377462159441071774492979785455157148205886769335228
108867312152338053417148455679912430351818937429744883904197743051688365043466
18188003008455848623753457865604408479881898882439808698215722376707642395481
102603454316415506505568735903722841800559521629905318563900187380947955744052
4265950650950629186731549994849234100937295084966747269359814207926211919523
78201885075731883455547322496401696206776403225492571602008849942626103537812
36136220464481389809210930743638087045458922215558528000871141158689656124531
85431459736831254257030965383333490857841671679920821075914329651007664733086
13371207714214300297554722066370965788677762189495805719841881001519600586293
46200231073226076969568483694166055631983318078287967860668413517011908004464
42532167179167359290883302904331625179871716695544638579049946477865601366404
11041670660800075423407893696360921575253675498454686674410836156267420313001
62684111746909934946099282556567811551013259371479304596161254723060027541652
5007739565812103220219349187075438315054821188842383271467927846305657316270
6833011399609806458285327381106743782081058322036949472185011098097193812769
65271966973291121185871792075821913800616055919338976807247968308888448345711
43163978460145223993044698938410458084943510100790786667142175833218155363859
62816346242782124477497534835265434070755058960233968191790927239818386270180
94462462287739351441602032096646942668002716027488252404466646623295620908378
85596642172170800099920681636242280834453439731335933921669830434065379904200
3562644196327862510715644251915540255724468682894579934301804909117447131428
34903512851890294600313764234647082931210256450982440364940298480797891360060
25586708655107075625281185028405959231546044963781339154351457707890113791074
112525541200930771096887176219576815941542556000334967604501983191315393632871
77232243727883283905257093170609192645263165834059387712777837739119865152319
52837450233329266192513693801062028023141545607565782679584468837526486360654
38478751627350918891935159628016308588726998565300478913317165640937054789899
30265110584991808852453942548317145019576611998326119321570456914105421829558
112767531359495937149698710730088882716611512727584316283747274641348625704172
