84105651303944214568193728102666653995509643232356700788519106231799059101147
58282369369987652280720685904256394575955029615104402316293180237270879762749
49337056566034702187879829363274019806043073019782227096482530237629357582244
63630600214678540701353504780854287344537055925269108049158146414794298736548
61926180174912904872472146070749867967321344824351473171631867627282010255595
37677691298023883118721755404488931573988166548939463394026904170303947356040
93826294795435507673041352004224641897115413467771668888924508030840921973137
77513257914600065694254429062945587226288819739688382423416287380954508138451
68715682161268026730364301504170953543014031196608335491755054736140767239352
22260327652054237895660611946401336920674664071979092128114845473463832768468
7231329181007495116091122926080092819986930434079217082118514839870403271268
94539752207884530157222995634229134086460704303015889500852800829385257216031
43475046679132691695198350777671096443172417845753913589766048906780934007898
77338211369301076364260605455677666003177157710820296394901138181367887267173
11400069388015469339505845137324935738789334116831814200245252584521704821444
71108799570120589853283259336020230441288301063341617589062100264871993020899
85543048249472650412826937264483272148219170070903201402630542105020871676481
45851636236786818163413579547799166641050911324530777334410132606583136657606
29647862376967126538454042788097968839122188992776175338176805136895816762217
72080599964602042151642690048220994930989914683109674435751640729417472005838
114331227901823597816064768763766532630739357533022695052918006097563159777871
41102125497866925033221805388217444442402567731253754334809200797055530978175
74761508403367154292488101932654181904755867399899323935070244253999653941111
113933435643088173360037592946996584802656408006366255506034032448161980775397
620565993129392164481564290393535366708580573896159016796456150330248685352
23094645796478636138053860123133651584369669023556503363243716937437908452680
56973583687513196530992457973306685116124889116532681298316033376382027756395
111474735929592108858438214597350564294421625093566196284063656552868607544113
80431528953663300226358555851169253651965773608296273955154028532859682118981
73215161238845651563104474781029269063234661656447947689698371568819191487141
624299302360558581605336777426568852276420669910566316975513534186834577795
97238136966273760258784757368575607439371287346630131541656865380734312902042
60632807600020876668477261246697913389893421291519456909218417071762234235512
109861442503283082682897863094917464529689646651169162073450682624716180010260
12238107745607391886519854992064269198614371308043161735698406703091113998063
68406129401304814217871168931426826233153024723949713055599101363842191971178
87617958121570489709024269734001448224350446264988889449811359319721642242153
18017429762278729212097102914331226418180908498045148825241999138090842336139
20493358936849312624860191575328712718206411182776190739393041399060487852991
71938881821531345903198274785805721837024190615988250576011030066933483915858
18925160498021148987660511703113413086165725699166315885335750981378774936611
24284511324444513096901806501173810190294183309693696731229797990250648918790
75256816022804410595381169683111969098796063916740750969400468480642523955191
109846952517921423663493726069011990036932943691202101593252735151545126708219
101836330004040838840257900039249400435967614864835459004709679322646200278833
75389277904241427427149107158302243493919928853016664778947967664934761515869
13782464512233644566366579182219520142479643555607679035007740000162120424940
55304948858382585650165516287487051885796996140681618851150859456455728430725
110526764687324628552179502696951546159847959117305146855056226656593643114624
114258998921492766739823417962757065100272777104163473599255383348521883962360
501580822433943859557607494616207029972486670471354857892515550123455948548
23697646002397460778886219484331861791046473305942400931226653954170682826918
68594043432082284174084979372979598203294810510963360749484042096068931717035
29319370882588891887752386592058700175948683935619199027001916379101514984725
16273022162816373021973505802976763055748694528111635364484389341930648806388
60185859560665952268779429261515821885195372020829261760469819574153750911360
9868110185111509017599901276713201518095550127706293675225099135975258593010
16968306259362929889319522700100021511979126774483127581133124143238668907916
112915282962591392847009845971259744192041829528434474947021312950796745532278
6711237784979198226966573241278315930679277265858520366312534253095443441645
75924317081317783323339504289440043582403030570929137682268620701011220385514
83980173945296818464514105069251841794867534973991942600669505207167108287020
13877796412953538093276289747320617457862897259833075265939676964484436132522
38184710155415166803794640872887468769155833708024882293522535426500781682408
110091632367362670943302076232602344292580094626675055984077051961166833393108
40975160238507812178749759684496468842393017162900840091208413766780474219008
69220384422501999610719013329280643393962053303034428713371577916699526957949
76911091610392268531669774796653161346244474973479330902203637696115778100166
74830094547120484803697203328953177459868065052580755883942293188460363750531
51987089164876516130748498188705094690142381193355360454751551747789750569603
39765779687882443555338698032128060962883037037574895073160868021590778158538
77053660776557088633692791355475242887636080103751102459361205421540026832657
35915579926027432226583131118845101013861396818568851964495926208353420307834
33140198296964357588666295956630048823170493011789325538126684403290514473101
6743690250284690461563404359734047222408840473842167541114597334316152276741
200790911537440054211777007565971634574320222707462431693287514220531128499
5563162058763906760311938920021522068699425649531687066558390903885197126905
81874520056268411556111345254733538981283805609660756738894900240396804411096
6569664501858813213504985767129331529022487452466316510419146150007199576218
46625363405618973709683999274472802041235339129237622700740340530914962298480
