57140389648779641922677407149906828615529530371873072952226657324750833818521
82286521604781322186598636136053577629394963258079691903803542780582590540942
96003697613826867881245774676441006932315154770795455319421046637649510223935
112236353388451950151717971854101235090201185777783148403801318135572097990797
9899354686292475337362337704110694054733552502629672939731988809142905281809
100705267532469487341570384007402764409087541902568775194531167111999943664698
77858979642065815259927158870198564817185060610518987478594373914853985592678
62456462410383050501913927840451394802739720902480028972026506473812514519519
81550032719658773067932236404950349851678232252469461870362718482883701793231
96721571799418926849229166913696070987258767406973806991285545649419636562589
80149417448711409990105689588568125587277425993755315163936058458894325826532
19456512723705056282414066732637453596516117573111066947868371911604380501035
13331369371917707202065851681048956437950502197361710837721535379700171629284
38589942669149262203826738280793240592406053875315349282734084122471904655425
36837974717907545994772120878697349573626502142269886080991412313125808909638
55002162562331108816994866928760838815169217058713419670381710896291209733046
7627587765787950358712517073676442241197913223757643283765837057835901227046
86812616345309679853621840801100114096485577395831402333389960167795124777587
73793612846383344097059495663658500747019001966919279319466258595737581483237
86448230089773203883942529926285872507451950962707763042580403169325172972216
57797302082500047619745012144295640888469444576571134596778053505295240705404
60094962782033926654723770851563705239282541639301489080223534147330640089633
50703346528274946029240835160273886345881828506432148884661267615604181889126
67609693119866663167538172050919331240068752705124329779206315988157645606876
11063785278347196138194996163658923464995894564867225320087142191972256470786
17102618953860709132457758644858785461405170590005885468684894604557000895941
93186672713985101743661990696655268224201644777487438324560555663520056068169
71134654572329740357164635851680687962599640838861463318545742332560532917083
22028503762098824123999521142808889236944166739166148709834619056482858267302
92447519920831419367973821500273534134698430869288051600517049530732913050665
105779537123290327672256215797531654136696120667034614630911450138764841961409
103113878546365342379174571681037628085998017139985254827070903228821637753313
39794898339870231359173911454915140856583827091191877349785217133449747291312
494880235226354030499995698466605718305071674082509081248213261602741466321
85686776690104488070927305788086060680016729056042467532770481465206402220785
97872151870097143061209376858135256747836196094907426950825168050998556986255
38506919012195131118459020197845319318119092405997472247593572160194259849058
41167779626596571001923229189034668929750049374897725782793759119602010130611
111321390082272289144379736873092239365548594351290481714714897131937881494588
52062183500664619290590447579973661578245063749028496513069771926723170013315
41657757374076689679322082938440678678163782998682733657205476196955449566534
763438562061588099474327804969807204902318017173081350450487068987895003292
65728979862242053418337615511217366626237082020321508502253263764941814138734
25817249457778153345352627716881138917894124156050480699101120658871471593817
1978493415845377593120954555606526039896314597641138100160217346705678342277
88364955079537658838881613931806089444715821200972119304879543113912528164587
64275592480036525829001268897484139952463073939617945656553754989733401804605
96228656154143884207260574195568970756282574982926191353346639694860789226932
28392689726255128309894637001512167105667374225856385208979879504748109254329
4805446793676716755968350576242439936313737723398262300681108137204005938178
86637047998836091983456185027877212959427251503194781650339898659893115320257
12727101245795046989438910869516086721402082445696158467539595652127106199700
80266081308641568699310840787284949564130556898770651533528707375813054592976
107001222521300510267990116689212352398964913765554296796121917215267970878936
102849415105290440526147974683187580672920332765026711426671245264107364625571
72166591703017355401010426372818903418723583500035282341657495647521262340452
26664289697700391881628302957050717786102873028556236144335369086814560972860
158442911647707159137804052648380509680868755403422664531117886948128328652
14275257893926204810886586554842991677184677866618279032423270038163584258825
95033217003100488304123678527934787518811699177316551362451553265555654715132
37945573104741973374766972919535049193884866373717525699991249357014569688914
80254201449508655142103291002911896607871791797532460550489266643958574417114
27777021407498988956161338860782182477994978995399323410581082539533354318866
98067933404279076404149989290744984797023584510311227268138355691104678520035
11542738492665404775300514712897350163463005816047678135067172228924938932993
68237404582718731671681962923951020573979182958260039974103321989747586204834
21719623640682652671094104671990665762572577669784983318038330249359162095974
60589560085762883915411347863070051629317318868338071665398689907574665026339
74541068059603114222661570266800931959158454451893075748279814195639173770493
56084156543218018060077804840816992715823411838268179078399483284414047799236
9026539038152663678155810612508936006262913798392549785940054890678952768037
6760192646528578297049050453558136893102312692730550115087280885229045398592
57663744535176256072940231758676447012360088339548937556771007853432766471685
97929995157099374335563640592607606045792031771581633431003541232077191408333
9773720563436622970722361425757303076253498619209548210126211356416215211498
66586388921193013669197240649902130139179284929445095544612396908644115033625
39515323382686164398042910701529458915018741615102945260568432427148089619862
14991981594370315896715001973783279722832487742976743436501335252751210162129
20433987253203231585790474202922817332379108942108942576639756605427159877669
11567128310552911579736355666448567401298717550261655787132691891329639900700
93717928791617758399278040731316803152505912780333459615968369791268569109872
86935845335684242396567720473037588954041538127271433589200747762311227405222
96289977013372226002168491713226379786928596273541411844626111173969875460217
86542132441473404101388925802588058148972080245302309293064270327941518024382
40299004377430600049422313969786391402266636301169310530178641995824542016958
101331500449150427802438594304285821733192795806634459111363254381468006101709
91482144101595360161987775240259106971181040342077430109586427784242537471556
94914553181160461318649438499189207803235286286323359963926290285347580345371
102294764345480082979767843039441597494985980169916171521651658675593487293370
58573922765943517204406118598911958651289764382724628690011679096769403784304
61771831428014249292564857519878492901867472117957053828122940213481966190506
7430645152239090184602075816647087934234187002303374290330259142072054095639
25096212552848601983912120182847989301994984436419508793165109453890929292232
91931039898932306502457239591554807772653719990511047759234147168649751894861
11698435148793796667712901950063202691302405873760477789346737138393181517192
38697447354033831885935400410787342768152348052636210831108304999132377996455
94591663902898728614049419329961464160541019085714256918195927525078439411754
65016256004896636614074980374862289057667526883320376811035495291730265552963
108913684750518801822403159142728429337182053889083776304444681903277466180416
652060374147202017538606784417881233188773212952596784250130834987344641007
42123212166747145983043054449926191412950152860609341401186081771319261873555
114696865230898409685072712510642740967316508783100446986033468583634061008512
80674439528189436563368210742490404634829874173475945888046115736685561245839
10805654026231913853359965921760104619968711316878194960062362744360564981831
80435979698739933792947135951471797736979085550152429913580117045263943632259
101653777689159911812932811877793296734528093685603939394943240998247777210263
61854067134753971655521031624670269978615702432402718674221096133335321045387
31650384592609362859430729247769304164195188999368512317702170879358327569008
106945189990242195967512003016995148278987926317270661759729690426625069858823
81684473534176941570225617064624283726741827146281146784298409388859433660056
82648390443434973458395062132954543360906439284431004795394008499200927004350
90474087861817852455772739508721719430840232651755008034177107177460596034391
29157670413951165061543269733615503777763508718365241812175394725833871213280
91760127660228769387321394971668724227619806908968642323764940487099404965177
8851601644326835307855854694085676172402737975751863960436985755058882735024
49932783888291081516992152557294956153044008798280077206544946959696482792914
35562721849904404000800831199699712382625931264413075166843050829872409178669
1984369613686407617413206276505426571323192775910918336665286700409760218392
65369996178983028380203306228998984281706333458596404567895119772905823573308
34085681315291834546075459784459524434534950161194139408239911332704084481614
74606983362725346576312857637480468716886738725020518077332902414452710641882
59840401809237435668950280025037346273823682522370569387448008269107320119436
31062747534751437746030491812396506406246928934651609682175669875618253426645
16745895742187746101382803376015563091761301587594381155562788083380736172638
6384041798838219971493958020019421196043807989614646735522086669862167558942
102252409869825255669306813347369302719415385381603386934188144068554542391472
25236724337891785398464454391964286155662400497887144751314140021993627697664
28678518655057880877892987019378595183057902335865436122410333226286658996988
101398366704710022031368922445416648617596238792787279536932774801774395908061
115522844189682117162207241266253330107315671394617989502299788648265167335184
32649149001588659402227887726535392885284251298326449040388184267557065961714
99057147347251402305170300600103116131160941139435077066157449088715609836706
41115916011564512389029154985742999921740176635064041199832830463269523793173
65161576143682732612866872453907758079407607755879628658228071704554056094516
27178542723260612297619440057387092155087869374425140017144483809452773890299
21474757427490523318109674486461318619413351611304408939717124178213377808364
80146186894871150953044617739052929211688739002233037655587177570500287590749
90927476429630391184642548709338055722131680406724986963119471463600561991156
