19540731516242842328217376787814076197172796619585576786020498937477494324367
58571288136707548932602344348040717702861354543908416170685977575495599324964
9180979934537651997877460997439335548822360490382603580389447518761894321878
66325296159525794162030447701450922124982134473489287045696067762120336071496
94738196179269623046275868398184750534596559954248366997987379051617624527568
112606987802655427511598629609336744099368861183920007833939341960689252750985
65872356700091318813776255702681153053176839995256652008408125444491803241636
79326199568073565788379257758300709649290892681137747730286349548635316911205
108612928853954899633739423638199880197408390461581130278654124691201214154929
39842917289563908674696234933723965019970501719942856625685901205315007757238
3688712863720777162720872666624238187040319698893311633644273594782778406295
47197773232916735288216828225493116148052901364906851453926527474226237225789
7746576315457050411669046829838539902077676111926048278918950410699907153671
97274224936762856289832367305450118716891576420240841382701865477003132855244
93309242947791814300907489499203186193074092856493158547085783438798943337586
61260426496192037229518283154643523390443967773324315338281334557444143519613
20169865408875078937520660397767188845818979313438801994097709299589408919485
25206119025024073843546862341567125041950168098984524649715941623905567656724
39311554241588726563642649591580789963501049194161105208860433961954125400747
10453666727875323067534987601731164204486117809624505002324826425435798771964
67351689899714302511281292398359625104277842022812717892811562022795431492615
104655903156309432735547587810090890236403010289293744318321435941581484372537
69166597551589344576213056117479822494552960832236096776354885772072399400522
17519066498085728926524080792004579388043426575298621250528028739742675268891
107371530564560053440954553122793352322509927641142005365388677324254631908800
76120053118739038766733360079092714240432538063145118064077963452013413132124
36586403917463060696244812464555616094038751399834421522227749751349786714313
113444431488151385571867102390740092531626171111766551222055012248287773522097
66139931003280865345040771592279175914142141128446658062645803767272726375027
11385580780859997697749376141153317937300912198842089280360296650241874221545
42525310492435151887614392723528222864757471297041903555478729905824151791668
41286850825184941277154748438248541787569876235859687032986589586952206006028
94182336568247621564210374648870983291307475164572656428761026939091398047239
76169000294008728118953226982602184937539584849728907285020077208176163948283
17912555671325397414939574257204198723553972675044565205449045026920255959328
115352861865124502807202119633962467300995523408353130431560174257341514809046
33326022732580076168938528373935343266992492290558790784967581725582697549021
54859052268018600214982990193026095104810519363961626289755489649391228162354
80888594611768216639409548106439469861096062720579921053614188284357393653907
34041465510269556241713110271242321422206809065842528508730999811625512296961
42302718442823252021749966884940472159113860642126877585564222649050119871398
