55518627013521686212591068653935414878141044607230376264281591486819527865184
6726173825196980170540205392208965660571290703583354007232648040363103778922
16183974550352070702353768792824538627798751502225789960063198125917335704568
53480828043934304283375739782334921843757689969412501259532570136546604161234
42657963584976723665454143637547688290355306443372233612393569919931375888894
109757798182505480215290493195600629474332119378999868691382080981135024480443
16817620515521676022230505687580558908645202264983795225098356506055784409007
28223189341962248891064776706422266220308968359142148887954960234433456140358
14007948980022904269833633191197118849348380586483282529586462820308668234202
107495396269091542946323545402392272046701083880409943840603748070401830269797
2073004870453711609402461891287129312324356035913935373408453626932039917500
40442297594175733835702452126385044439418914598758178009714136301236770816698
94889530637465914145870008493011766909446421809114978145278274400368960260302
26439043606493997814240548924793633563953819562415029391065145795264312613654
110229624481542679414720917623294246866486758480305012445265210323420955177638
105837807936569535687265835093947206762083893904036065833258422195570877159460
48697896688880705333305600363678165499580248456994542589097750256832969501591
61227792459392076291466743924489953781132075296569269859429200050208460673873
80091864523785856652205430325512726793398722062700086279184684787376228997537
60310049960118124494606912793443119956008664204973880560725146540317584154490
115067840005546343684054631164209552679490214457391126091257595949474252155572
97915083438373764283273986295557070755426679226508954361062716463118030535604
50730407666212620470613832781785661623442254473484903050430614618087431712648
46594964587698154370665495403422160037138025392679742062411584125441427023469
95307588270150779266916897596074477565054063120231392250527547396874581959721
59598382932807984505835385808697925725819661544980716556342681472855320380200
58120547958977597541294900051020364574557603184357049649571016679884991086991
5526296746286459340995444451194848426694119790236943568265110819583212247571
55719077608934312431113029814153280647427862346403474647474323317298452810050
83607971553453222664622939013087230073519219608094271721520580631100718285464
31699849044868270496359770231493367122831384484146397182161164190834291911163
37821599955798694008500282428163294076150013758061769527041931946647474055565
76936272582998350022276814461023614084371092209465896217834497717023487117194
70153724973639825734385992347230045328504515490063203083342655898358428397824
52759632158437477984657362970101491576592529511794040068642971534362258376327
17116595498353992939510998374065219993949259941854224425064180204556846421400
81095501595023596369486663422684240589596578983059535688597029925074378592098
81568389349347236350409322511327054709663580198636260838389749026925452594456
71826987234748860344751548861087316507717209872533498532892308783777477296444
81742375488170634292389938954047626741608565383487300766370295867595665819106
29017469022501285477303430622048180853379478796221206554524089169053303110809
41056597110769368852280381863775241433003318810938024655177291883583275730710
83296554116906619756542521472890020339292040160207512540587899084767444450945
80628786762347671027741234730487172532492534393516435396147694469108056886484
42485729626725815259734373418955058912262156585116532302273462135907540352671
102448710574128652834247432553537095085891548360272023655620899434092607322712
73186362576461872428032269443887109729333051436300697607672289842296250168455
12660929773260832219561043947284405106408675841655101212672653075821207502096
27716932929521287884960038852269506600962968710017341098771479776355262642544
15075168539745525707512684459102866612307403475658835435371918769406288421198
33385733422116080868693704519779836155135620327409243098133216816850390894347
99938054045304036226425467148390987131703837724630983247554998444599291742930
63859450750894821189046365421943505612454780894763002052916383843309432888225
29705450107775034418396230702843683250272275555993741604346344806814115288270
44127188770336882567027508731182631894492185278938905702145291791186978602976
68474951475648425699043321653907221585726940660555248625984228344004066171632
83361123488464584446583131434359582985150756010117645152192516254304291089301
30978579991835561089481918335707979689875741211526010071198342697003531950970
55944037067162827857606426987291224629275068679562821313938084618882793082643
61704448326442584391118386348717665045248473984507455380565680442698960593147
34321868319480134829991706365478299289110165640034202709129626845379425554969
63471573792334139672338527191755205444293720588114773511752666055599799892135
85574261226628817603644988935528358008849394961519143817070017600481637036109
45416644193208795374584308576266462071195286462892158829319686104272639167288
53437439391209085326060223238500424305216407632711742462617293665561629512761
33308487540916818515406023143462408939489399122586178942610736217081873522219
38585611296643695486113090862651113461789723196508769432432431148331888592516
8136858771316401903527607531494942811542420710157291121278777008279205302204
97128690161003491585863160600552354857543327581489706035752705293690905609531
21252273737612072217775987544907952140588848100727054691360243492274580367518
27221081563124227271128963340529667215934648637806598747090633465497345032781
86914728874572147086960202806859123452678695449113523357937279157035033891245
94119198241495303572329918246236445481917706334510920449718690285957721367350
66557843779374757466707258789988114061188366894731263737093855292931988395579
101614463100789150769729958841532065189054630885203083937421487527731686319341
24795594805255238385915058026956418103285125340426780938809918628656133875421
27477033426510181280603545233317195741354878991538668364236104361790309830979
88681571153121347075311509020535655827833000928558094626714872125374233339173
2303775436879935736608877999710295683729994142081592883690570756252514601777
12482731263508792941079544331385956583095882198426899194137063995358500317597
62516024734480183051033576440538975352180923735512850816488409378860377510375
19465193853927370529185770416837564977225559490517251133657034139615680619688
104999484617832671899936419628174527957601996873715074775766957144788773130159
41387679207163875989516837096588625092243091723269954014976220374237760442080
15501312281631122330879421988884766899629466239161612880777723737252777667384
92443770746922586302846982576534660057872857722552112057684409160285345002213
110850521793742461278248164947577350386957194612425749326744683538456096747877
49748938866626630881772422635393057209651736621743203115245422903157627488829
35487868933758646248098061537031348108792436281418805112351401598767669650177
91346622314901543602845897168919058763515127377397991527266497350124784298096
64108634198776322612666808291820334659867497393930406430067265874381550852156
3972123218573871221576389425403739308595126651862920343533831980988636433724
111520207602030246364077640618746931368784617396572819607968442385002374903384
44775260498519215713687953696566852020786401796479094320936609902392756803840
33634388557228263428554997914211350353488472566762785175627634667396826505718
34110136237100553012070817463981704062022036575624107611395437808910527679055
38846624032225247297525478301929662293652379021513113264642151427290101578442
43507368752288694923220675317329431499324139452718461066166094553004562926912
76526178208155099731446970718759094283383302922542941442623976900023960716100
81079162989652761180307764258091365455725229697085911023589814748920683433481
14409682592231143230082136614218357111900033151969997686533662331225600961969
108578379594257823614614451720374410548991970961985930141134609246156161002045
105318858812676393211009492428517208299009663789177307983506030064260264764848
34372637858884233436230094008945078570704886918190899353073978845421645330159
30121254898898586171505847827706356090033798357273419913528740855352694115930
56685141663133533835544710594097045602770019252394579736578410606414747380666
48976694565833654182429513163617036521498424324353811366511018858222142780176
7885635946210313922509297572016564233854249970183855087868518411637598689325
103638151511785090981557236047118969812693366527611296708084849070628062648595
36388498206715157070722313602502690399793362623980103101642327849291637934381
68235636151616646897625837299368551286989098491954149858935045541224387146802
51759758291385892595229303399876472160125328321351345278426049345504835595564
6774671191288622597759325300645562566064041877007689031416476084277535747321
12349103400701687637161432166738523924436259150031067858360091819236432516863
56256991869135252490650209835357713425901582254054672353498021714710410839799
39283776694376869300348503334211586865213635869911489098806857597916876165169
1069762705760178673271812806571692985754891342672534840247492316480959191226
1732119058578911932464935823520030955944763762563323410385199646680304552492
2913241376441106715518370696791869633423178513032455965429335800763249035965
39260383532231932240945642914738169933150641275146701359911603102351937838168
46646000816729507347930168451354690721284086049064477152906828248524268819974
45858393895234481999669554756694926183343617632313941396070208425794156075328
17328773176604279476325113391153835410235828993523774689034343820157351650367
72291684084327434949892621153108888438035592704064394795714549923566935895901
109139393327497299996453033001975707667225698856558775287877587049667432527954
36125352874736238378208434664509314417923485724888452745530174549111290087004
103951606231488536316975900568682749221436691498980018004525501329692399939396
114788696864120825776816950935833210996621799276611374363102888148944262032855
78698449504447698432161852357405183983056335602440997200674605589730543732954
99694445950591030348341494143904211200826541769277622134478537806771114362865
28627261647868074488548072929525021545241107648487173514874409665162647128899
101559144847528735513999659665907265366912654885185192931824206939386717026270
11959028764543996801133600732354556428816335269588454477011192363776738048175
107487009446958647118319275923350181613503873411117836250689920850861539557334
108394142508567494690464180323002396169236536420870332149703308956441943906511
68675445038504511941238117988351544889697361487155031026516365767908079472719
66698016499936553366436657927307431962340236009798241722709705775139238372947
44843992559509918072406332705913220132583661054392639903604577302653633558954
20739176205532527829200996944306812395638081052365139754557764448816167926562
64402883527322662857448207983676793771361483143417409034747772655779043411335
36733130307043009115542221568029275459459115697097784334095340519787390614329
52029795632987120956472095452630687156361428701760512299478277021519137208242
56005868176747862945766653302553803496195059387415630660460398920733326423225
74258259317120126822738510656071417381599708452802358660685273434289379434287
113641745189404319694784340649244670087468955159689067688864901992520958314502
59529549615403731296558117544628797336007394282450893024901646534556999004015
44940305983007520268691331961152712084282431764621892703690322918068283636617
75011407572890533380873661449813516447476880646991182730949279311697463877103
102740205969979020255584955907601823630017295403118424410622567125804297247609
47809827175193316383605219777337616890190120165109055096561708521880296446403
84731552050678697031251876923810370566637287470579041170176058751219560888870
104375233799173097110121020242091878240236673940149779898128979892667235159079
99922854953497653008543188163780089505705857233677600299455785202332562338169
87672686020432789629571886319148281547403429157907107945096996572791427718106
62616160325268780399398895696042650372599323507532088129939212499153324759721
44155561993148686019992912922515602679637396447027914512472961553291436535867
105977023785682434047812511808165559564614924692449529203251927188798177737538
5904415627642588580378509546184877723595117009180736672257924680327249545167
43810828021448986163528738439197722016497079998503465950380882467573865481624
77802372515322804906074274660806876507725322761315507651332004083477865978178
43378655817373619091114311246157367016303422408529414829067636351807727672148
35520988803223770769055739117708563541970062439837529443198452992745655384664
69541226352229265710575527197781111121932033509501147347127597934927686757596
111514686487480687715220423903041753493638815404567676121849679221544765274818
19556361652947949297768121420033155995701436907449053940065308937551356126291
112857015424905598001071930469077642635191823447705294761865912637237926944489
48941568399090989058359157332378477939773587030856624610919081356031861095246
62208206851974497247450194253396991267051665466311737344551444700882611380049
104053607851280552212788009479680767085111124348887457618394027531134979154590
18257015835583995361556901370606003790829427962949227449790491811279458886385
75490493971804290913845445876159981681644249572584756861263214636590235750906
83976752550590482741283115479525540355029517028738442384995347235619285290032
24569008994035283940845651629656094698392735365425655716734465448933420102479
11788539292846741329782139038295352280770761487396185476779610014860425641181
82572473137697108686286247060663554099912170944656069001425966443123504070220
56569165354318206988043199495433649870082774521334959694126431306489479148174
101634243341843197420279990291405180208031225958402252533849609274433990890476
