95070310986752327853899078217164887666133681259570032795485523446445219422987
17086595310035156655298505800529657001402124286421581795189171259634051813466
33751469473488740690711708675727980824358386613868966119362317126753108824857
6878251849242095460745557733876126097937349386457344920165771154896752095877
4674880112852871244751606763931207980195217261892142460150901731288954600029
90529603254299420297079535424422285264165352950045956999324132556209796850643
49945156174861878338477606501453191457164331725100950171461089502287334707730
93293775542984658113682387512002114281800903171489102359135015874856932710089
22526168657849789132980364823153467458863874605188000600858500483330219341468
2807327792862924723248451830247784649694813021489027566042420589507331319261
41864630176812507624457539266218461749808335365181595143097698614651117869541
113279681819045141696920829135183907718502125683605195812832644362734307165477
31139762751985190399369401838606448358884743949476484584859380052991828513687
34680417398151029068510427681217345738792637835346454530131972216917445395233
88264538541187200942189054298173150134619276826672021587603831094245601172204
19445201368324293284063478649906023284822719723481111868985657181477430725439
85304781217680098672673607622080181010116407657547564660484769975725244177216
28124386924742860808004038441387798130358971301993137470508244850518129338018
16904862174056118578863668902756914921471248389643130197049060743197516205371
71859056041645566269697100869401752059331239226081667479046967955910452832027
42275411276960855434540678033511290996013063718052115664604754034990011223443
79278893469084483070177291919319531683831880352699413052420167871065294597381
6196553460012279371169464013407347948197963783422356214395900752738308054419
32482195555002687303014867491244116424417912575946209550094300343711176257906
