98253807909567396529922484449941094251438789257751490844128243683943357237623
29509074183726228449427491574456899757457398897735064525941391596024663850827
79994467427834768657030818420983944251132072144654359324188747667749208460448
47138345890960479682560950182114931342620413359847720041385836948823461946575
63447727294468334226210818217105901147257204300142542901837312324242401007420
17241339779263175983565472368045137894379962148870478099274711908969131378839
39665079339250504826735992956440736119026370904120254378904324890345695390209
53156566708611478027350007721939124662163979515266845411617688770083667837611
154824442291813940976413396389771051782399230455220855922537143847936729665
52372979349175142442037663943210915715413861161360006823448198042417255244873
14678111945396650778081030297124832377701306925338308338822474290819589854141
53675633975044286109967120278176712117228741593728353161513754216894318616404
77276482772737351040645912338529929085965403983030757873116044707447699402751
76229622881296974904197568423829339157925323349587124205663051519094337791640
104887986326682500456612501796176578175454833057814425670275627450480429419500
3150118788218002744897626064568990409602933194279619905033291730527051253569
70736241603181524144115929517905998434414828707847093035144758573355207369154
39933323150034007197103884589291617707709369446695190418600348669558071909442
57220895535308739039951143502556981158757858321629967116563429629544705868897
41233425712877210291809082212141797003316169072120964672335383352625550513174
86928065540822559888927045586174656655724491171023374484654399295470174870385
87864750170217321805629999812961585194964925019134950187404036893581199350950
29212298842096105602283261503133103134455806687771162890942190483440469258705
52997893595213253012829925729880971957517078460133113724951991143434668657819
51703025069340051623326097500953705837279099174705620104272978384299771061570
42739425396318723725133402704335917057486805431845123521397691654326835133130
45935375276219758392900635203349127304799063303975792392692960909312342186402
96661775394046137879102578729236229922294099657773673372354560501471968095700
6522202757994885319328271881595939741407740420989029853827958745135990946412
47954748947628500452944345396359203993981189145582860010522168427901872378969
8430234744639138903944079277936679257273145517076915025840181292985998785141
113853899303146062595375013854762511107650927706815300188732776303528762337760
1914518514734925905490625463644820691634689864244171992728029300898187649250
100970636389800172076467883395123508182583502936817809513575360927708648276711
23545491111381085396790090127609331899250484811150516643214003241088908251587
3042839346392164900484578508652575103694630439351348253820297059812110935263
106460695576118171484295992682597277027722576681906438745975261683803170392565
61955166249542694085026656728872909180433173444326328727580306679352202850995
4814486995304369795685021639486574949754658815470835909009473897023408000829
28766676087586627029522870649645287785543630132297894051570128361194275823540
81856581404766619584644527962793579818368410432135000832642030304864051701580
47257687621991396780618506758751664562660497583046959354681577228099324771769
34858934962439679699596649598043559063607210863861274983040100716098427425579
78748258279298166619815469788591765622335934843547773916113159702126886814939
13830199371106097941439216900381855938730136888796178675940548125671926967057
19278818004534838886113126513180353549921010941600075584384395725446859285381
115264326678131399903507918053103004813385689838563215622571712656743448133208
18048426578030440247699880471029658523852902905792101431600888237738822675173
54318529598569765549135061586656773742057239849759672357925413316699965723838
115211657952254547634582150850431675957657956811316214663232154902239166498453
15312302681477868567132441738509712341891417037868722519489752564134292220621
34069858260774131875826803003601524332128384077877984406544500238787174802592
41036525058745821863282440399923501485380385357139188904562337005524191093522
79544358452095814129403843763548022932230428965824398154317115733734890117229
5242541685948448054227425767055974891177358523077504422034957374667331890273
32503286145463583284887480176145064832439436810011155529289415192957747291717
34040817758784676932591938246135825103644931416009702772421497802092124720776
17262826849513451965526356752224036388185319540828144241980819960242995469840
34264131636833169382211269481214029839665782943145214381352189163852075977200
106004832522124586470758029671223712825856444596247914597356913201971131002772
46113567370074353472528138641242308061482387126649678109501658394654001429696
12074560779608195872388126483274642897172241341295508777733547933095664481072
102578380099095643357326756159606678725737117100456156399028877797426792929175
71084782988072051623528537020884579682421643124937750358260430485887366072713
112795718415639277234075715863432679406518972220185242994148480772188579752532
66716556356188468501042571780989305155612225517083324537050652049318420569401
3480214248805900942123448945495873852242133925645420831577253191351009215971
40316220982164426315253277127451955389913109703217624026215300424388569869660
52274487875088148043156995506291686309236011806280026699991628628717801141168
69649505961871543672140427413255631329878341551575964628699421466792261645661
65288459665310519750262833038332781802951370300685102086560544637705177835567
70362474883064070142028690487555098555791980136550774756628585523910128875998
73538153202021058640353665073497567940651967041729004491486051552420160663294
32885481311435875707302967979269018175708251966595740259606511348723985797200
65936966743017102279849364839645706706422908893362223843075637837009616243184
61457870561018398281214801416893354847150763407863476064067400680490451242786
13405912699672666136978831802325987267626857362456273364961771984758261724844
38527576673759334367747078374372573643176221896542801091905411005026918105772
43217053052010718576663615265902736472345274749254007400704738422189223076677
97926154068415047014707151876246298494005615462771783134381195043952012509602
104776308877698460714599337639166351293990009733006322933654060609383755855612
82290585036093717154996899130775693535894830102649995871033630502168614426880
23862998877375376358758572360436530255022783517664144068769833226721500012821
43911677596318644846302766844113194248557236396924423982873014841200216782779
70002119541956288207510045355603727385100827373481600537490092069389709838327
84723346852446298842596622721512345702747641447458202745300828120355249251158
42298440211544483087448874710624808939711506464965725752287037301928779308842
103423822106423770005832142923364312054970587452000429973315584066751271849230
41364026564288231041863083895201811367708060919971296027573680930784757113958
40680817166138391745231641276572490343878916484045202577071752471774021448885
26901761734661265717572210555708773849551790360158235912051412457231332131158
19106175740400540110319518852205644243317771275151861402381863128499957674570
65059534758963756491682125701006181096728197989039421510075463408674206309385
113377797425764118883829110778290190933554711006383069732436776826294499486140
81392311665570757144252937905428582325773896341334266070110724975733784466481
7795559417959692461780292777239938021798152088030645518589390804854818766375
18017633419652101639281958529893495153386733293591835920085675253665449030618
98360207993344561438858940541119265888740331989147165029112874570509868285597
92625631757565372356284201779285119360383563744775356129756078932577281395056
46846355162482720887112082148297143148010430924903927440474053828094032736535
105880728855975247116914629582492428141104559616037195188420748479350990529797
35690869664558383818585944582342349773251579941271505956896931401464019671797
65709070625887350421278094023574299053032602757963153773414606866941657457281
2267474270908156562564845952320852962327290614040835506858246437331284539739
62181169627359600724424636254645808608674460853509708839763134418278290612260
66116514376416983819198986663625409457423791587583270687772078542832623007067
17522032578102378220235230408109639358910589331814935594168815234553441110012
33947850461698561485100732460482262747895408637810836867275163834067332921442
59134947510840319313608829231696699364048350589165427705552613166032792761702
104596827650344933723954867432202739020257682486462581906578882944721468664962
28352148507092298940790085407179861519778653921039410715163388015380581043969
38422696211049803910701806581270003743413922564841472316431816021302694836028
4430285410697324565829162731214886810828702497784937868210583336142251768878
95729031763612158713437847647133427012409751325926778196017435373301427312990
45568692753545162395733908588169159138072855864789873465684679206591925296370
113630764740328473443305582840716022290838965363086735418777470358069751136135
71911581681702869921914935253588782025920127308176553436574832608226103368578
54558401915978146657712386622809179491011004963319622575650078129587144031790
30684834936435658604189134855695837009861562233279279591184340322660594937124
72870469887879379403037963168225509968340361548529577154917452229333559292447
19659265560936480672262435860445408710215734387905918489862129487115120000202
48167706529721523849178956463256281315507126018341291579129900693240451518214
91232404074114101070954762681046569110520608847184453902219786635800598365405
68776840650881865585522672180522996011861743278952358143633046027394302122518
102808624902988881142552866808163696552632675133352194308704522983076400929689
62990843339919306497320323618386908008958028644823031108974043531069129530933
76836929098793229462666216153406333957018004991507887976528991515532256852066
45793334267324460500441206595407351236327554637808887114648030306341963889612
2314416094846484203492846409434564790316275358203723361619880521304879552100
109447863825526400860009462635027070159943492127874274553217919654886942033784
104088493561879417438137573342995212083939286357267026922876447417499422639292
101682899718903167450620538234155895934611410256718691104316504765985731693519
76862995088493481198819226974561676795232090178590603349521692046224727212745
107791888772806378835401265381789248209024150371488041720897066095880050171453
12101043441282335422880564579524968768288554991875332611347772193949544945421
37161802682309591907728390247516015776964073257034617012872396242817247178516
56529914869576483680310064756171415802218488190316773658127037644660186543374
89702674921850851010556081979184730686003966380970755337859738097178000770986
32075986944918460443691545569404979490266507616495135929658706323257681468080
12936742916688205482353829827200460890236112129386708350370702101073113154432
99936117609759582608624237240425550521802566508046535818116530634407702235315
76716634622581405256868399660395934981008369032836954582807028705315207332870
53781681973905699615609480760195794706948497330663884207787577719722613340464
5471464621415178188633121146876029141105183431950946025648009749387265166534
29064514611285895111282067071178272545461965828458104535695859638104363986795
93913558204060454823848592481397551979214609738878935376838295553810044282761
70838280362612634703650675344980030305525400171476241436863455013462747460784
11074526452980375099450753650282943062730479832195631354253646362064815696527
44531210949512481659587219719280816711208257110222948869737553461906364229825
53416390539747745297540868160271160271235673172364598694428521885867818893277
100648686397893537431805537299980619808539883313909578995111176295291178108228
75523394195009795416962860008014332781356072780251174870581572921994905005714
112574778612609323322397182485148968842571347615570910745192485098890689971888
6861412782791124756785517859869744784077681344499448403379973885991267110535
111647927741292631424458846763198213338921701800346230583598004735343082813523
49699845226169394929487779992547682756712183890317016326400638700598208726926
110703844630121251867833351852348695657632763033211580767215761643114238607410
111442882099955782783896683372700229551052103466862944687927718917736952536717
28777284322745149965982466824621521342379021909025720074486535217132775658410
38731956150077300561287473696919606182835454998120034030769903857906998597877
10740078057032624801705265605289680435636072769247269496587684384498034916053
2074062409258341008016280052087369062759209420768106550861448863917243018615
80930019526740086263264634634795959598048029849733024939416769642158085836450
10856245380691837547713909290540595082678968071331047744600481999806056861199
1545197871636458091603323823335906482512281544763059659940969376056853822620
