94048675889240225716063165721702304865775230764654385877426294076756770740432
19215649090855049906885144744515932652685346512913079204583800978914764556382
86705197886646776665284781643329592413659020773219886862389243253747438580036
31794059826180584168894523996639334597575572946968328842368143893967548819477
17121191864441961987506765843797831590962853206679478629332463955630398410671
93272313438847046814277716858001376053668895370099375976319345989172506069337
51739743966664877950146591989029753150619376013010608197562078964794432030231
114012576592070208182053506057301547253914399213695718755075397210416992107640
75996313881395674725460083235905400097139244993969937069634817007364298268238
114212275935977624817892399459213140857742750425429865359486454935279371349940
24895785670257692340907325017417663709610547168276162262442276863184371562202
44466685241832221515139530172023140244772573819565839227420475607086706222509
27724541659214418137318883909714176296764313119433155264968763412955217378983
51363753242830483841682252456337946466541891143058447271825966644968886522111
59689463265320955450796959667952936337200668376134787863072576973911217671088
97855600673359256153816962406072286217094063517988085595429503956570045672748
103408167511421712889999634361734607129041478417462834636866222087539564828138
113419616637884861786494574522585980947214063422800331503268997886973850778638
13457735635061938894563394460780201695857469523578908988539697749825447574196
89586769884162203071996450615312143139523890375841557251604446021401926896532
91554602240565430632024513476852806753052541109375353515231945178874835068735
30750566113299304028259951050610778328017770596115096482575241212034771091208
5644809191518822596042943067334247678166601234038950130591114562449025801575
100853936024443760589985207239166533583630557006171260619414842320807402867761
55893983775379258575781003462598955370585073083634997334832070655098996939284
49337524459135331955309357767345498116414667414545531515599071554045071861810
22413407237129384310672162670056246070091192215568710488847412735788914376752
88493122622362946584616346255916277439542368017449848796424285033639498345072
45451060947193628060376192575209746497714226878088004675483851594354672800118
13391686919901182505790478855349740934877470834022846809126349239501580980699
9861502886637664696111143729130570977028049739507700416275666192329383134111
6028086234185414704677401995141371141766484916549855454959151864364097792808
76333720064715797689572794647580137836505947363160114553541948502271503928697
24623053910904564213829456005193418237725466594998910018766055029494743127727
77164779670352242561545724152579865109847412661929964595837008365174829217764
14711202136864995728621748977395311901619018346939427347122932635994987556976
48588302825745719220300989345522861884608586637448795744890841466440085944964
19079681345946865162950695338127820030942816546328477676980083041435178573799
104992553059713316832140700477751034392002171036149268324487701110496415154564
105725096828460855765943848993539145934684539892020156397139105264730228530770
35112363307592857067626334742603119044734211479178113135432795041880709206872
78002558324885175942355438158694501755955104851207364952704819918553684651472
100695857651351960598972957624783232539471595527027910689073849221196067369717
100089758167757578096109673260006442999642197098775510900271794661406988583575
18350327657323653826811884865459423479357961358709704546502895307280123354198
64690148530353607962517380738579636640323007508982312311270558346518910509701
54996412907340533194703460559719462385420946507690273330089154733846107963570
57069573139596953395889644325377038361125377389582907914643815533190887187540
15915291813157443700920139328195638485915736500412942112934675473868982105382
57443731112974923472442876879584403824110219793273897127029314719198998340645
48733745027210164754280721610930734716730728209747122357956417952054201469142
21220398044506734314984600604392334266028162772816323996641982590210406490812
30758725704783237868762186731665481791786742255662757273322349026509110232181
466043351780484565640863964795056673728204869157973454333197955976180097196
61322375638695768536433446120716172660771751625216902913402574147029348740207
5724281501751709809431070372038176138539939406893022504332673209887352664920
61883974830494871140872557815928278989321916252790530142319675295009945458561
42172675200479038010565687811868880141174318696401031774290172139487660325703
22754229942773200748281326324266950475616213332239598483702457469611809853738
43937644810642785855054666439143132478968896627352377466309819671854147539516
19974914689620572233099959118382252106986298398275197025255246566227977451634
49733540241225944977046783737870654158892608726456896244731814864597304289133
24015893727688737164212713207790536217011535393191625836725522682362778534706
73998044824899946724952606533350704582216581551200742617003830699907943206524
74356786606938077118231641428330464030942184618190729821534658885264670212855
108890658544986665606809796430322005217391024621052682544880177663509293526591
61649514475626221904688722298012976791646704785789512914462402177693424771306
15062840214651587545155467295444541583292524220737472207284128875521342261384
90343318784865164572868210629006112100541647308145084050319349146008112941339
69426444147061818420203507367633460811696828865604071399594226184323020420936
82705101886256642366567552657657224828495161954262626330688545052162084885160
90243634546332933080401279552668095441213106813633303848443970184153431967252
61334217926761686830934734513969311244265334109301763032737813847860117299636
86347871774704686454619742978818617603610344418676607682502074972358061362111
82392881283926728768172333703731604434175089833561647790714810518378885138495
40343401438280032492933561667976098807011584423181408100613695276513246529614
104122407993101634196527596066691539149457121194406188239556609028335301515347
115182496405641459443002189461789543240839958279808316876034664358678308793025
99417822699997453191696106719702663539736554780619671130557210002624167547413
93260800982494804556401682441525660767348107393019263996729080465282461261825
112037704516802393349092244254275520116855107226933101940422916391343950040205
59293671140107375023897904110009586739342309163108603619588564180736688581323
69922025388879439451701566316365604547462297086881762369377212228239703005752
23491766947457394873108085622257628823576453011600817480222738455994454167698
62650976615514653918270928064590159175875443330756743367181241494622423990323
93869847620428140082094497051641958743649112789286828867158819342143072222544
10146191207720518583149223641555404754339614984401908335351888168475023902749
29723263975387747322113291537909226979816639506590284075200046614807567632220
79494401740302749171238735392963395774037912066986941191026779343868233496537
108725664034237368297417775143360611051714403081919259475736612347378810291117
37628562452428479081190276996146867676356729354198252866953941011435264016714
37132815812742515936792850770335339760562115589609806270228273299241475357129
79358049312195183616193630263865713685520418254472721761225337922239179232300
45895670095617691527791184716849691061953629417916787034114977900957501835564
41943637739363591370401316839205718650688753341493533249172069850318552251558
70873946211087203636393234665784636337035173554473900086589771366042255767244
18637217449265138689002423968350009933794632218475196293623785965412876804689
113339044383118905822991968578041331119246155141057624850064043516397120689873
18825033426643698935420325256994705768054778221077522789350929728230093437200
26186731703937962747606129639905160676995459147638340496298410488665845010724
88811492510533040821089064001623652367607397241326015270855219641958335231349
38794306920205295945968828029623227120566748836244198966753258425955047081367
66431887197433054916725800882840636606878966322690686290619998189182287855977
95433516513976580102766018334782498122994808517875687607879730190207092370147
25165996242979420808265082034781032224412172264958671627265257415541378821659
79798392499674986524444908716123935281990121562128422737730958039889520460476
94703489083652925256859706633515686381022195930988386736129404986825800515361
101238305466119747717476931243045067673595424738772721713057813304161587021598
68008273111722947855104720697146709025026896551757369173817523282939921260329
20296843889136360751125355783122791624301615498706391540714035636344819505602
39846498848059243414327949170101788138836998606686365430732940579890473391764
11888987121077348120038009283164473373892377263613572428378418375218198006730
18121730084794259957071370596065989452118267646615524652750786665200874015107
4656249114117554903078520784566797026118595112321429832708467041439793195474
47944374574637103124077491491343575787669708377014122392872561355163228618644
99666271164734243301606275865044839018475751692915308676247508859081994968117
83894856916612461378683743150331745692286216755813709762562124431536972034371
57444274681954026992996584371829883455651646687005459058889960835936463607900
58242736527555146588769705771092719963929020246667807668103171460343666046724
73348494798129075351210291458435081047163700651307424657063604770705068293513
4570156681829118175975550710741067538459890457693772517370974428225266606477
15791907389002768317067196314531885424229502694240293840050402378949118100435
44945174283215804424253912971026760237033407504205464819144859842533830666743
92205602408299332176523167449270931227454947469708797518729967097970272776766
103471033041546277400708081265269499569737875211355973887372882940561983573592
38666485589760054300696081103225585878884514676169715396853638187206917484085
30314232729299912838967074798868238542452610096859500747741452255329341535422
41295193923698603960030545096043736596037557001053767776017809823533510690536
69175485512412874514805113132637478156337440460868536500409636885274186380106
90139446731038271232646712624161352381960241944197353693790853629497114103256
93781986223908115990142878502346933048251411389686998778870306238789157439573
62410080199190208136587900262746130720590739688405696447088900579542219109833
25550265781036895090127178281102587287302514076537534956906934077077949357920
28648288740516075454341435172710296166859352749158957575234833645850165024240
82152416492007427095180725991002128728246605052491145291870795489085325596885
98300628840560054369739778309547796303053451090536521007224007842335300016648
905016458498002168729719543537361712008752192471134111789050393812207078022
28470716712895688864989411358398072830194419606447795262800958256019916240131
29352111122728295474394048068279183070040806614573629886648467366602312396009
47232155468912958423702219197870679882616310828871109470870050764695961096253
98973426662277288754205133415674491807318058868413342283135925436976341107925
72072404230960173840014591908342482475599637422436809002412521850570707070805
11826168433457259347053379629240857333180844930116285583034973096503384351414
67199282500911620651891873045058438490527566160689544705403227370686941706001
20692176436098507694340085737505512010042611885587308982590581032009797996954
4369685638588494688739604591883852820518539421327062640425586498823349252849
71993137268415640743326247822858671719964103106788449970000323047914759865833
35990373788626524051285491472994787236862688837736391586809091529064497255428
33772590313687570284374816385016890799587919447532622597451748944186885413036
38668073125410847652847351389001847255112238593380773478492875216990486088097
67205497825701426062936213155371202680662411528508745958395257427964794844034
93474025160029630415656624050580667016852650166207031987047226933104687751662
95790580583860644782549862268815824761326289902976434686535657008613083867788
103399761146553468686002611956344592431722250797626598803659564320534181372300
65141488248434095128320847321546099570726956612524711814344778968557925783928
94411413269173755321322444006290907693189887894589125654819490570545575490249
89403415862789190349310282842791077229354151670347179617190247826407607848174
48177776731563794370607697093571711762938968663338587310485773189841423131514
42121770803917129949685724363219659765867918316802110684975361522706390252390
76514708559769375300810315453114604520647353577798937987003307947792433985873
12511109495775158569456900005529627649893806337954501081115451485562711553828
8620188147766514580484601623530413433605596736090681978608703952240132112059
112727657236611605904845462355138385788791912293862540613446503418157014919389
7553463087002410864618605492099455830229015495047473762516282672088634685291
53547481955522709699395635669843452400542595856754354439900928386817059016844
78903071397555738349761095864763687016575356696542945315295959680653431665222
38309633550099098951703751120872006993104283332488013325565041960319321558832
60892726384321596786391090747686719220328575919934438984105120558422954986447
113321587132526008713202588710853107031210811184719642619297767086334626584029
36569348586887091430504284523859193590712924119732631213480033069138153444326
60558888439110127885870756842577096333996351914253221576381540831681823139861
78575604179335132271052393159428179871692638625126932031977426600059895316769
107524212204284466109318321395092085139901076942862461565862022075782004776445
97323975538790881907354725896497320613307253164543737436087264085352802361436
97523739431348308807021019347858145297004124638922244813984345232042690157961
48729574388644758609495891337265864188786480111854842565926073523028546589675
78242965573290689972094672305133495473423665595058490515992299597381810942967
40780122962892271382424384246952956592279066542396165171263071341574303976120
93079798103154156482871518734284968687009416630857491536329536246190542453869
109509663794068156104920502565047112059158654095431224799466403848116551917700
98157696928138414431042093101775831500920315998846457184418768241355139842505
23778992553749336955181999868219921017475510127595471481770297377648496218971
22839893810387866222295317852633475723398556590695211036502083301378395948452
104582962389289876588979683777254004470542668604451517332928743240399682205870
28382019802307900941407452644315450948692549687793345266838330527494336970540
35074067797956477413991127780809917562470955544296927044617260579837113305888
108485408900150934388031936850835494767467686295223489483497884591318782248815
112808021044916857013054553059519467732278752706370146326472847902703298379736
7868184327196055119240715938655421741517891150037655668968235552024400322535
13743477365598570200542931814637012252437840414116493002294479340948226969505
66620096044197638975200589202599951634127826954366569186160631535245150411640
38453282199684308066410208377258909084833611088066748568277955435996299373070
112209044346490701808907356263749608567265939285669047078043422231351663602040
59350891118355704094012046874145766229168672640397079821381277400509628937260
92060936501744018831063760193063417716076299255800107837797851889968551579369
5969745649031222646874505702975148993330797587573004998751056697287889249468
101485095512236812861098736696501676044174841493981660913632507697430439374603
79121628647781373962830136159280889954326970643786513366920009190810842906447
14974225055694093429987343278343899370874747556210493902868278539754529637715
